-2602.01122    1             12            2020          3 
   .0117929160966492680996202622    .0008862571315122922490703172   -.0077332410580458603864129379   -.0379074114830296542687467735   -.0641346965444676291595698807   -.0739396119898360776476590289   -.0461416918870934000046318017   -.0058581761226994247934103835    .0688186117813896282891508823    .1385506708153241552893841864    .1920724615476485147516004946    .2382387113611293344077125079    .2726521678872699096201437594    .307863276623380586345050426    .3396105647845746030257317645    .3889591221670443065960338173    .4282395062078171976522068956    .4792669571962875701973337379    .5208432575475212593433782349    .6056930069655887187142874811    .6693518408425617780387588029    .7817990884758752116372503574    .8888620395726041488783434224    .9999999154500186974597288631 
-1485.29207    2             12            2020          4 
   .1445086823899894651696349527    .2925879083162411282516306709    .3678001189355303028043501235    .4634269002728870692752032265    .5877856736958139149022723861    .7829214357819873097417129548    1.0107305023179717104394154612    1.2857949211295526542466492802    1.5259847176050700923758382417    1.7220680374332032891012472719    1.8260698045738573154840852278    1.8885854551152353489640593045    1.8391238027682999748325593632    1.7403418844079602471721268935    1.5850862248258014331147677911    1.3800969125217237576714457245    1.1714254961315453599641180337    1.0369549741149563937280026009    .9364232315601065587053191498    .9009965292550171630553443943    .9263046829570698509149113009    .9401046623779523713474077863    .9641389925417160545400340015    .9999999528712221563264658109 
-1623.52733    3             12            2020          5 
   .0311802388937918279453909778    .0508719123317745442572870024    .0825800080618291778309638927    .0625890911242005393281553197    .043363661762318469871400317    .0278427465708261283165464175    .0146470771144948942744314628    .0468878956290806635204594924    .1178432887852894967896844705    .2103143530081504695088810116    .3177626828123675626698566263    .445756031713984143402131703    .5516759610076905819626701326    .6099002965351990717643170195    .655274463411712323931128403    .637292012817548319312863061    .6000872187350243127721169929    .535910350212583116786829822    .5078714012162640957821141206    .5186739295605205487979065927    .5772022328690949723648939128    .6996956435590154186070892937    .8430360085160993255346061837    .9999997967388698039348681614 
-1609.1077223                4             12            2020          6 
   .1235434379221361841325867087    .2532735343644183566292490224    .3307188155429064278253013515    .4175001404130667380366222483    .4876043344559368783286585561    .5605937299900807268657031415    .6097706737728705013747605703    .6480386524461588558992400033    .659013679012284235558664934    .6771156367596285197443800746    .6773517924841544339159871795    .7088860392575595310099022324    .7424263667645689726984165875    .7950890933338478329668009946    .8214807384744846675079560645    .844528915725780927724778964    .8198145976917110467340648844    .8089843718724660302377569417    .7804586247370344871037102971    .7932831235036575524860371867    .8169763787603693361505658098    .8849121660821452140016244579    .9300005085184718586817262458    1.0000001725801176338062248824 
-1137.449626   5             12            2020          7 
   .0627705512120850616025434431    .1318835547271963321213488183    .187051624209686099980308051    .2660793876774284507962904724    .321452037648302853281697769    .4041619861590248568950692151    .4850125116661649858417554221    .5467166947751934994262330524    .5978007152643786618116132731    .6239711929009856652763979194    .6347984855726700990624792733    .6398516324273687000183689893    .6661582040029612704800344275    .6989512166756824798498812817    .7469003291052117326908330268    .7736629208755834607835195684    .8054050738243418262814567931    .7661641272542824678901428554    .7404105472007953343860873536    .7205338867463832635696870852    .7296697638546676176057751853    .7693334104626097964886930298    .883381537988215049094402709    1.0000003288057699005300829032 
-958.4842431   6             12            2020          1 
   .1443671098363202711683680468    .3113604653893762064287397778    .4367220463073671993262629776    .5616587897771357739704505738    .6710614228980015247994012641    .7994561261869950087236859241    .8722613918993490024541437347    .9473377434596660611498789072    .9812191559437853840708589109    .9880012183999981292963208234    .9731302384098629111829997073    .9722529156932366059049301861    .9622426311537974202092545594    .909895709061761205284439798    .8532200773118791815848474849    .7199035403735997003371082335    .5700647704262713925046474246    .4432683198065606259730071926    .3638579376871552871540366796    .4018631529655868163327138998    .4944503818520832603972099664    .6768878097585076513606799427    .8282474184786105640258699001    .9999998507017710200686344491 
 646.88338     7             12            2020          2 
  -.0991965506982108583466775727   -.2274077593398674116499947796   -.2580520773311566607260801785   -.3008392331860497018798040537   -.3479398404083283141390956744   -.3714576806719010156050075054   -.3822910089296157214612624612   -.3528654577583984303322184595   -.2578891422438461782709582058   -.2015344713292834946540132164   -.0913930575863612387135375158   -.0330422154299280343235901346    .027260292264735569493221483    .0671002090052151285754164839    .1742589212911916209688367631    .2522936978223184525161243129    .4047876450311646590765711124    .5482539990438462030049373042    .6858584000102151333676249342    .8146123649057114436917516725    .9178592592686490105836387387    .9722396948890540362932187251    1.0255071014500326163890622758    1.0000000309174738729568226038 
 598.01572     8             12            2020          3 
   .1108028063208773174056360926    .3226371708088208784879434273    .6504941040680335292858187741    1.1249811292586087870733565332    1.5533014750849693382642182048    1.8523008057380163852548892862    1.9808308718038382001061778108    2.0066629686590847478056262467    1.8628824673705901911742386973    1.8023907465174995734225849448    1.70804874493934707937109078    1.6504574495132000877836455537    1.6263871792534149436740559262    1.5157792173088694056403734671    1.4608351767073949159731118774    1.358726322445169167124904342    1.296955371005966197677880441    1.244470463084147687622659819    1.2965787922765642347997139607    1.2675305592301152217202584574    1.315207399564680339841233605    1.2612925961210518011131881282    1.1626946863537299654932147938    .9999999665560631081738118857 
 793.878234    9             12            2020          4 
  -.1360628058231912678941138472   -.3121400605121011542936444835   -.4657132343043933359684477758   -.591656981995049885698214016   -.7074105019485897632003852117   -.7587007354581282045830721188   -.8056890497894668315090749799   -.8270865378077615867725125211   -.8397477994087440870686473563   -.82866423567924649764361722   -.8054611810909026635437393791   -.689291980261043408327025628   -.5459972089372083729404779222   -.2860180444246818838970712982   -.0044166168687275031147912792    .2874493722421416078274794973    .5665711449647831004773460006    .8016468681770156706425081305    .9588119026324130206597905038    1.0771726234277888011727501273    1.1481269557013701927492321196    1.1308185078670389645674553158    1.1084518535874104844144146166    .9999999571722733489125991077 
-1715.43494    10            12            2020          5 
   .0583459609374634750065193379    .1294957301032938037277006845    .2013382681828784483076927418    .2747807503559417998096739244    .3453883829601838470189956607    .4441357595293004816609366718    .5472269324303258041368797117    .6652487794145081363447103392    .7869566886634593090426384809    .8966763845908373534702516902    .9661071727966552902321087152    1.0205242759017138825445633047    1.0287507610169115478083942956    1.0027334525435281153827961555    .9583517052532461534215923106    .8901654993689238951842732083    .8249837793323715325513889789    .7746082168525726775741200654    .7460533595054324823301080716    .7564204096250948462085073305    .7998828565308340985522890189    .8529784288992038368998127087    .9281360446115199215890985641    1.0000000349765523605342910877 
 117.115422    11            12            2020          6 
  -.95124363723848427067103084   -1.8347378708160228462482080285   -2.6448139340692466616394892895   -3.5169527032912881447842112544   -4.4977876611331341144806701888   -5.2666001579194241386928529361   -6.0457554428655860540723663191   -6.3332718042889347228753528293   -6.3502097955980553953005437661   -6.2582108101868940881244487169   -6.3264904599839976668486922243   -6.3143246839002979470970099907   -6.5440894709835908715762472341   -6.9416519713347401847725912647   -6.6442282895928087079769904257   -6.4038022251245442295379339537   -5.5244568900584245856194754607   -4.2845262513761851107875442741   -2.7187683275393056262052319634   -1.4811072447828433730956457639   -.1407078565622211564929510308    .5470131849928355293805797839    .790749744299260604636680556    .9999998121511272870621599263 
 21.324925     12            12            2020          7 
   .7524162453091863160128347462    2.1433482181062770443506835311    5.8984216826084968645845178822    7.3429425894815573794515103805    9.399240560048863008896865991    7.4408374238127449451756571242    4.6774143402614546123843342943   -.5906463914878950336284887286   -4.281923617550823742639188649   -9.031755094097634575502610208   -11.783197361772667430248875436   -14.751887755759985087872524757   -17.998661191071011973078451624   -20.849128426008532269163900928   -21.072430500927904787472875051   -18.821140050902875391120953532   -12.69090043693002437288759515   -3.7514307787717893497866932709    3.5679998874556416962779470502    8.20521525867031185338283722    10.088785775330980062063524256    7.5100100000351701119699131415    3.739408696630820506988887417    1.0000007034022393982628309361 
-693.372518    13            12            2020          1 
   .1071804233233253124116465199    .1538102495143887430508170213    .174401345396270810952446777    .2126566833443491049929382981    .2599637212618801831427648247    .3231811099845177307705177897    .4723394589457899454849752208    .6292670803546326882254655498    .8290357420828726874923531365    1.0195744446854468495101214842    1.1993173631955225545873163666    1.3476980637989462397469869148    1.4884913566764698337813267644    1.5251325550805865657340633163    1.5155677110352389247708834056    1.3866746590611195813215083324    1.2101512220592509840431835517    1.0033421889963051578574390513    .91167169680065110397121335    .8255694956747622350962574493    .897963913822151226362853914    .9623320548161673751251848721    1.0172789974926580519593076806    .9999999740399287068369213906 
 947.97611     14            12            2020          2 
   .0367092162269785469593743243    .1253740455547977891552562437    .1829170568443966378013471247    .2653019388853586194276562518    .3243886599631714347738151334    .4063156190718772438263238511    .4940659316826032672911978763    .5959827405355183476089919608    .6512523822989589895888832051    .7057082904758011254102173524    .7029076924733894401621576729    .7195834291646864391972915858    .7308704224624394806742545442    .7908427143802178727900642981    .8685381322531429615879244046    .9853715617369302692659628311    1.1018600458190871497805994288    1.2370417224965721973732017361    1.2980116133939282499429231397    1.3570067709828679121460138906    1.3075487735656123232894550476    1.2398793467485166899406357403    1.1073454161202437896879067976    .9999999894512109593141540244 
-531.770599    15            12            2020          3 
   .2537460706811284239503432946    .3981752665494769108135668102    .6064609450136223119774246865    .7133523378564974029337037492    .8693940598998779923145017651    .9514380843007080201513735813    1.1273383694535545392196457255    1.2501353050547271794543120275    1.4989442844319416764144946645    1.7005332782604628354039558325    1.9489005258073698053396893422    2.0953828626392336519529918577    2.2312929715017960216337571532    2.1064797529357203142402387688    1.9669797502287259773833415713    1.6793013786006623506464297775    1.3646374985090140344521002749    1.0466637325317791779609086662    .8577725072762061446725451627    .7189092453003404951314354256    .7098498877332629666500234625    .7854578662029413927790317719    .879841421996329661693086571    1.0000000018805101332802342463 
-2067.8598163                16            12            2020          4 
   .0233185681253184280468674051    .049467521537813829996421697    .0599038189260063721467461837    .0537131671714278574909797671    .058821685610023718511580615    .0651393285648422317572359704    .0851374926928116060417494559    .1278870540040678868720662029    .1936380778057097157974305765    .2601178260538163348031591613    .3328833001995600508057515175    .4008714195545538731691441883    .4657156120588230998258119205    .5536134466060517353842638235    .6386448392633239061989697411    .7297390220097387362727679114    .783699159500902188888866799    .8016452502888166887775892606    .7768674584887526836361591133    .7701619749300024153673090552    .7706267066262348549898653012    .8264138538451466498473975883    .909583901758611682153030675    1.0000000888358091549418924699 
 112.561195    17            12            2020          5 
  -.6879166483618088809380532963   -.9741474404211860046439627795   -.3412002688848497033102749131    .1492837740395346726729402615    .5210034417278530136429344056    .0426299756323660209897380709   -.5383612887194383464034830121   -1.5388651479757300018003540208   -2.2497673376690785843202890659   -2.7126986347293132415660654633   -2.7849615491377823414188166712   -2.6041701138656177202098822778   -2.1731610081076342517507920914   -1.6098283249391586505455987741   -1.0502917990520623026434642951    .0889552567383457505048698177    1.1016594129086849157918055152    2.3141518709000912792370407937    3.6568188530692127069191118662    4.3745235647151755984822300438    4.159389921189091853546863997    3.9459922222751810692841347322    2.4877250103821303602897961416    1.0000000444202817853879394226 
-1786.23073    18            12            2020          6 
   .0948734097750070619376254937    .1885637137146330474339112954    .2918159402620959275513079993    .3590872608042075281058455421    .4627595898543297371219226533    .548200287652648322761752061    .6201740801984746953715212368    .6962717520821064364960287073    .74238001716609141530109047    .7864168813174544365833410558    .8259548865783985252565887723    .8772080637085445282872274849    .9201918724128097381909894698    .9751948450690913821642739289    1.0014428539139509709364366383    1.0088019256056578984059914813    .9881114294792140318848954077    .9586980960740721328873342135    .9410290461188068352177548754    .9177476193123158283140722811    .9271484205178801285094899246    .9412171517170125048738804309    .9697716934922511382390112614    1.0000001511562842724131165295 
-2333.22498    19            12            2020          7 
   .0393058409652377371684062803    .0697434243996479070783821284    .1109839823504718349106651515    .14835496060907079779336153    .1836216840092291485752908406    .2164773240169921376377515039    .2526342744710370793304295928    .2982756510690194993540657189    .3462747942978049206382146654    .4030666601212198576752765608    .4705649945510183934341385287    .5350452745452776697084736338    .6020953881609822298405188513    .6639222592242262038528320574    .7049525931271317007758077406    .7248700894673260355715889858    .7457017711168170332206883881    .7528253876315004993646176375    .7967800001866943838394872662    .8393584059776352985900228104    .9069575450885152103934700716    .9524117987113270148513496542    .9939165832177915393311107101    1.0000000085718266225659901858 
-1863.132289   20            12            2020          1 
   .0221850269269848932342774722    .0250896891627001371774304535    .0370447339716519721590204269    .0509035459048930690288734511    .0500904313402729074811284106    .0542229881347947590639389107    .0791321157764552058600493719    .1289263255315736734569576235    .2076661449561727819961580839    .3062787346712126033043056772    .4057936757704916787044100227    .4853468029827054325716750004    .5687336354246394577942929956    .6112217617200020518779168665    .6521056004306090365867734688    .6644428886283984099853684625    .6561493283207223724949355971    .6197439692378172294130639695    .6031681199638100416175010534    .6182250218089586230127322966    .6689025826871921063035154129    .7753759668753183204587787593    .8923676594603852093940066969    .9999998448848738727430213089 
-1053.32968    21            12            2020          2 
   .1221557717807780751037035242    .2098437974329176787271388764    .2208530761233273138187846373    .177432102739191778968954905    .1264078118448157655635413216    .0259840015141318338243350363   -.0670637990567207790062461736   -.1436440108665693346835152314   -.1531521451099716472434347431   -.1318553940301008132610485257   -.0677769186186797660538721362    .072714698402878004918649971    .2119092476346057200249023649    .3809461630284641746732134236    .5478685457719182469063247131    .6849292426659808921362588017    .7285190141039223351230357432    .7414759261316931656193339202    .7043138668607534157776699124    .6665802866202346068896492122    .6802533087266657102076531253    .7509540602710444843821357051    .8608473844580169809702884286    1.000000303798522035380223977 
-265.2253056   22            12            2020          3 
   .591585330234793402760434033    1.1471544893188351933790740064    1.6905792567027209035667522669    1.9380514948872208972204498423    2.2544960355396796647144668235    2.2556309197066299845560438106    2.349308632486688329034015071    2.3129437012514087946817696117    2.5568642421426622724193026625    2.7028337223640850053185875187    3.1282953869089631845446349445    3.362048345962957766877581081    3.49413943704774451205307613    3.3585064516558709547208454607    3.0260249797219952755518664958    2.5090053096351300801366670195    2.0448618157799193049548888898    1.631617311255536545604794658    1.388350931171478684121459638    1.2300014105441377611895567178    1.1589572846551185197314746727    1.0621184858764849322130444554    1.0130085415198028524771355754    .9999999788858759637149796916 
-359.2656      23            12            2020          4 
   .0646523352082693138446876072    .1844754966798936497120793085    .50533031829376372243821841    .8536951492155107530473276595    1.3583496443856578531314993698    1.9439295050792505600313528487    2.4969295696554304113725333013    3.000774357467010479155254497    3.4677269407368810150484766702    3.7847737161587416106635313818    3.9974353236157316481177156956    4.2105589847733821440182416574    4.2493520114366641281547690622    4.1273113818857135222520608708    3.9207037912897867204653047773    3.4839823239408393121968816385    2.9854792665927380745609933153    2.4725378661358059329921929625    2.0994701413104956333141831559    1.6596342650117350506143644145    1.4706211783148734529551395959    1.2326624090923261230688382077    1.0957149807830195821698487136    .9999994433087943849898236848 
-228.119751    24            12            2020          5 
   .1079988466233246063818472255    .2003641938045075281534916282    .497358074005612955451630315    .397327016195103597145343193    .2310791580690441837278701922   -.1855261099246070981376794506   -.713251260738049814897439547   -1.1407127127716354556252343095   -1.2507338744201943303015441219   -1.3970219527374462196392630641   -1.3866874683726969349532561957   -1.5175481232223508783331961466   -1.8725791963537607052709784871   -2.3916565646260064521988716356   -2.9053060819797230096047229159   -3.4090884133921398151973258992   -3.7310789454614125017171354005   -4.0094200348307411575247598793   -4.1152486616557809586597348162   -3.5670690347194005134610198658   -2.9710206899182526286380174069   -1.7097305178103582972962301717   -.3856376294221012015746063128    1.000000214799462936464453707 
 2452.293021   25            12            2020          6 
  -.0625228301377610942522027428   -.1255020902332861958587289068   -.117299236892457803883298659   -.1072176113329158310237673673   -.0817864742436911253600146342   -.063562550912630110200847813    .0331094935656957121846329309    .1444201394234608475036719521    .3220654682114352434883840906    .5058061941937892094992020124    .6876017611110756409072698658    .7910987730205671861266533368    .8806435370922176595795971969    .9086846396077559118087136619    .9287405626066902222774788054    .9434989946904880907378319371    .9607930128346599409092393286    .9624689952579692147645678921    .965065748560069812309758231    .9618075734840987422114430917    .9666446789598395223749242159    .9728633485353787988454255769    .9848521279137955023360970532    .9999999914365861582737832209 
 175.532935    26            12            2020          7 
   .3176133869122623626158817432    .7155591627292052058492612797    1.2179178796275468190627587922    1.8152040812170092182415795645    2.4916161744803047929438427039    3.0999111363346143559896608577    3.7907176792776808523141255514    4.4002551430020810624513285783    4.8070722454449929866437885289    5.2959628345529572555714401972    5.5413794567953871448682835503    5.7558884889607753667424292769    5.946559259662581270004970862    6.106711541056383521417220079    5.995057280845899374952056718    5.9626075300341784862196943269    5.1651554735297965592610868154    4.3868365785600292047757305488    3.2986584540388389221658032437    2.2624927908828049847169706357    1.3707501671979677204166841966    1.0580515844505192145280314489    .7026675649216484644320451886    .9999998006072193802262806122 
-160.617316    27            12            2020          1 
  -.3144088773093431594884825494   -.8268585436952513887107913072   -1.3818142746203030811447502958   -2.0854980542695658044740331734   -2.5297110555626517878059922256   -2.7155459377742310175323811288   -2.6096812625109486949713441856   -2.111629109777927057379043739   -1.4544888796423419253251623256   -.8219064001791687267392763555   -.5655459962984314841869229094   -.2883999755045091153185500871   -.5390880146446974621341574404   -.7377224507972726925657256033   -.9165481261061540836605687023   -.924907747804726110601922896   -.9343668773546184771260901907   -.7518809491250619578277599907   -.5636922111187563363342468006   -.3610937565411689484339285062    .0461484675786762617798942674    .3682267359018749883729846413    .7349606066135484420621248583    .9999999003843396312263118629 
-1856.65468278               28            12            2020          2 
   .011756009452074466385549403    .0117991946500241169633832797    .0177973105642474542607955924    .0212787657104039569302553341    .044051632626448587250739016    .0770856860607497527494534888    .1255973456791864920254646126    .1817954642457307189707827636    .255473785405147540184311408    .3156241197865426149107121689    .3937118230868225489398132527    .4472890988843096580036192572    .5031012544569561597796214188    .549249146574250076769033209    .6009141120035626488335977675    .6460097352104770156370025128    .6971872648185818828756795882    .7411792902380326174268816232    .7600266291236914185012249325    .785790170639326062303989424    .7937954287725969096268244083    .8359836723520204580322837021    .8977248249008399272048074133    1.0000001708556808878542816221 
 582.79973     29            12            2020          3 
  -.326988998433475595467417255   -.6725444090373892245969297206   -.7594004890839602825485179961   -.735720484976889059300010314   -.4065053358895687889217107221   -.0472962470315488993105744919    .3992476111819749813542295224    .6699689102464066000854187081    .9240484720197107846978583878    .9756964026047163748686019467    1.069333028002603913354592666    1.0948498551981141103136749909    1.2558487286876402636631283271    1.4151595437424104503274220803    1.6412370335175000853209043182    1.8540828768057253561184731503    2.0524614862124249783025808883    2.1671835709326769935188542383    2.2734447732156636380047739555    2.1811900976687137449428811506    2.0644347244292649209017306854    1.772056414645216119094633074    1.4282642169377806678119085608    .9999997769388122400125339797 
-1161.14665    30            12            2020          4 
   .1814133468843061296348742857    .379841512697814698944358148    .5156147158500607998137013959    .6474891005369562922995127274    .7576397864989749572114771205    .8580584545457716301381914162    .9456281857248608519862671954    1.0261434246914461665974750046    1.0842420292044936787269721701    1.1670506907977558217990811066    1.2215554340186056601894342976    1.3149846317861744681431927655    1.3959003369643274602738594647    1.488273681881612456101044601    1.5390381568081861149924516425    1.5883876511205539799817706058    1.5736194906991291754577253442    1.4928088540754089933429166764    1.3992754489710666607012990134    1.2600088025056955553374761061    1.141508697458671564009593448    1.0417030441417541875524508468    1.0170593008213045268657494727    1.0000003014261807498647995927 
-257.65794     31            12            2020          5 
   .2083494108506805573311654979    .4706441416088322370348843121    .7935920779309187987763932289    1.0759474363569001599562582857    1.4225802628089008240925934594    1.6932651095479533834664672084    1.9622756434364103042972399764    2.1790335667513293011657238275    2.4520866696364955801478502855    2.6983911305042646851868799386    3.0093413771762671082443646022    3.3637705866933501059583104639    3.5366408657928414703618293308    3.6441256186399689448731911774    3.4631488554166038896375559007    3.1072847978214837858286067179    2.3747193663040230780390466523    1.6733410194927429754347954501    .6986382798837870084655648493    .0686227639637264817067155004   -.3339392529490843557935765535   -.237867189344135872544816589    .1971766521148154797791211092    .9999998447554148729125133889 
