-2337.33991    1             6             2019          7 
   .0245884561993381613032055744    .0527874441676734985456180398    .0825830249054361973393933961    .1183159106712895686618383203    .1575919695822076644385026566    .2033696930285163359059744117    .2547048452186828059595320049    .3120309531701788294882621501    .3629905502276731329162988536    .4082161075151452832549288905    .4577729560952048262419820658    .5093401241756061060027850207    .5705567231768185569552012655    .6414283149770886340617869311    .7092532810086659582174335953    .7593071903692432993196954396    .7967142442709584332558630721    .8183623579165257140541445681    .8332168512024423525117491362    .8543139110648224031737001402    .8839056703566919370319569822    .9174463632035444943050666516    .9558622562518089206802616912    1.0000000385053109369958946194 
-1770.46787    2             6             2019          1 
   .0548453612998918754735718531    .103882314452845732806210146    .1469406502135506136013640281    .1720059455244449028041384338    .1862788393894999065981355539    .2198524506406320720183416828    .2421352611160348253029861536    .2842441303382704143622781474    .3232772024267235078375073816    .3811542764681744831664186032    .4215383473748100269111350775    .5000786599985008482531795395    .5730699874265439225395262327    .6581350725105223174708050477    .7222887360277258236829793471    .7768579273906845877976876248    .7958658973009208012343087593    .8167027623042941750758798012    .8403812490536752864088971013    .8839284951271101011282401866    .9020412214540781245581146864    .9588510634762324153332418283    .9684903234081282706361680543    1.0000000734269185014919248436 
-176.087698    3             6             2019          2 
   .1764435014648212392440952917    .6769649518616570250126161568    .9264065681635522317975898578    1.5694656874894235939185257564    2.054820433849955832803266018    2.340445157048960910375465298    2.8633959426285418303327470384    3.1578622829176857090834363682    3.4865081829850487340688615283    3.438965963425792527539317369    3.5632347240975346273196211583    3.143375751325910342697534725    2.9432896555896823638412264325    2.5718241827433055544856972348    2.0080181864834191880911521712    1.3033687339134844047992495194    .4699188582725409926138054232   -.2537034699607464912171206872   -.7608833639247189204551927302   -.6673822267811122160277204601   -.2788374801742254589528451897    .4528177771964512819061329316    .8175727301517678991975918727    .9999994434591336414654020862 
-1611.25477    4             6             2019          3 
  -.0186609719082476323716329479   -.0600488524853211140532418719   -.0899492759919028820004672508   -.0691901753066648795708452736   -.0366337224249148382660800439    .0566798880601607156142042019    .1620848576293120919666850699    .2767181877761019754808856206    .368348513872824717843969517    .4628552317644961882719515549    .5003295661306250159309070657    .5298336525638338374011454439    .5376996959953142605746948386    .5155855644107728537554616518    .4968984513851896928751993702    .5266975253081795376158917438    .5484557851766670022022650087    .6072816777448547134479546025    .690049159637243463366131726    .7648653850067422919095531987    .8170551451649077197146171986    .9023923634373476517310791266    .9591245461448657185356230163    1.0000001427458923829904317366 
-242.363857    5             6             2019          4 
   .1385680621512802546297156841    .1641784401871439106533116446    .1031378205868377478412550597   -.1195049062121502712345430284    .0171520293968584597991440613   -.0634763788232665401095675747    .0012410315784007348917540952   -.1559900492918793580678161926   -.1496152538948907716054378521   -.4267707292676069270510082698   -.405229934923836436552501308   -.4606293256011353210969901341   -.4019258944208005404040091671   -.3903818876756033800864953226   -.4023441085937165952925068361   -.5030580941777964855543621754   -.6655579837549787796948618457   -.8310339771494889190511603386   -.9314020778271407027492552241   -.7997640506274002728055280949   -.5436656341048409705742552199   -.0577724755387103779256987151    .4495274227295367724734633184    .9999997648164181509951791203 
-1592.0385409                6             6             2019          5 
   .0580466160999833870290696302    .0911106711763399873104165    .1016629910909715213415157844    .105326156177856384959078474    .105579918878708848976207596    .1795597233710160364372118575    .2781026894924965694968371101    .4327787816056884505791426346    .5993836050354376191597133966    .7651718025063296380653594766    .8548442547318233707717647126    .9237157029933809688463679579    .9166562005308046245678674575    .8815722508869571550709686717    .8577612695406323878399519467    .8296922254490629335492364147    .8478130179166192068912117629    .8818888261375255755279812397    .9185958520660333594314682712    .9424551990756394131211952496    .9588172401511489061464341086    .9547922119653504174787028863    .9639113379331129734209815825    1.0000002883724157459560155049 
-1979.169115   7             6             2019          6 
   .0329877722450211133170396103    .0793983691484595544529806388    .1258575622023083156287026033    .1695738870702820157942895143    .2140012173744940436785261779    .2632528953949445598538455366    .3002508959422600933220403452    .3300739664179733322081473568    .3380139144905765164994503262    .3395201526272806657050122773    .3328123882935592393780861925    .3527726330753701156053054112    .374632260770702255021799893    .3737497187045585035819437795    .4218290360700176952791626399    .433661526695761923305881822    .5033989225321960422770643326    .5781026953828551432301428168    .7137313276030987377245930801    .7907186849972646223311745646    .9027363990570356086018450222    .9425217814193710273212302022    .9792998411861333032169916415    .9999999418948087212850428903 
-2052.75698    8             6             2019          7 
   .0342129685512018086037637051    .0722381175388817822945607521    .1127070092827062266279567102    .1528391831360378567559419528    .1944568713633115986286891106    .2332146984101352318870205474    .2760600039464973588836609388    .3196491383992273649460444168    .3705417189715267707919327109    .4226298624009550317057014708    .4768760791158045410713936532    .5232333931705836898433052704    .5651545756770487269272371443    .5958104207737245156024265473    .6189588014456538347759022113    .6724687887798583931742373128    .7199400681126900857012309367    .7860721048431168895599127375    .85318087677383028555089848    .9051329592848345837801024065    .9271964575173433340365502009    .9593882856995570902893726855    .9754008971875472565680911727    1.0000000097429945165744851103 
-2046.76023    9             6             2019          1 
   .0430324220243423432162349568    .0846655594827538739112592587    .1244491642286795850044438278    .1649414010746143919358839604    .1956039081333918629052119114    .2291545893482599082941923295    .2644730887701487144881645468    .3037181350743755657202700289    .3508546284388181609332911457    .4095740124870415329498560757    .4681543963749969873119920842    .5331479398541958185302437697    .5965750077135317408429418232    .6514817810389055683381145236    .6973098163041794104041194899    .7355267988571382393921148253    .771507564420479285939613943    .8121390945728899569247542004    .849757570284624887400709364    .8938492028448295577836198234    .9300058561329384438938409508    .9559634642695788553601122101    .9776616580047580854157988012    .999999887627286953880279372 
-1439.76039    10            6             2019          2 
   .0310112226382335744074748438    .0687277971301877529774242504    .1032284962360993970670355781    .1368865968037917753800686238    .167788058122643587937573418    .2068528222255093432595405684    .2657258128902962804803929909    .3432279450332704318945737909    .4260795784220734118126419633    .5237227008307958798616483678    .6146660973219300747675104467    .6985787405916897047014885581    .7747587777435660665730635915    .8347764033152766482206112088    .8776251998431489006306111811    .9156426368973798480454098338    .9554457877536136412253986234    .9822280219835746418888492967    1.0041024951380972496402682671    1.0122781610904019939039995398    .9981959567591660165063993739    .9868628209725925297889324487    .9909211351480505724983863461    .9999997291215936285064766923 
-3535.56859    11            6             2019          3 
   .0134730408383902969338235919    .0205076349544105436234798092    .0244123449461915261556274885    .0190280285299174467436933532    .0227596093673860814562785784    .0310028775315033557304003541    .0749847706956803799413774066    .1341386223820932858779583173    .2142088551589943839839350988    .3022393634286698988917083914    .3827036488068811585408953981    .4431606855065990955644280118    .4946081388283857335659835127    .5502908373784370564283127088    .5985583212798029750569766206    .6699185547408655986504281055    .7394445712054478909147679695    .8006302035848779842226169342    .8453290959913183299323292155    .8783155865744355422051082313    .8988019661075221849959923985    .9221215532973156094250741152    .9583836131998219839372427505    .9999998331244367118896709058 
-2494.87448    12            6             2019          4 
   .076999985987270990883677643    .1505562716726334063908497713    .2270313815547145281633567393    .2935176121565843264387393149    .3326379369594577760080338791    .384654982722818183622608541    .4145847850429733843764356434    .4642722546907450029309690963    .5135428696998014906144697107    .5726404319947991932644242688    .6143387221628881305483552824    .6707996788680126304390271369    .7194646521856281924050944639    .770904514603075341890546734    .8431778900556151426103007795    .9059213271522982591092117789    .964743925714451173511542753    .9921545231405790001908232273    1.0083116486084702746247979578    .997143952508584720462570125    .9878204373632456250865173786    .981211688052538819508065993    .9883150514249518476777236504    1.0000002084273193575654355164 
-2959.7978     13            6             2019          5 
   .0257776358912085143113492415    .0751028668242134648522274055    .1194463689377700057753945219    .1796136884756114083198521196    .2329508117074754228143557644    .2909131495401476411665688785    .3287064744760604930512482981    .4004898577869069299260915729    .4650848108610662525663070633    .5498061387842101916556597211    .6332415680557638092710252031    .7122425727865599467639309685    .7625679700147084371777018011    .7841049141938006711134118689    .7903979116411262958571021304    .7691812596117207736285228673    .74555194277122579116722095    .7219114765204569041844682769    .7406843805343729899387045966    .7615587794544613824633561117    .825858442086820930808178856    .8953743394227808399614325006    .9633620918293810475837234557    1.0000000675721834782092209137 
-2371.011382   14            6             2019          6 
   .04973497845486091386464715    .0739252461336349670884878106    .1030681682320156824957831434    .1478516731979146610440016859    .2102803064485668504479579086    .2681477637883393340875999219    .3333692980137705640081992656    .3976952228734598288824241503    .4520944134379528676594096586    .5036399272755578867988749284    .5701798862136377546921451261    .6271205660538663749021176145    .6718411442868391932502329928    .7082070599693139726985924693    .7153436769119651573228930202    .7072614719316433884584363417    .6979629083872529465571329763    .7020615812463442657568819718    .7123158550910743793299934483    .7542975177501699567969429512    .8065747868265610881829161966    .8658520222995707238658882153    .9307779021028756917203192068    1.0000002606482637290013650386 
-1811.61353    15            6             2019          7 
   .0884126207646506150790339924    .1602459880060621980450764242    .2239641034255247585835815655    .2928324342996047286089765514    .3595352922761622342266344191    .4561140035203866025443075599    .5687995717276410493578064633    .6893815812912370995595291232    .7752481292188185412812632284    .8535197901729073529275308515    .8778389947220144685053218829    .9086446820696906585810274888    .9306455113525234049229031757    .9835116433470222536922651488    1.0086803668329856202829308743    1.0482622085517323333304979236    1.0300916664052514555905309451    1.0125454295983316044233783129    .9573769301667778999199680298    .9338294133848735386735602488    .9067287105103481977196317362    .9239774224914295048348418992    .9484936889381699417976857349    1.0000002594372321783222716381 
-3451.63529    16            6             2019          1 
   .0291705210836455435591516391    .0667776809061423172550770855    .1042914067552021117503408073    .1431075587363113325915728484    .1848531048018112017854586253    .228322935010900297058905085    .2759136814828428759053509387    .3280204612811222010654549774    .3810524257329632297275532839    .4370027170512560149424129917    .493731190238236323050225854    .5488447767029291208805551412    .6023365232194042146324213761    .6511174591681730082206918217    .6795239945527385078972234057    .7004505971428980261700824133    .7173677958310595439531503921    .729067467611851888326243182    .7608761585005117965403581211    .8040956725761139149785434022    .854966922070147219986269175    .9063127292339162519108442654    .9595286644551603248905245722    .999999915981853343491571498 
-569.86156     17            6             2019          2 
   .1426108825448763380355046233    .3245965563987155055694579575    .4402220076047943995380211292    .6001713819756503667311759017    .7934156850305888328386283855    1.0161092459017590166987224055    .8577411327761781300005566264    .6703649216135933085221610666    .1869868183423356367465810468   -.376240327563066370014499662   -.7651868990777338973346438739   -.8893302085510031594340211331   -.91220909864494106252753739   -.7370293584989308631380576012   -.558968216771806822695673665   -.4674043990614141441651196828   -.3307943774975802895004885046   -.1711978081132547350623193465    .052693745477410338047718116    .2950432382208759615230056928    .4919515890841979234395104664    .707533247197793092062570425    .8466454554330704460922052718    1.0000000701924867506416821658 
-2262.17181    18            6             2019          3 
   .0265287100363963955505218677    .065047358184522686630066352    .1043395992101943839535335736    .155279629269184465701568441    .2176021281071485016869695675    .2926956286313195636541859303    .3711049692551866783274962656    .4483594020208394339420222905    .5233638730561318417277952023    .5769915415929438180029305555    .6210805889230844937458574378    .6532969748217311575463403905    .6779984584813653035487167529    .6933615709763441884637400729    .7076394431773950891908603529    .7248733242768152079483299723    .7486310246258439583331205953    .7703291997083103957519477709    .808341343445527243131899871    .8374085432529547788856939208    .8712172043201263302808109876    .9039154280682155613989372452    .9578176115632879361183446097    1.0000000839900838477869636259 
-2592.79611    19            6             2019          4 
   .0536342211651960554661585018    .0950608491926501694728321696    .1423654943697057613990326451    .1751317036648901791201777142    .2121917716082966508307512078    .244042174222484466778994049    .2828027615329922721922010289    .3179540407440676081545031321    .3765729963240341331737033499    .4412591470603525396372181382    .5156815049371545069157019061    .593986158055443858252317418    .6695054012557894496378274804    .7161338266586646491073299242    .7501796969295823264714787003    .7659449165094589716890619679    .7728185769300618088323188668    .782298689888114650094873831    .7936412709289354803914759036    .8141619743482259389844579796    .8501732903324974519496637165    .8940618165305717000632186231    .9452659970243475874391064248    .9999999575747589346699536664 
-3050.67656    20            6             2019          5 
   .0531242486092986534108355295    .0982308330975604965476903917    .156617979849033881192570608    .2088057476666749620943099914    .263733923992256983152615825    .3136153509502167610977415449    .371029172623924445140129834    .4202061328979431369151766125    .4760406327703255437869165652    .5367038975773950942868882829    .594032820050907002740401952    .6276158623646421566237752848    .6640789215622386399428722132    .6833182603927044956873435314    .7031023964074382241295353841    .7363471531049492837746129337    .7856562152232880433578314182    .8287053544607822993860745434    .87716870253856082337355357    .9136360230859740830735592632    .9393031164208374813749511354    .9588273100967478505817083408    .9788963009569260924861860806    1.0000001442303014908928922967 
-1639.04084    21            6             2019          6 
   .0390150559030609633863668705    .0664730233323533292800684576    .0839428137739386652500983441    .1068117375281509153853664806    .1345914602103508293301587287    .1998365092598912910553223311    .2873395149812130367660637425    .413141383347104395519516158    .5207045969641610638573227986    .6280886814266324199706945679    .6916099784310438536723709703    .7516804767354058120967870453    .7800800131374395771614818335    .8207135338982767506879206256    .8480386614405532445427046223    .8802947216373205197254267319    .8871621527136566041880933241    .9057638856637641805191382541    .9146062522761787924698691462    .9283240312669695283492752993    .9447659644649244981595455547    .9655037027631355421259667941    .9831652516968399640365276072    1.000000097618067893903119583 
-1940.895736   22            6             2019          7 
   .0122743533092083623393564918    .0335081059707166052530294188    .0572340893637781684528364588    .0978713572690336416917142426    .1505703756154781927966479906    .2207397296275991200384604276    .2951185318076251366446404517    .3769324062238034614343652718    .451769192819742482035109175    .5202644229004581624780281345    .5812130858326539185101285626    .6356585658447754969976398567    .6889726095003384560993234105    .7325179676730455756949532502    .7531599832418818812841165415    .7634809910263000340786981872    .7666908491781034032834827146    .7372240422089319279126903085    .7504431963984694951176913709    .7614164803337998574489114133    .8030513803962522590651927734    .8560202226133387723615463701    .9446669215620349016007112295    1.0000001360196712802711829957 
-3739.76186    23            6             2019          1 
   .0383156482589509054996352094    .0644229523213544939463070518    .0947431716948950327013602946    .1219168805577369036005945042    .1737680163410191043554842821    .2293606737836510263784550175    .3015427297822647990746662142    .3643437873875744590860124981    .4307672681596897188528469564    .4673351045940663184366504021    .504387196461755455198957508    .5344257401459246926487452867    .5733835683323429583294375862    .6250248244416290185921089639    .6763358456198598699009139582    .7512499739756156559123794048    .8053400491121111118021830406    .8640750724165094298277056604    .9065863354197638669966006873    .9442422090480381550284060066    .9567414006409488330361227867    .9800498366492245043645640046    .9903229506704472353755701439    1.0000000374355387431006101549 
-2054.43512    24            6             2019          2 
   .0282731488741294492668135463    .0559778203168567328619265426    .0838079033617766425254646153    .1150663253848581015301179236    .1474802475144603252304214893    .2067396511406989576774758407    .2629180618758113909189792277    .3254463445893584607334788942    .3835036659614736336867138447    .4213870720823736697024532953    .4382333086284077931845323984    .4615421001954055380439563358    .4861170305538779925062807532    .5184651438396360747571332406    .5726021661857104545603757007    .6406500683263241722620084493    .7153747449566574777012184254    .801059611948222536226892383    .880940450433888610704824789    .9341794157023561785684426968    .9718267471985194645621128206    .9788023872956377420183510103    .985826215821310531334764176    .9999999415897835702886543334 
-2791.93528    25            6             2019          3 
   .0326249038265672118302111931    .0687583273778466669900743544    .1247349472943369948031173559    .1730876082485694295893563836    .2222885696691364564869139803    .2763954829210797465190525477    .3341487557691523565689531313    .397523899622773490651975285    .4620268274986660865577084581    .5338178899333225231496053877    .5866249879545918413982719542    .6406968001063405739118709084    .6765439777672783303200352123    .7059766084549065908146696008    .7235096080020880713252063637    .7525020422393172380414205017    .7713538402652370938913741582    .8038162689788425181546471951    .8510670061091100936981605104    .9020373853365254226093665037    .9643103188265882724903279277    1.0275016117135781170400196383    1.0485200072402824466618724772    1.0000002578856340824634015155 
-1154.03149    26            6             2019          4 
  -.2557653777714505866733324582   -.6888135262236215062034399079   -1.1316623604439078174547905967   -1.5031071639128322226285177019   -1.6965342947444181094226466905   -1.7577042026816789895395315426   -1.6337769084620039267732633535   -1.4786138981354832873754597459   -1.2731810290549350607408468551   -1.0896843031553671035441155943   -.8698419485936211324701373617   -.6727953324739864767468346986   -.43647916401310678272739334   -.2301871329351679996184506196   -.028910805544829630255583407    .1443435481990183820720524706    .2993827317485071399568134835    .4206104462539406095409060285    .5144050271973081081175696514    .6384985213878349194786703784    .715408467753336609558201917    .8254309420967360258080999159    .8918023545440688104620091433    1.000000441929015299227233392 
-3109.989197   27            6             2019          5 
   .0195834120770420155256893003    .063475686729210204391587795    .0997475490587692867796157814    .1359432696447401839640538147    .1792641275210191670643285517    .2181087640607646779552462863    .262296795367292717962454067    .3163866295578003578512108896    .3913193657309028909787560268    .4447536349432534700859284046    .5241478014047262299863223608    .5839907745505908263770731034    .6388745664829394582620474614    .6973683388006958404878343376    .7634341631444580223729954005    .8114819184691849590370136582    .8633531597441108410383973433    .9100118427195938584477340228    .9420900891958950428469928862    .9649814870401943714533102283    .9865699864680269498698197568    .9920314202300426833283305453    .9906645344530436322284112423    .9999999366557285182749784323 
-3994.96777    28            6             2019          6 
   .0072996608931340640077304053    .0316556496274311619790614731    .0631598587339792230664228863    .1028701415531069478440373    .1373089175134947334005650814    .1851560619724348865022257739    .2242844627504967330437311638    .2751619195165622074593107418    .327235430988220463165338628    .3731877416372748358868487192    .4361922549377663690137855605    .5000490905086826269940095161    .5760489527053180706887154687    .6549519672345191410643095126    .7306829912172232618537495736    .7792348222123454077327887929    .8158684093714227887250264349    .8306747866454001454935392382    .8422801368432566853974894521    .8557458274563251357594807329    .8797808148524812754622047927    .9157367995486982364315795219    .9555964452749514922870078624    1.0000000575724294266333968447 
-2563.29997    29            6             2019          7 
   .0770424071748418894570501633    .138489565854440360329735423    .1945368102977038617918760402    .248709517989031927464970087    .2960369090161538916570892013    .3510534898496487713063094992    .4183334032497179797493619133    .4727659712803726206106107823    .5328373643292322123344775758    .5709097714381044525194606857    .6045975961213778658921452724    .6346475321029243409229236639    .6781695550053004526036802474    .7209889679825494633778659936    .7839316597815120327099289905    .8351425994047821098363294562    .8856805783834968015858089368    .9197932460475938756399236411    .9419833918228462351989182132    .9557874726616565286348440912    .9704400690957757862416703418    .9809253811211178690100792222    .9900932507715825393623361217    1.0000000117036633835719195986 
-3207.50704    30            6             2019          1 
   .0089509109853738621880000613    .025341263163681162177589484    .0556364484238201391445737871    .1007656400966153452308556741    .152279946359837140061273256    .2089607260846417347224279202    .2628239282056260116579510298    .3116344835832379030413601212    .3584160488701530644185273557    .4124246598691798974196483759    .4647637499807327001221484459    .5212225504577536328649803992    .5761446434736430071872889794    .6260357264874467742399717383    .6692178608593170850842466117    .7078453676597386361465320432    .7411902671926793339165983561    .7715075817885032607753839879    .805545542933555026585382023    .8411445294910404935541466497    .8819291632794046805895708962    .9236890092687060789740308723    .9699713706629931512169027071    .999999987529255742490903465 
