-1813.02302    1             2             2020          7 
  -.0027786161259000451080869343   -.0093599363123365085568521904   -.0592666495762420049139806289   -.1065507155005676651584931337   -.1866836197148781927766146069   -.1884599898792239273387714625   -.2159139711309346750600000655   -.1409164126333045677489522444   -.0283572350890503309770440753    .1347252060814980716571375911    .3011372133598171301763173421    .4967800133061741267907342953    .6043122386829925634369496312    .6826333622614455275918118238    .7031626106986771739941834826    .6769180459716391245821026586    .6300035837382803887399068987    .6452780726413501357528267898    .652342516864457683499242056    .7253702713603713647276249145    .80638854767547297882626995    .8904156109391264099889917559    .9302639742544471387903282111    .9999999889687004636047037064 
-427.90335     2             2             2020          1 
   .0457881902537103296807561801    .2029728909577361336385891814    .2984206597120588095419210904    .4064808092762068817643049534    .4236863301023467098352934138    .544350026705796998317493892    .5864941230303525317107239287    .7487401068488947328876953172    .9206653792264070846839595904    1.1768421537246670305338810738    1.5362331236715019875399433073    1.8052083490348930430201119014    1.8120774235583806483403319932    1.6421974728639072351268107623    1.0197230285764297007723823616    .1571600222339927929986993558   -.5693171133154250837250982027   -1.1893653087782556504874289954   -1.5960148477454079291503560325   -1.5509518679860767624277772072   -1.1968564864004920737358097337   -.7708343484574261921529709922    .1271603739489302899825392814    1.0000001168488164441806777161 
-194.312293    3             2             2020          2 
   2.0043106588217761395054918116    3.595540916188972151134050999    4.579778696760065509596966158    4.811661092383897708417243576    4.6606428549530831793539691284    4.2769244661221716939957061801    4.2428442754262593154618375071    4.4574369774947794991025091758    4.9923022626262765578089287434    5.7329877734498249166356139907    6.2965496475305347768192926425    5.8579721459002081767415507777    5.4306394294878708471625107116    4.013581374390965578281761103    2.7054170988553976870624443714    1.4705178740286905059578500265    .8054523858662920518363704349    .1115878448307951365691515976    .0391822971282624923786988608   -.1893703143115088451969428409   -.0101158653920058470001174861    .1427162408093244002838255838    .6026721119491909860793007059    1.0000005506599626200695392957 
-225.69004     4             2             2020          3 
   .4049443652896689636813392385    .4512436614393794249848154575    .5038941904569647823182626934    .3869899176764734500467986979    .257483670967491520671448328   -.3125503899064398233967258812   -.838523490004255393813568379   -1.8241234748330054795506261597   -2.9349217183000189108921244376   -4.0113706391296665107596241287   -4.6887713786572061398899127316   -5.2891124482055123035114885885   -5.3077973666892876619632838029   -5.1822623630178806295572458581   -4.9158926109455251104568017268   -4.6087501247285879341418876969   -4.4084971583150058372092982039   -4.3091303453178527506131861202   -4.3399659993857061658547271293   -3.849754734413623215273478617   -3.3306121971532283834944599239   -2.105363621717644252267401787   -.6261397268572419057571171506    1.0000007089369118814458980999 
-2088.361042   5             2             2020          4 
   .1222484976809867151314154806    .2559555025447558602752368333    .3108808232594869484258459941    .3511949252307494443290807184    .3897861450338240891203140917    .4261115209981972073198634204    .4611000591534689239812011395    .5122715749262669878899225319    .5643004137212783727077398717    .6120421585608184315095071573    .6372475703365471993898648872    .6537111986596808005385114822    .6398625396307311501743672156    .6136290489180653849795384183    .5793744355819102662613258996    .5540330319952406007389980798    .5234750974635352348236344853    .5061375781017849498841589672    .5032357810091728382280366251    .5637028159041859774359839835    .6208035746340071785346012981    .7537968619125389717933648372    .8774455006329312668723878637    .9999999798885350016982360467 
-764.348086465               6             2             2020          5 
   .1967960706170850896368378337    .4381824275232700343305097699    .5082813797530058293556743326    .6440794563597599599310197247    .7789877551126237710924678713    .9060491054578073032057276637    1.0463815036143527424484529615    1.1844889992296161978722197886    1.3256420967652902907957828193    1.4028621500959303772043361597    1.473307803003920744563985019    1.4035791009324719079186659503    1.2870598061542306133782648928    1.0846257283565030557481190305    .8767577388717470425177955181    .64531763568768496844934402    .5032584064925425102470495788    .3745801226822464273859062313    .2929868000791476279868598415    .2929928182796003488651188142    .3583960041908783664452605951    .5019002556468969572643018496    .7297565204613637483295351079    .9999998868774560555411437691 
-657.557415    7             2             2020          6 
   .2914201796355684012779325133    .5500794177798147101724949752    .7583158346712583265447626349    .9058656877894077127850501085    .9956579989292646026963288065    1.0825188550265226649447790046    1.1524846085113343296417697609    1.160140365841665704583378472    1.1984605177024731749089925478    1.2649949358414580421087639929    1.2509070405661838670011804216    1.292816384710679598982242486    1.3150460785238046475378883835    1.2983848718366288972651916639    1.2172118840755525507989290943    1.2720618472532927029649570601    1.0859325493272705319580344174    1.0229844339904523774551306672    .8988690364019391371322304988    .8726553558824973481593238516    .8259541868294497142884473442    .9335802258423319581910577345    .9763647787319073878894666559    1.000000281344253413977545976 
-1067.578542   8             2             2020          7 
  -.0019249899835472714100317689   -.0430751726368063325124419745   -.0717750750745231820142746931   -.1028563198678453767573009162   -.0993061361100305817124600843   -.0963220933678151803841707414   -.0952315881223472548963989949   -.0846759994170058918250531866   -.2028720993157616313348493661   -.3128089286755259642526610468   -.5596989603037562738873408342   -.7056626471609992325979140933   -.7718307062039094450064358824   -.6283308193356325440269105746   -.3866043422217828728146167629   -.0582108740061206662956700754    .2769359708618047514109739384    .4638983273981915608790870583    .672690365857878023929034722    .7128256798552251156055926047    .8157838189295490729336895945    .8429291753224466739047664373    .9378448147939638899186491892    .9999994923090164545476598761 
-2223.489464   9             2             2020          1 
   .0626295299594007880578830573    .1237134263299571902086602377    .1775862248924962749452452544    .2313637677754249075227459679    .259137139765641812818592245    .2870957611157810280498815082    .3125750813092227002340317813    .3514390837698163250662473119    .3760571900780547166109710876    .4157053203828448633476412101    .443549077235474590942338731    .475113112566563526563218291    .4840675062447698650304915499    .5072607800762666442749557369    .5039848482052442952344927325    .5085785286185642119147905259    .502431434053334466351219913    .4967624168602761591498146177    .4840684057318294538138634508    .477890728606573689615648208    .5390783358351006784892055598    .6342566595584282022035252603    .8001486082148577250915185807    .999999791319002175402257719 
-789.615175    10            2             2020          2 
   .5689175109888180657115663969    .9705952016436360914669604722    1.2935339040311630282434731577    1.4627986347906750905591448391    1.4556381847651294188969962488    1.4691890894827344218656891947    1.3503045961597685860077347171    1.2313384174765891498982399876    1.0585119517238254697929279285    .9896998243479806476616916589    .9431146000961797625026646683    1.0235754397703919507372689488    1.1884397991717927660141536667    1.2011167338570969079969872666    1.2419107826796768438499171448    1.0530771524242805997237831707    .8471762209990455160642017803    .5394560711171742615002301596    .4872847080224870298370342237    .4175526388534769484388392105    .5568640445644930772765353705    .7483845532730548143277514898    .9041796847432675036925423831    .9999999050170230074415679765 
-747.60341     11            2             2020          3 
   .1004621019585772087369157399    .1962080403030799444855394654    .2757282768413268740975913954    .4234124614279113574401700495    .5648316933171827025240561704    .6323592076713507767440493617    .7433429176038670021582699843    .7801129478529264600331344128    .868535364224729793567956037    1.0087150351548021965282368094    1.1056083866712164943174884662    1.2076659735942081912119689235    1.2547716977374407642148127709    1.2012492024347507992238826198    1.0643299500198908937560892078    .972850297726705125649440256    .7919962537356537739708811655    .7033745338320487328970315959    .6293660431538160051998692729    .5955110611386858173908008258    .6230966763514361177138022953    .707334922402239979081957371    .8297117050335551572724902365    .9999998528631644416924208519 
-156.946545    12            2             2020          4 
   .7299861236193507795918667722    1.5627932427566341138634176369    2.269579110518170374505536264    2.9400303141429459310493263805    3.2961439195746551795708532482    3.6345572309349020712752867545    3.5632635302675825071523555998    3.4553478064776768421375570899    3.2819811356790300799549298776    3.7618113861633589958925186916    4.2677033763310941314445628606    4.9929573154987260152811901657    5.6716208693858154061307944052    5.4501295329565872252874378343    4.6891398596891699654809221828    3.4418209078766276760026797659    2.1459860744306285939585353727    .789522955092767413261629939    .2480801982611340695648954872   -.1503136625275822414567966437   -.1007286270621631078275727573    .030283744060756482406159371    .5382766469946821702892535799    .9999997132781737884067470233 
 1413.70717    13            2             2020          5 
  -.0687271749495335727836762687   -.1366878545293082159298944491   -.2018944276840585027237288469   -.2325562230826062797715031749   -.2769810525895543134297041162   -.2929804055531528498932349618   -.3080048748709395029806632444   -.324977626024206979158208556   -.3042782190883278890068867657   -.2958820672883762766797030534   -.2631371672253738374970539337   -.2473955762705794298263338369   -.1949025978272431057982113792   -.1718980459015426794503701923   -.0781200678214003823719731152    .0110128323109516378841029716    .1342469671424245517549437059    .237125839858335018559748834    .3527696616266012147338829724    .4659728082160041672562218101    .5780849933724252102364310708    .7306675823112646447142232433    .8690562133882365468939370237    .999999879748788428370211916 
-166.014711    14            2             2020          6 
  -.6332559287471819289556815239   -1.1371781383879890017698491792   -1.1780925848191850901695091346   -.9825870190503780113799674054   -.6835635186570905755454406688   -.0575414006533433052207042061    .6950787632308079011142572781    1.5515028665140404334408653701    2.2489193743800210572905192721    2.5241919675419607844271101975    2.4296611882786700752079735874    1.8666056648437619483010755595    1.3927928350879700052605579032    .742348670534384148643309086    .644009795011479434494211781    .3940519463964853090639660241    .4754523832529516013794705217    .3583287868988911470622624522    .3181197598807975517302198599    .2191615416539802909393975333    .2783289488122531502644967409    .4475051009184360776316985547    .6803282631983137928059881392    .9999999337408116802371809086 
 2227.892961   15            2             2020          7 
  -.0239673453503945066775584646   -.033417664718767429150291211   -.0407365576303376093839186918    .0002826401945797969600030529    .0739333993523937526368440283    .1868902174784509317366616519    .3183023656943094942522240861    .4680862223883115899839678159    .5819444752040760184438681388    .6807104410075830389052519656    .7480453635671772293911385988    .7840098382536251480171537738    .80633227513482861621196172    .8154314555509742911746647419    .8333663387340806809973129584    .8528820878122968314365081384    .8951776566073543961432714451    .9248653485915834355921734069    .9734875229492679383711199759    .9839655846913015135649508433    1.0013317690983987987024301209    .995614708080223608193356108    1.0026832702937921800813122637    1.000000017505329332561233403 
 338.857722    16            2             2020          1 
  -.0051572057726339788119097371   -.0167370687807433232995646474    .1481972129884057946892530901    .1911730670254579590191543577    .4911238233490810045639154713    .708705407634181050181291132    .8988297454233608995341118418    .9097493726290233397720828685    1.088091479290532443584095156    1.0289156107825100707015907992    1.2100287919659685370841275974    1.4001661145558902151859475701    1.4580795063008775110634781402    1.6310709897294298637821805342    1.6179430610703332297087212314    1.7174606397194631438855036628    1.8290593950224336336652820915    2.1277496518140436534009397608    2.3355221044660153856549859    2.430680626484291835025674876    2.3834528404225062930689240719    2.0002247432921124341383608782    1.5357961947226924933409072496    .9999999350759962908562550037 
 1361.180531   17            2             2020          2 
  -.0745280274655941284543688496   -.1555683431972331082363974834   -.1707258476796418417183488206   -.1793809817575182464904062017   -.1898978821053972303692903759   -.1959004657553392526446589325   -.202300057728345513634149973   -.1990400933819997459249584286   -.1901702927016078516039251226   -.1753145116061023062046719797   -.1512013251091673158819224986   -.1229343912795061862370995079   -.0596728487883434177622688904    .0313834050863309034501610867    .1622606222833200367012889637    .3192227556184463234877108303    .4860413331903584213106850556    .6270578226482141772566977745    .7401626581154796137765211689    .8259499562295752524247645149    .8735674459922171778403139679    .9183072866034108740863264669    .9621493770836191896723506693    1.0000003445538555091190912721 
-405.657432    18            2             2020          3 
  -.1040608076422472644356729054   -.2209941022355039707493883657   -.368067704969349606295392611   -.4788989050248683721884824238   -.6535568661786529280203104969   -.8248693937400856001080241518   -.9251037215065740494062980707   -.8989146290311279197764087803   -.8494398791145529906130254258   -.5650972518112277553440707084   -.2401845801755211032347115977    .0693531975028624645042864641    .4270709380224050720707614202    .7977228431500793999997515145    1.0369890129364128105016451418    1.300821477369111778038372042    1.4671642944286054643268559665    1.4810839210755542129448770952    1.4039511052271316454027150672    1.2679469410041524889404713285    1.112139367879250391744332691    1.0055097425159463120596789658    .9769380978578989771842760174    1.0000001676291240733388067201 
-338.902933    19            2             2020          4 
   .0383091992892253900912684046    .0766342733304111003370985875    .1702670422153000369577798844    .2182029507546339234544187317    .2745209348778341791453306779    .3875578733926153421634742831    .5252616093470043825203483854    .5023382314605108478066786161    .802284883146762261865700643    .951650660397205827663934676    1.051024837250375758772202777    1.1914379035486246440953640257    1.3148903612468883531320751361    1.3786434241334819017337923127    1.7713169215918234617343957894    2.0311273021647174708871581232    2.3802709314410093936838250969    2.4846002144218681046351404696    2.4221327703882692570264654511    2.0404706854514003276566508794    1.844507199942114398874205081    1.3800211047450568980469696909    1.2260413219852541081431124705    1.0000001976967251564034118288 
-10.4875179    20            2             2020          5 
  -6.7616227858833976340579118344   -15.466700657550248376691686028   -21.055306136831480402050136191   -21.67262093540741417947901667   -22.714163853775162567302984055   -18.70315758888955031008814774   -17.947506912002505378322167155   -17.927597530012320646432460439   -20.626463007038109560699772441   -27.228711571495863668561652705   -24.014700370618676131174946552   -25.703879847489938491547175333   -20.948903457890641597856057056   -20.591497631675079191044813378   -18.251954544935746903468932339   -28.367284121631868680767639024   -31.823173336371611818655394142   -42.755502710512656192939608713   -51.828526557270524420272979939   -48.586243652561489311021819567   -47.598498020203617483217835557   -32.277646934933956107955725158   -17.474496992276885648986591956    1.0000002002380372576050621091 
-877.571126    21            2             2020          6 
   .1059278356430336793008843821    .2702123998550973291707867791    .2923488391982486442927931975    .353483485052583646650197559    .4068080517042900064603994275    .4601076631137930123740192427    .513426874074250250571712634    .5786606748499608224348074096    .6460693420763253325178340018    .6972047984176726434365389547    .7596257217788179598789580048    .7959553126865297525752915439    .8252266722822874644123147689    .8479581631084794829496247578    .8788892172370766902374133034    .8978006188412356675463362955    .9374685146603148381160389272    .9773721748452330005214870755    1.0152462559484893535569674155    1.0594821005995586960549109953    1.1026686855693107660426831318    1.0975759929457843169739839412    1.0921113646576380180493768889    .9999998564218941724844306238 
 770.768294    22            2             2020          7 
   .0973426911616060844350195858    .1751661310552039910453296357    .1298246188626954600703904927    .0525311955813273242918318589   -.0671710686636002180961532909   -.1398853596331247117956826595   -.0667997638211101610259022928    .0811732403720280689179464354    .2157036054729049350335627584    .3360434024287978820260087138    .3392888654550702107629767137    .2909986071637762515436318661    .2256381085649586930206550505    .2284815052343084574259874784    .2132099896677898377589465298    .2897215696835604397603827746    .3521648491680172822469524155    .4462093247442272190817439099    .5750483036864513267070116405    .6954073022624877198179093755    .8207405583810898168574640409    .9087001962226536526423335208    .9947071071400350051243804795    1.0000001375251172436005781006 
-2216.445129   23            2             2020          1 
  -.003167022232202527942662189    .0059821377152621584253981322   -.0211038339672788714455019563   -.0542335104204603117878493621   -.1611750254161153203987122029   -.2323894209067965607191893628   -.2959143862478176422295721989   -.219379624443660206667809641   -.0792233011783257188858655476    .223240717095144474474378021    .545596182002302119702057375    .914488237709944228445639089    1.1567987704513121741260123927    1.3475722727896143645070132481    1.3646911265358917892706379739    1.285748500025240191723239362    1.1381540499214406674355347869    1.0134417363237147839178472169    .8765603869817252759971212443    .8543874942910892155905024437    .8653239256436381647054976564    .9055477953138175792846347517    .9527273977464659356338164508    .9999999417986945347023747593 
 1867.9670115                24            2             2020          2 
  -.0119156333398663983847340015   -.0299367171131651432806901044   -.0018142022739891410550212492    .0266105448832761680705944308    .0462631135710503418598514153    .0859548370027518550747168802    .1100269965875679491355942503    .1087021873244681762411305838    .1361274575163984366754969324    .136408404662022051988470033    .1110595094682163234765455064    .0317140932550135669245463011    .0545403635999917657004083554    .0610303604389964356712623884    .2195533954695858931660796088    .4650906009857016149987828626    .8108767396184822828173376444    1.0703347477183217911447575904    1.3517813668306315269208382377    1.4416689285307541952809266728    1.4354423731749076447756101072    1.3244104337867210777560350937    1.1806338047849406573955441611    .9999999938435743622873931037 
 487.520605    25            2             2020          3 
  -.3482437424362812316414810816   -.6546047422959692134448348086   -.6081656794793319556206244862   -.5065254626519837043605572322   -.4044222910332169447484173515   -.3463086447392310731153609395   -.2594739559777170854142667467   -.2311865362080439656494108593   -.1993613377633546381080651965   -.1751846775789097160313870221   -.2565577715428048420640600411   -.2988776238493550441832094461   -.3831060637939600522115367821   -.3934738307112168110309922183   -.3666115814735666403269252589   -.1480410248506316979156193819    .0586852118794035382360915802    .3613759053322474441875128539    .633361537611317987267430471    .8726016821381323975014348368    .9401151362617791303405524778    1.0309576556256529916309896276    1.0096920929116421653603748707    .9999999897440232295412416466 
-98.813539     26            2             2020          4 
   .0510119772149846793767805442   -.0042906428035129882353469801    .2905226377935922323356923792    .4045745188824782401529005049    .8431812162906137791502437738    1.2791354431703938870158268494    1.2516594512417979483560446104    1.2961027536924874232062470711    .9272444942995109202596215079    .4890716443219385149235470658    .061422028412523510568728846    .3233357526036993776733368491    .8327058299166878336378580672    1.8035281582213141865104133149    3.6080450473492301495243480754    4.0716151255345686991334254307    4.7520552826268068386863464125    3.80411230894179389729174663    2.6344810906934524427872176504    .7608898614591670479487633775    .0210710801482375810869399182   -.6951590915087050975878922827   -.0806013030258940528382451721    .9999996053172430146439750529 
-300.592947    27            2             2020          5 
   .3163513680179595165285098988    .7219949841338093671239731383    1.0459906100192031451755918944    1.1904537467407710001924961999    1.3141888522088311007510099696    1.3757751275514791103864456274    1.4070183755841749673521115584    1.521757927340856736735077154    1.8249470104832499612840217439    2.126761477207913331379661413    2.4950176226190696350570061779    2.7509800487767266209343228536    2.8764307633605255548461022274    2.7986002612363356615948810003    2.6357018948950921326840047248    2.3486036749890874851431560701    2.0710312940243404979159407889    1.7014391225885948681290915319    1.4100417332812536017353727198    1.1380642939702773531808781927    .8836767550637174464376238342    .8364863597415011869856014952    .8481536328262552347909879602    .9999998436423726202730897741 
-369.4699297   28            2             2020          6 
   .1517097211280845408405099767    .3065202088082136011514227432    .3661166691152240744857564521    .3550302459161130481574885254    .307798797299524860358344881    .1907158724857927186272988862    .1107184555809874342799594822    .0705693424663024748452214838    .1029911961465913040446279112    .1567461526490771408507402544    .2919837078151261520647643656    .4237389498168949363350583927    .5167522026894737030611452221    .6685372208790067604789976498    .6322138318256756363033459608    .6302410055104411383441470907    .4954162308922538547796735622    .4550197092805520405521651306    .3758987913110266846162771768    .5773284450325863690984971652    .6434902569555446016585527826    .8783740540495737128455138794    .9389917070699028527733525048    .9999999196145677562565655259 
 209.1479165   29            2             2020          7 
   .1038112660328605281611782157    .0533965156664613486599088354    .0940945543676979445310419815    .0842779612389779651474558199    .0707231525301854967319265645    .1413954319740976238699466079    .1947784165471234804292205321    .1983391500818512815546025294    .1686058871162601325746412587    .2151363052187039118795142289    .0961735614516628474278872388    .0854896395776431270354060639    .0582880298499172474424338815    .3901236568139563560988187037    .8743367041861017056796738398    1.859846402055838791968075857    2.4687580380462456101014996245    3.1919136999865834188216739898    3.1680114776567712067071918453    2.9058051840549891397077340715    2.2919664131581248623148488309    1.8641060667702133193375607928    1.2972823470608180789599211714    .9999999211084658354700846374 
