-2617.65472    1             10            2018          2 
   .0791556649610381005482648223    .1753650305720992874109844403    .2216541377924740204086198198    .2796624376800925066236390413    .3001734315822982184602253425    .3231825395214843308287809631    .3389800393537005522256197334    .3754856179045645867305218925    .400636490361876298184964593    .447018466973367671653807726    .4949159222955119153377111554    .5413276965726022108828776318    .5867530917140974192348790753    .6274616691998247958386199995    .662989273084878054505217556    .6967851741730093417362546578    .7280509478347090788199904379    .7581259609365134298537279966    .7871462130803867058524815679    .8145711440506561537650007561    .8407606179626318325130367079    .885411273798555066880631224    .931196915076714166488695652    1.0000001069659790730536073146 
-1238.5735     2             10            2018          3 
   .1311229410285299984215712673    .239245228482605190568020388    .3217268091074126807977080084    .372552860205712458727721851    .393886757628836722245389555    .4116156207120530190578112643    .4356070915452332865187249687    .4460333601518198152955799555    .5250671034056517437196904342    .5777862193886757628836722245    .7152997379646827580276826527    .8298821184209092153190747259    .9583629877435614438707109429    1.0289304591128423141622196826    1.097779017555276291637113179    1.0854107568101529703324025583    1.0678413513610617375553408821    1.0330271073941110479111655465    .9735393176101377915803947041    .9243738865719313387538163864    .8898963202426016703893632473    .8940664401426318260482724683    .9259692702936079287987349963    1.0000004036902129748456591393 
-1508.044555   3             10            2018          4 
   .0843683958661287696503104976    .1476159303529331068073118039    .2155636575339778339639308601    .2457775526400146711845658963    .2939944967342161850118546398    .3317022022601978096064940203    .365417452801983028943067269    .4079596971854720830844417591    .4256583785085845822373596913    .4397783857254801069189895387    .4501630258530392028105562173    .5029068255877890822662066506    .5506919522016377029390885603    .6189609563624597285190953791    .6655977084178391533000827021    .6859014851852304854480907562    .6772240227345272301984472866    .6760337395999549893935328721    .6946465848948342245763421758    .7257610502098195633218542406    .7836466078417689721375639329    .8583764953814643758983632947    .9321720603937991739242744058    1.0000002950841197128953527504 
-2536.34337    4             10            2018          5 
   .0435495845343684676258956215    .0785979541878826919243193795    .1166334588206801037353235024    .1618947201143353078412249837    .2121381144068044698537800897    .2765628298979092882049325995    .3301001393987124069877021422    .3798526695539650059289882347    .4138422314641096879560120442    .4342050106567392726482455725    .4482638326686816067810250786    .467047172717785447165223532    .4848562755917389844577707947    .4982617948925424872579456779    .5455456135657215844556567276    .5764357528610173945020701199    .641355196319495179392843801    .7053331268786370987300508921    .7762687115979884064356790934    .8292583823143788295509846524    .8865179796219783916717869316    .9236123261969849137579506832    .9604827283302733572702342743    .9999998541206981766037458879 
-1597.29502    5             10            2018          6 
   .0539692911582482740101449762    .109095375505521829023169433    .1687951797408095594012432343    .2347578846142023281334715487    .3111394537497525034542460415    .3979372577020868693373876543    .4555067103383318630768660382    .5186007529153881666769361117    .5488908367096768385341863772    .5754804769879017089779695175    .6002124767157916763554424655    .6497891666875665836609194462    .6837227852873415957936186391    .7444341747212108631002931443    .7886902445861253608616396988    .8246234937863889414743182509    .8577232025678011567330874168    .8842280119298187006179985461    .908905356757451106308463918    .928532914351664353151241904    .9489837387710630939048442034    .9649100389732636867546234508    .9825880506407639084732136709    .9999999874788315561141610521 
-2815.52039    6             10            2018          7 
   .0232783361231491560961488899    .045085803836071668442081501    .0683312046623111118722887317    .0980890783035671782153209695    .1523744958565190856245228613    .2098479563843613293811024398    .3055332872229705287270180274    .3968062188318941636220933211    .4932153945438129112607847248    .5572504484686044131259159519    .6380799110462133786926686047    .6799098336489049542986971584    .7443195962789671006431603218    .7891106055886173141868100625    .838601278962856312328109263    .8549652165722728081539484074    .8720256506471260185048775299    .8830776039949048282331920885    .8890853743737227916150875398    .910367763310710742180062848    .9261815361955165950689492254    .9471900858796479893367065972    .9639166562739756965496527624    .999999861482089994738059773 
-2413.3898828                7             10            2018          1 
   .0361958466067039402275230256    .1008845697643860198252423038    .168713726241199605313933406    .2477535040075208191305342287    .3145829877761680322562426216    .3716837492329608600777382856    .4017151173581608253852252372    .4167076389800800071539936929    .412322230689679428865798343    .4120726232788365942842428493    .4118607221667764588177629697    .4251766394286468996048780486    .4460738016979640915895862394    .4902166899893494490122837271    .5370205656519710011274602663    .6047071011613010147984697601    .6696104145945498201621946403    .7380543909189872402327450413    .7917228847347184213529512356    .8478369013572132307937758294    .8834395201517830776579735151    .9261810600642333976390696088    .961988784549983860568788492    1.0000000485623979926630361194 
-4014.90827    8             10            2018          2 
   .02522657883787716026697666    .0559604316937482609036046545    .0949384330516721867720280444    .1376372417096343772755734716    .1863130237842270802366301634    .2311438114126577541957141651    .2665612581978118269685897456    .2901493438105374198250362517    .3171310312402230798662804817    .3333383753746383849511959086    .3604500782280637260985292698    .3909384460233259575815912726    .4227727972474947727759668093    .4493178619993726531640036698    .4879745359661728959003090748    .5168671014244616851482885809    .5776834348447019438379348079    .6278987788679914223793710734    .7001701685204379526210196578    .7654097661364502357609281071    .8329139235851084587793085494    .8859079114153708921474313036    .951070296806556927887171878    .9999999327506428932683934022 
-2546.527361   9             10            2018          3 
   .0747153173823683883834774945    .1506376903208934341389155803    .2070503573120650243820411871    .2661157348546548760211809089    .3200189059347004597136154627    .3846073735549389999269676019    .4535525585503418433523754312    .5299860589245795266363917933    .6096989271657780550350034115    .6881972001713748717895672357    .7473259581442997109034400043    .7971761981001546364299990728    .8309637793049418564641136012    .8401358778881779311068631396    .8435130259729418238125893044    .842404064787898424626429922    .8189093241005235757213605686    .8137462144472124523149782878    .8113484393070300884939127108    .8274939559936658383306489044    .855007895593547482798870269    .9097989817357395360025742916    .949962304371250774870429519    .9999998582383187674691550271 
-136.79255     10            10            2018          4 
   .7099267467416902455579635002    1.0733004100003984135100924721    1.3054329347614325487754998353    1.5796920227015287016727153635    1.5031030564164495800392638342    1.7580606546189832706532629153    2.1045173878255796825192600036    2.4495515289392587534920578643    2.8748751302611143662428984619    3.5426885455384814450786976338    3.4790074459464349483944849336    3.4488954259570422512044698341    3.0033346114243794709580309746    2.3098143868215045336898829651    1.6022414963387991524392227501    1.1836521798884515275137425247    1.1106540524319489621328062091    1.4975910603318674883975772072    2.0206151577699224117102868541    2.3328682738935709583599399236    2.5074347981670054399892391801    1.9041629094566919031774756739    1.3487189178065618339595248425    1.0000003655169817362129735866 
-269.6579049   11            10            2018          5 
  -.0880437753486380365332282903    .0034923934469832781082324578    .2449030375152187871203771264    .3545583803132188467878287665    .3556352261787523811618844926    .4507232971533778314985343491    .398295017681122686791296805    .1934250361373329797757395541   -.0262340501481809146845448179   -.5325603195398852926413877215   -1.0784345450872039316211419545   -1.4246168683334600809620100256   -1.5054192464728298050349496726   -1.369874916654075064721012004   -1.0066105798035516814548980796   -.6521192103202460207203070945   -.4916410666661676640505560792   -.3349526135104226273323686273   -.3264656752141071759843669986   -.2770343781603711480886759645   -.1054928836985115951629571531    .0920124704269331434681780026    .5611287384885411530911883162    .9999999818288286344985245786 
-165.347274    12            10            2018          6 
   .9019628590913449229286961211    1.5824905586287440094113677375    2.2513730707166058268369153761    2.4911738188075601415720951045    2.8047247999988194543806026098    2.8858564671589324175976436116    3.0301273669622155367375454887    3.1125702138881346178105119532    3.2871669840774030541319961525    3.4834732140791144824074934553    3.9142798326387890737164496586    4.1945838187813123547473785386    4.4582343704075822864790622433    4.3853326544712191626455238688    3.9930280314146576132848733871    3.3621316309091373347951294316    2.8407259983010061599201206063    2.4258881945643688084026108589    2.212615854797823881874218259    2.2643215756916560958845925697    2.1733584794388566696297635968    1.8525966143233785638340792966    1.3905230756934039323805241567    .9999995524570910071368941952 
-2027.181787   13            10            2018          7 
  -.0338156599667595573164055859   -.0171249713383499335868885251    .018721098543492389812004561    .0831314690575404227425608772    .1445782523696282596879901822    .2168172103846945227117907211    .2353221122344268575455586411    .2672723302244230354265707499    .2653717113333556207606160779    .2729406921215595944972842241    .2741131079429927810415948651    .285415449028992287409496147    .2770353914984142465561723202    .2819331762277716241143399736    .279260549611478923572235113    .2771832322110340664776306024    .3098278131876290382239903184    .361130908285927689227014548    .4371537894050742080784094969    .5308408978913147664344125246    .6135063998579620230181162337    .7381020338655992473160474384    .8425075693519931964542655    1.0000001050719779380101543898 
-1740.521349   14            10            2018          1 
   .1674317296753824534673949581    .3311838147410164286356018722    .4127334033637297257880403052    .4908476419958006501878305889    .5206859430484354259994773554    .5409436089600070742941516197    .6068693156834125106729730783    .6588853395328275286785924968    .7200003612251009510599229082    .7227598792297261273064683334    .7428015753686684598087052824    .7140946594617151116599144915    .7104739052528565106385259282    .7161894341119052829268111436    .7428567312563311741371808936    .7605939454638657236027962102    .7963516223437027200750526387    .849697707442484234647557891    .8973880158938515841209598401    .9429008158635346908347517201    .985205381700836580775545546    1.0023611609259266833618137941    .998773155525367818972957625    .9999997994853667261739516876 
-2262.65257    15            10            2018          2 
   .0067309405791804793079655177    .0152803706845722231230577304    .0471178392182410930194201225    .0787459384451586396226973547    .1122006990229171595708129419    .1469006353016892911667830647    .1723588964433898925984911594    .2238648154453513824263351222    .2774200990123728982395207056    .3508187737368799841859945825    .4499515363067870380117615671    .5455755852079402539471625553    .630159494614765359226140494    .7021210507806773003599045699    .7534864267738639167214257733    .7746027928627151096378884187    .803658955029052471807459154    .8141895156267848934491962237    .8290658605178611226203411335    .8409974316118713709546667167    .8549571532318812870152663341    .8910519567747866832246366485    .9325766703988496121611812458    .9999997480832861582456735724 
-1355.608445   16            10            2018          3 
   .1205755250366561415158489958    .2283679340755360962656145153    .3022003156671099079793649412    .3517414646970571210922192212    .3613530896821758881857659127    .3344223043697547930221104517    .3213942061271239719962057333    .2879262824303222749545500213    .2950671349646246855595532971    .3008066241428585966060428312    .4095295378600271260481856913    .4973236206122926594780840274    .6458043273697664224863987182    .7437036879775413320031360531    .8019830534472658880492589436    .7692095780651469753863919017    .7239100668187413069708340449    .6504789810452973387901843589    .6405651301471495332857711727    .662852096646535718505353513    .7426576632163131736760462569    .8406247424933974942889943416    .9346172227482693204968931866    1.0000004094102556287925751304 
-950.2152223   17            10            2018          4 
   .0760978442599298274786225765    .105017797713721177038651615    .1188798046473897243100396078    .1404163992206337021128144897    .1601372998757946755322149505    .2271434880590209631290180606    .2985902491787517641412552227    .4242088429443591329004117555    .5335035559343511897767668503    .6408801771518410245531171807    .7191763339108527771266793776    .7954428452224554517116158812    .7950202041296007977034067769    .8180330958269894683416291972    .7752963567735932280907219897    .7706141543676678268259731709    .7350417922261904812256763191    .7186023586816622186205109377    .6809881433321256108022676117    .6872729300413355417575065299    .6885676893454667191138303868    .7576947654630306168270274405    .8748084439101497227192968323    .9999998712923165933162719025 
-2840.55502    18            10            2018          5 
   .0498846172675085166982613137    .0965203624184684864861374873    .1300384246737808303392764418    .1701523809948944414391241047    .2258184388204527719375067764    .2793068588405656018590338729    .3464884830852528249919271059    .4008406779601825843176239551    .4397049137249240819141042373    .4600769887569366637369340588    .5045887123848071071687954842    .5402771603417137824001733295    .6115579482773053274637855809    .7088389366948435309660011444    .7950235021323403198857947135    .8586906371558330174502305539    .9113870288631128151849704358    .9224485994994034651720986556    .9174629541236627762978518191    .9229182260303481113349460839    .9277232728975621109426706334    .939360435271554782276317253    .9704462615901029088322323713    .9999999929591224745930110518 
-2279.34743    19            10            2018          6 
   .0436431185043168254520988053    .0893787832950065010492937446    .1364406302903985111212291142    .1859797652699220144776261686    .2261667059681200070495615493    .2649699611612083200497433601    .2899893589280507359950825926    .3189157082560248395304966738    .3409484178548419009558362939    .3791563710846836543913799047    .4144686709739550323839836913    .4619607288214065724943037754    .5463221550213606532111693038    .6103720660083838118526757459    .7071620494467576625648508529    .778644789574707353849956959    .8428491307268589589258009693    .8600830106887215522032110743    .8968303704363314196467187979    .8902820049684132620361433886    .9106303728343861997378784857    .936378531815134474694803328    .9658023042147637843871831334    .999999811349514189681912599 
-1696.96187    20            10            2018          7 
   .0536045279555986723496621642    .1070553812738290931663656061    .1691610195107094539490153659    .2364531620265574971345702659    .2986084183494352763506701538    .3628141627012515018973290189    .4232606004282229393875538288    .4777233444850472686224823661    .5243852650619663009870693205    .5719786738637798620660816616    .6105352266989947157740203084    .6508018945646669126395868871    .6903502198313978616384586178    .7326788079215946083691320654    .7746072691662777313906293015    .8103658805250585860246818628    .8434656224774219588092453721    .8665580682729188252179172417    .8832113593689644894613925533    .8952428612906900495059444088    .9121224391447286909280996396    .9298317351114082486720812413    .9598754272540018827883268821    1.0000000766074961955391490323 
-1655.20462063               21            10            2018          1 
   .0514985995916057086991990172    .1010078137265983932259946279    .1522289733000477891494586892    .1945558851070810764064559715    .2306034524327994112095556928    .2606609446485133692240640178    .3010059866860244918769043613    .3342311235147678552188286251    .3866376350232869033046374961    .4208143158366045287034899328    .4648358217530551795436477436    .4872892994299446441607532936    .5073074286612348387134287068    .5073341323082940021311532943    .5280548332854009645225599916    .5079913320203066257918050191    .5232315021392123432160890318    .5372666852884460824355836852    .5575821191513610353109348787    .6109752156292831119294191189    .6955810693434289268197183839    .782474857704928856255787167    .8880394494310529092520516691    1.000000229198248525674791452 
-215.2649925   22            10            2018          2 
   .6416231380492580557426215041    1.3446032103896317465553531655    1.7452800645232642739157877703    2.2154521943459989203771718711    2.3746647983182867042350139677    2.522974096682255476352012973    2.5026758589183979833599743349    2.5192066471281901538170448221    2.3385855459057050346911377148    2.3605157257513666556813690921    2.2718784616128421345611967074    2.2096909231537032199975571969    2.1516996081004671486470332606    2.0826549398179548400095756397    1.9335103918487814501468463341    1.7616050598659231598003562981    1.7599930931639987862866276318    1.5942745544192467802213590303    1.4813857854755459134861419699    1.3948464007681137470599173249    1.2807117255723779610844062348    .9655949979883514965862366125    1.0935173307382992150941588888    1.0000000348407788600368915071 
-1980.53923    23            10            2018          3 
   .0464269470693594895365945364    .0942815457384300335217293323    .1738829480292596880295069944    .2280246173159619766784422644    .3027106915726178269137339935    .3313497607416743772351330804    .3766157664041827639031416712    .3993518977152500028994628902    .4248106713846814334498186133    .4532978122326817025482499531    .4769561671343414894134664528    .4968659974485837374703251902    .5128931477918768617372956556    .5435817598018495195371616042    .5727632065132080216356027444    .6180124995554872195083962058    .6616324383536699750198838525    .7134349971951830512339813638    .7547787881990098221886773735    .8024309621981080374762382263    .8438636178895582896381204224    .890143438360471153101067329    .9428225261662703848587740421    .9999998838700104920416042453 
-1341.987958   24            10            2018          4 
   .0900382147840405584324922832    .1859676895848867222100662098    .2469589969301348976784186613    .327078940897620185649981816    .3672634296469596189923486631    .4186884067405320189914848699    .4538486328205934616888715778    .5122678604542292025544390168    .5547211475052595069560229243    .5940556286273322878803358085    .6341030073535130782447751293    .6476733973793228329400553384    .6635855371811018888442216558    .6597515981585283345739232036    .6719291291882069183216918255    .653573003223625051335967353    .6487224380891203198113943136    .6710530408500133501197929527    .6895918808237174956826251939    .738345596987838247055269031    .8014311854205177599663677459    .8692186789354185844341235139    .92691815346378838371066814    1.0000000312968531122989406139 
-1375.574648   25            10            2018          5 
   .0672386628631730933151073892    .1356489815156872533463556534    .2215774334334780499676670401    .3133440999561079436235728008    .3926334356228990344113989516    .4789250812072250403963536845    .5491458432287129502258753463    .6091497842144005550180799785    .6477781495141367275329430177    .690609921737958636760220373    .7408263895250270707228096574    .7899156920199360929193280683    .861659526600987487812438951    .9186422575010992787648409758    .9710901563518783315058595061    .9822207773052822357627515682    .9957961946969525713445687173    .9752476915378568390132179871    .9633552071686625035851925646    .9475479952288274507367920029    .9740954458183646315645096129    .9917368003135806556388352397    .9908666185304688749977602088    1.0000002558930556853356605333 
-1215.73053    26            10            2018          6 
  -.0060030934651283290549592433    .0150110732186679559655378565    .1097530223247745534530583846    .2358391871593452539190572108    .3935222388467944454763342992    .4988059319362490633512345865    .5215642647388315566937354119    .401419136854282996413687168    .2678486654439779512652363843    .064593623391196731729686841   -.0049530762380377171246986781    .0028993908707713377897978757    .1611698441101088413071274931    .331514254231980174093349453    .5360853280537423042259208544    .6309311817644326164943805434    .6480018232329823945442909951    .5827292993949901052497217455    .5457906860330306914312664337    .5206998462068728339001242323    .5755933430412412197956400749    .6854625917801044282403601397    .8395964194466680046276373433    1.0000003865988295942522723354 
-1571.81241    27            10            2018          7 
   .1344399615727680887822994094    .2820288840956536282850699722    .4231672913181796293363022881    .5727080370869447455246901887    .7054022432613316750692915066    .8145666695684124290633384171    .8885188786618627091765995155    .9422523900291638491389694525    .9609486414476139681324948949    .9420526206431974919958800936    .8953943810635774277924170353    .8192574328892084520442232671    .687035547708902489197168255    .5436158886161230906683069133    .3821826931624747764906627757    .2161392783506525438363220456    .1022262573941632131534067733    .0704272973643209751728579367    .14220965464956470218987519    .3060355656563368143912287854    .5153184278523414890203087276    .7153334538184489839980332004    .8781594999622124118488159793    .9999997391546234197247494693 
-1790.9967534                28            10            2018          1 
   .1090214148235205840546779408    .2292995781373592298997631449    .3605173481047584349015827758    .4530436464832510734354746039    .4531333730557280640573605632    .3746953749223920843317370136    .2902309002030377438204015005    .2475043012548656918185120368    .3168052085649302774442427418    .4987275372243564224430826933    .7075088202111310426901413723    .8899396366711470779151888104    .9879962074977594987303118804    1.0454831905447942058787653858    1.0342347056093775719738834006    1.0385155620572997069956609336    1.0432419804519339671964365717    1.041680838593529077471525918    .992837087294744618156268736    .9664690886312357064041565671    .92165717043672224447930705    .909507511338406650625925138    .9318464686391653176516584522    1.0000001376886918035213899009 
-1059.403933   29            10            2018          2 
   .093991759798384663916478022    .2470042746197733815662547668    .3463230488120153127655039582    .4920313996984189032645397966    .5756084917234302923812158436    .7159065360955196680395937326    .776041011733718001970075752    .8359580065859544057403456893    .8750922770078105798385779638    .9152912027182364632584387432    .9376360319779934213251594564    .9904616806817159513037224112    1.0465658711123550265316978014    1.0387803610315650961435499976    1.0604321590714728826667476606    1.0083717520048134463552156739    .9933859665971241962531018846    .9658015872214059450730772396    .9467182146094600160409259119    .9232750318664335183282729988    .9012489667621424622368284147    .8831127305244769182860868235    .9218816067959604223972613853    1.0000000632431105010821212422 
-1009.517572   30            10            2018          3 
   .1242610366370125947644227831    .2671907923956374679132380669    .3942928890394787501529492941    .4886053632754398454393620005    .5693224327550387602366568811    .5986428733505987947280624453    .655012966926344893776648397    .7027532949173865395579265856    .7555964563239915550474439884    .8297982355477017887906561373    .9660822426972078500878239294    1.000449153152531752067412255    1.0817137118639476242816702551    1.0812342749393964981919106208    1.0415341239845204002055746287    .9330419064760964854210581289    .9091981412285907193698655104    .8049307139747340623804416552    .781151137803077290070192062    .779941946369607125570668125    .8040041327779879397681252051    .8453544778911485851778714754    .9223761188775028078461223655    .9999994333927255304873484659 
 444.16992727                31            10            2018          4 
  -.1781124861069435453947904103   -.3751203982315477483406527609   -.5085393812866001778022624931   -.6097148486943308767784511968   -.6096254684874267129489718639   -.4892424872967694826171161284   -.289246957329246024171068145   -.0072868395658685674980771194    .2677876026660790731114910674    .5313297580737404703224990579    .8021691207009931976118046295    1.0483422478914192519596600289    1.2174955277223804652469352667    1.4395492822532347936100289062    1.6626154871378624840415572063    1.6994570178118938817548281514    1.8747075136715164674097590443    1.8259561267122702924182596024    1.722714333009913861384233826    1.4829477629168804668138693549    1.3110288748702750508028557644    1.0148048580650591599427082032    .9770026590211031600622122866    .999999713465518068188146654 
