-1392.436989   1             10            2019          3 
   .1466773732768169088044816368    .312230717392986462815086852    .4729098014502687130210959945    .5966377700125861853271983139    .6771559556724760347486000316    .7233555327507893428993073093    .7442641988017455632241898165    .7623260573983502531043435244    .7876248682445766312517858573    .8332384223958589482715903348    .8730642819773584742081280635    .9303580774095624085722991376    .9814964776118856750651860197    1.0160768574641764274476624091    1.0314053787320066660481395758    1.038593495737709105054519634    1.0273750347779650946919796311    .9988588431558822946493846696    .9894875034808487122141510419    .9672049871119877295934142985    .9503841182432133738728194616    .9490059589331980895833556458    .9639617523834681757366041933    1.0000000078998188692903216176 
-2002.86513    2             10            2019          4 
   .0397122995495957333881987351    .0936046552470560012196128254    .140801692423493338265867158    .19047862698573218457300717    .2265794102671306679546615303    .2701075533728024911991952249    .3128700932548563567033592522    .3463581694090405378419065092    .3919539005604436280739482443    .4210105749856456884842765224    .4523439379065928418255501807    .4856566652593327639589990765    .5489371119062819771593906575    .6072635554846371507800927165    .6867107422255636354306093491    .7553424228819640991003722752    .8025647737948286113503808417    .8344151460662755659438736147    .8561355302041730588219886778    .8734107822826792136522942012    .903972001349886200275502325    .9331881473217320429359115159    .9705311510416080787227046087    .9999999350929835200635801173 
-2201.541531   3             10            2019          5 
   .0244925154673359646014327222    .0409034663811663519328811608    .0740832719725785631795106027    .1168205079843211006860628695    .1788769798138320925457026956    .236546888926257553303453897    .3290450758250992086326442324    .3933638261217067178734044968    .4683822610112731959177380606    .5398662633723442576291784704    .6108301756129805211473887022    .6173787688586647880048554941    .6644262574213504582757744033    .6589428269114038348795519497    .6623599779821732556722773903    .6811740677537097981732328265    .7380701100205590443617209236    .7770673302824011090617940289    .8353760190772435625698854917    .8840850706622440728328008998    .9075490840694933045076404693    .9288500676483490785439105123    .9596598430011629882806875834    .9999997588053677284909689037 
-1989.969745   4             10            2019          6 
   .0599552331384817109367660261    .1475498814681727736518928834    .2412556277331744056239407801    .3408709110801079038515733816    .4389111956071472835382228387    .5107032418726547020944783259    .5719509067209461518722738169    .6047498978432961049867619972    .6227793176825409473750566997    .6384489026490199226621910274    .6639784365163803030583261456    .6906833651382976176856397382    .7282944897235108466435503521    .7642166439068147742115546586    .7960889877750377556619585691    .8311749483407346979539128621    .8484802365676167604246666574    .8569306162993950443201336209    .8619523006868629552958354148    .852783317064953668428762971    .8532119667980178261453919743    .8743037447536670965819131084    .9313508432260109562620511097    .9999996256224488478341161916 
-3205.88849    5             10            2019          7 
   .0659447453208205629135902977    .1238714949814115337492602558    .1779935895399780420934104293    .2255810213785695334649646532    .2726636321651973615588856617    .317735942213011906724179293    .3692882655441331335888105079    .4258204875990555741382009204    .4797387697037459964803704074    .5367538532196420843071806281    .587949021271167170259250034    .6375883023928882816507445023    .6791259292989320411453238038    .7191547701024373433525131749    .7472380924889873508981592806    .7743787744782102511619173629    .7997027993946227368625662959    .8307656390132271880735315282    .8570915702685591537839171692    .8916514123671219768470487256    .9185094893927517734716967651    .9446482650430551937257181394    .9708697010855795548896337315    .9999998471562558933545439692 
 264.799119    6             10            2019          1 
  -.3836391162615612780796298646   -.9098984200170243013535101678   -1.4139371060369728798078063092   -1.8153700881459503647366742183   -2.4496777121074938319564424231   -2.8554498325200243585402563216   -2.9757474381929495769961379668   -3.1096648021702821450852334596   -2.7785126430122299613844259051   -2.332934121280063624380865104   -1.8889975989685977769435101482   -1.815938065866450258091681944   -1.243662370341949664870297397   -1.2321736614236998273396823499   -.6078453002708064145787433681   -.0395226012817663490791296779    .8607422897052765496549858234    1.3874785587938455339045142367    1.7749651198801760363862842006    1.8461130152022900045977872003    1.6220726172431109938851420423    1.3890873254755806041786717576    1.1142835411019626541884378399    .9999995506027344448982098011 
-2303.497221   7             10            2019          2 
   .018906291530533606838677406    .0166491930836151853121771142    .0322518687336415067461459725    .0423600120331988019359542349    .0721442589489453523417122455    .1108710258782639095703949191    .1629480151215689267810060883    .221579212402271007558554376    .299144706456756780259210914    .3642551822292821424680155931    .4387155281920785091322669323    .511320781836532547742109909    .568571122231017443020392513    .6646281080970316482096593769    .7213739981325551597007982672    .7952273539990522089716035303    .8391088916360364039701179218    .8663383579571507544701309627    .8518360613207789930300940441    .8713945828545889962677753975    .8667872406345742233478474859    .8910151839076171388183324403    .9484469875121242874727132132    .9999999040589248446937891921 
-1029.01774    8             10            2019          3 
   .1367269917037581878811924078    .2461720436423185473945279116    .329674491326067906273413712    .3589609640743414200031187023    .3892876521254142810016083882    .3856948083324588748100688721    .4107408294049430090486097936    .4350654829332679920561913733    .4909245782293315953911542866    .5495092825124666946946901032    .6190741667874452776683908287    .6857325899940267307733683969    .7661718251815561508201015077    .8293692779290666067622896375    .953285023055093297031011341    1.072928052727254245393281558    1.1703500855097017083495567336    1.2833131525992933805009037065    1.3018910636079024254722761145    1.2675816453854332968059423349    1.1921028688970901512349048521    1.1273731782311158211907989069    1.0180679683909045144352904936    1.0000002526681415618743365882 
-2800.32884    9             10            2019          4 
  -.0117811413890948607307133258   -.005876038472681658344096474    .0081549565443178451856389837    .036648624452262542137729796    .0794181371927734029979136307    .133590953553869052036045881    .1719789808685468525189348834    .2206876532400387663043173172    .2506161026431452957503376639    .2825516377569428596107305741    .3168500739363167077192262892    .3734486411245902106268348113    .4237884433601019514551012516    .4935881030314996863011274062    .5567674687805593574503200131    .6150570516568332739093598736    .663333524787038939326854199    .708092196772147659629859756    .7486324356106692098346564184    .7870150707014823301966207654    .8293872372503223585698599597    .8814696919666048934452998027    .9370024557544463242395489524    1.0000000571361469105178376122 
-1941.701309   10            10            2019          5 
   .0975824134854100775599775836    .1880432372927859008823483262    .2768385629182268836797699249    .3649743123286940112991395218    .4302496970711987092758353803    .477198112657810439782733854    .4980795941771701200413621393    .5133908574812625828023273996    .5092997545071954215796431747    .5342546740797402428902621706    .5642556838797496015902412929    .6260252255925115617254806105    .6659654572030779838136268157    .7358335668712267423207469239    .7752314905608378512969318908    .8244172224534458507696252472    .8615269466247241428830905732    .9138516783067173592763952759    .9369309231896902429291198464    .9643939525201195607784389664    .9825007539303255421557734553    .9946493783818116589630418795    .9917153534761303495624310773    .9999998408612083806346138689 
-2502.215756   11            10            2019          6 
   .0010806046574986078059049677    .0096184631330408743537621621    .0232465445317897678524569246    .0520456318315981381743005858    .0798310055881528067558055933    .1207659648355279559673590354    .1721625319347561489817427239    .2290021948051389378270704167    .2957650227505001770918430745    .3656759805008597348149701284    .4234646822358191561159684425    .4746401253177945379383183774    .5160877901529767203655958435    .5499861459588699033034144159    .5832522621202773690791194906    .6262217781351065875072365262    .6617051291559367832547530326    .705672560715823419984891183    .7475902090035436576477220456    .7886829883745644514277449063    .8321752410866043639443856176    .889183914162836084387600667    .9395280939954244297389037782    1.000000097513573485786970642 
-2293.55329    12            10            2019          7 
   .0433215789810578153167742617    .0822593051674853388734647626    .0957548276543424024823944684    .1150488201649764152634971041    .1244942950508030271230366747    .1618744162687408061052725747    .2087396015987053869587656278    .2813170737358363275701346359    .3451863549244151200864401978    .4164616554429393702903672232    .4700352961931832854862508994    .5276607285632329911985607276    .5781740523674512049379938323    .6434792714147051712934038694    .6953725500749101844500853085    .7451093495194088121667319097    .776408818475719829470367353    .7886383141330890986186765253    .7975820784177201306711299479    .8092059635553530129661822682    .8413735178570889015619950998    .8825960176403836686088074282    .9431557615999408498592156104    .9999998735586387879393898888 
-1396.402      13            10            2019          1 
   .0967045306437544489337597626    .1810979216586627633016853313    .2542787821844998789746792113    .3078925696182044998503296329    .3591742922167112335845981315    .4033158073391473229055816305    .455046827489505171146990623    .5188953467554472136247298414    .6039457835207912907601106272    .7161022398993985972520807046    .8272510351603621306758369008    .9508715971475262854106482231    1.0459366285639808593800352621    1.1131171396202526206636770787    1.1321617986797498141652618659    1.105398015757639991922096932    1.0402971350656902525204060149    .961777482415522177711002992    .9004613284713141344684410363    .8428203339725952841660209596    .8538629993368671772168759426    .8667547024424198762247547626    .9295360505069457076114184884    1 
-3634.4653     14            10            2019          2 
   3.65614446449338E-02    6.77507912320069E-02    .105929284115891    .140359578902286    .173121840581509    .207357541441515    .244223900284761    .284675858990867    .326128975109317    .36875749732017    .410812154275142    .453305825204106    .505082839747431    .547559918762758    .59713444073792    .644681021106805    .68498089846686    .724888078146254    .769280448406847    .811411078861105    .857536397251303    .911137816970456    .957798308542628    1.00000000881319 
-3572.53457    15            10            2019          3 
   .0368862770724707081001038431    .0638612154843332978580526374    .0889648773923550864337752231    .1085436382495243426013929377    .1489487336157533669436262446    .1876555109164416007316620592    .2440465957478474449024016022    .2986868227841949196309666501    .3549502391519195292209586652    .3980974773324586751304690664    .4389645416363318773987399092    .4774145544517432059446803338    .5121769892348445490339929727    .5627836373882870502216021943    .6269417289361597416256772569    .7016598302644276441529297784    .7787009322067945727394318818    .8584994602305555856384617154    .9131785672265727018563182161    .9499177498511931824357405728    .9708849367411439772295891317    .9877253616051082747115306431    .9811250056007155726417505318    .999999840449409563026285845 
-2508.129105   16            10            2019          4 
   .0017985657082034459306671137    .0227517634105202889864794261    .0361474613963303137060801342    .0958642039282104658643558941    .1305566764275477756955417971    .2089231766241156074778694456    .2881150729280341412090108495    .3637788015701049807003455669    .4381979371831419339954591373    .5126163551297731142911002582    .5766860235051576421940209493    .6292806047557906713099603379    .6821909592249638201937774651    .7108350189971580430266567159    .7371877294171425836549988921    .753249103578342311848416591    .7796755741566979663114271783    .8002415011247995545269189801    .8428166619437239854524952774    .8772275699898630218239901969    .9079109984651288514910798422    .9396190950864150192938333611    .9685366654999205074812127743    1.0000003568396850926858488012 
-2344.338174   17            10            2019          5 
   .0506257165951007544357804754    .114806772753596768415715778    .1708291936895278317470250774    .2300932544555323186065219957    .2742625646465286795265912007    .3114975083795227232434257158    .3418539649646979642622156952    .3850139071275473757652508371    .4426140441289422948243984871    .5180169881071091580493113619    .5964937207049890405444551704    .6878316523970914104135558047    .7620487606324325459710745639    .8304966500110405999812892182    .8843962969994276943425313178    .9345166257570824336199202291    .9678983284772463889418370236    1.0020196855780073988591715864    1.0146211098638195020067100609    1.024923377799332802230775772    1.0153373034653318749396434134    1.0073056123855960381592967227    .995824333661172554024195999    .9999999257786261684616495948 
-2660.44126    18            10            2019          6 
   .0120152699781839949362385095    .0459526777899993928074923932    .0929531892765788784977722079    .142653967109200524126587933    .1965794200620689516745804792    .2419171246802870588467719073    .2853239465997456376841787516    .324817771018932400710098745    .3690750533616367083406306817    .4125789268506533386119564241    .4628619389251240224713700313    .51563062888296958678200623    .5671570437153722386638974318    .6170844756782940586329652698    .6597747623264570780262218607    .7010513737108407347433786228    .7352765232636634119860252055    .7742200630281910452704375815    .8140476666641382640412064576    .8546522090850447868937350641    .8898482502109443303401481602    .929170674491794643118713322    .9607921206273879544327921001    .9999999022718509485152098415 
-1775.347349   19            10            2019          7 
   .0647883920094782533736162973    .140258468372546064505374717    .213784305484661525804886309    .2931289475792604458948613329    .332066173040484822894226768    .3724429477828341297734407466    .3827819949615955407045249712    .4064083574441972481859379508    .4348130524625578495738075423    .5267349516288938903301902528    .6195728405596644738617851171    .7392384373341016547179354253    .8178940311696716877233470328    .8714379193859939123383341927    .8581165825707947138180000178    .8444065894172239530575376999    .8234022490434912632975689311    .8275952313374592478128064617    .8448132703973750660102514959    .8900821582267166806691190209    .928191320379187385713104191    .9620218831892372403570699786    .9875582944304157124127938752    .9999998034187505917750408627 
-1257.855968   20            10            2019          1 
  -.0018412410156009213290149926   -.0180620997777068224714262357   -.0392511950939044238807475293   -.0581097851101502266752372717   -.064005547573154257992120128   -.0564702492233196607133321643   -.0398355783768082420069258677   -.0200606433820251191112526486    .0017852584533748461731669424    .0447918453569717451147793099    .0973621806594632303720166473    .1655136242117030683754723816    .2556423057810701582647338523    .3401274159236647991163325307    .416765125210265727339618585    .4914207315666208295161501352    .5038463195493619504773061585    .5207908668920033299074826984    .5089362504817403704523346508    .5371927447896800852162431367    .5769096132316478383954370203    .7067291666258564827988318612    .8239250171447292445489275605    1.0000000254401146189100086219 
-3017.52757    21            10            2019          2 
   .0603227628505147344850937021    .1209613803130885727085502652    .1642498000440804588903888623    .2087009597728381318484523407    .2401783855118182068507165288    .2700530752731448945800352704    .2973237457445997751066115363    .3319127917694551503302420531    .3663035297470372408229562589    .4108797587556093149465408198    .4555567324940795818478636137    .5009833265583054805361728642    .5443161535057656490608302876    .5988883143824929493519093183    .6450764590694361079193056055    .6985805269709598709648243578    .7440263420691795038015178764    .7874406927125441309555292646    .8149360504434430072166664578    .8481327645334488194916475941    .8795641260702714971383012086    .9109033592027793800737336759    .9563634243779254020204362209    1.0000001425007692638911000903 
-2020.467292   22            10            2019          3 
   .0841637479969658424938264232    .1555686653501144625309777101    .2416875551183136895838450425    .3081376780832342224325401255    .3730360313103252155986893353    .4236205670782024220959276979    .4754661972523532442315824433    .5235749196181494038261323163    .5741067943009294703296785663    .6329515974169009215517654616    .6888025386554983142978787701    .767401682838031312213887598    .8312047448873030308871735994    .9036850075373553733331111009    .9568073720641056534361359016    .9892949061409502886424354946    .9931276828608022821682975306    1.0042330346221709586576173093    1.0053248612549180528877376155    1.0007016733235986479903877603    1.0150825049832086071700684576    1.0054307773471247066344491955    1.0030788461781246196981247643    .9999998554789769890518970104 
-1867.662836   23            10            2019          4 
   .0274841095569136227112889877    .0562692569420490412328363105    .1161946877225328051663389205    .1720773652530932515701672398    .2266844378114508886656456444    .2989052355914630407091315062    .3651383894646388948117399922    .4500865915393735446155228845    .5256880316271389361200524526    .6097396050557810639007650094    .6541512613789569457385722698    .6938484693390343823278817976    .6957144378280063393626364368    .6877140644672548380675707786    .6664570156923120357040718028    .6588330486006415346372507677    .6576390429391185893897607116    .6763265701133221028551857954    .7118576085432156663634549079    .757502892240449335578041132    .8089907722509289144520943929    .8638904029677870615400519754    .9210334792997937021647733853    .9999995523817340658375664118 
-2248.085325   24            10            2019          5 
   .0517829544570333423621276474    .0620979544003740160529716549    .1252452017140408138200893242    .1314692092480964885085044537    .187677885402325643489532587    .280595888859334109126841082    .3980320898184769744004267276    .4881398351728486995928412993    .6130052025494183589317278249    .6726822079139723044097536645    .7011869089088066530570853666    .7451020570137834959622807021    .7794415009581542462139420798    .8279997112654075974629655127    .8760183513052379361979955098    .9192640408343931518702476295    .9424108491077846433609009035    .9370845388174935041667068397    .935816793341685107081066863    .9198654414951976967333301729    .9151454249184247488471105962    .9239965124544371997980103358    .9617948998443820187296494184    .9999998554325334604459463744 
-2433.59952    25            10            2019          6 
   .0635343238397745903565924438    .1148871035280283092758006461    .1775374281796373792841642244    .2318554451391410530850203324    .2938439517772422966289868433    .3529862629164226659610780988    .4223513324821826066106390422    .4813195393792648348319858314    .534742462473858476106208305    .5816441811263999591847388267    .6219412798043286925040156155    .6504615845749344986721562141    .6852359997178171698521702536    .7054813192928308927345613546    .7368151519030542872559409446    .7587871319106769054589557118    .8049352343724985613080660042    .8366894319571529172556707276    .8820543324236027133996147402    .9102911065662932083418556887    .9455434146370969040953788485    .95543493532575976181980838    .9867901354615651797958934509    .9999997863247441797654529452 
-2153.38626    26            10            2019          7 
   .0349150783566344479229657572    .0741351902189623890327971165    .1326311518306056248357412664    .1873367112503076898057295118    .2557533732940229682713773794    .3054163631563247738006835801    .3419595516505246021213119471    .3798561898504915694966865814    .41014169933451697606726626    .4572802001625105567451702789    .5085980255116887390188883252    .5713164529990081760807742871    .6294430428844660688045813016    .6909382806222604949657290002    .744671325245662150737415776    .7848638358080728164393507368    .8197892931665682681564059018    .8383015316536848340436610755    .8629032489507943642214936395    .8865218634765506491157791636    .9161561196178524887587979687    .9485455711972454026896224368    .9794991447563151071652142891    .9999998792599336080095542172 
-2520.15434    27            10            2019          1 
   .0124191758826961367770832639    .0319904970582079508670092007    .0472695255640573188069108498    .0723131107914604944394000885    .0996900848540887380730816669    .1243073866658499971077168234    .1479865316502797999268568607    .1747035064527040038349397283    .2138799959370742349057875559    .2559305157476982143879330819    .3128359194064280999551797292    .3699680948905692815623347894    .4262357995105966406803481726    .4716857936565900959859466385    .5051928684653496261661498081    .5287969783628410631390139383    .5448698034898926071329425007    .5742723677788718289372705642    .6198239430050145262135016699    .6903263710428147825263749521    .7730923337020700089344528002    .8644367392197098531671675315    .9393992115578127647531301595    1.0000002618887222597644555373 
-1301.554466   28            10            2019          2 
   .095772864875252942353624101    .1670452567906597310235037064    .2379725229262898937338823591    .309706439899381052870975282    .4055185655211758153192799232    .4873177547070089343460483351    .5996716390968151769992850995    .6919152624996639979259999712    .7734282554411364910179640535    .8177475686215347364495155902    .8576798199085123803032611622    .8639761372844461508689564129    .8699789594513980177914429284    .8829012000793211522813060671    .8878191656099315324388430165    .8955130426328236347506028995    .9246674122664029950783481081    .9615671358312561005034421664    1.0227977658831220974812436316    1.0537830231685440661382202963    1.0889770939482143807572321756    1.0601991972266798706524510516    1.0414216503483612187152220182    .999999641966577524693461426 
-1098.37513    29            10            2019          3 
   .0107597210435746118905660218    .0353654948469199225222807075    .1218072918311615449632403822    .222240465331730517241409135    .3141576958320241646403628968    .4124575362517539886395643354    .4657325043402976540446614082    .485520279396712123297984724    .4443474607805440751376080411    .4259779625563808969345473072    .2986225662265313672934309793    .2503436143897395054820660406    .1384068118876653734867430948    .0853882225100999874241507999    .015792027264856224484980828    .092191271665082220133662349    .1427910153064008286494979179    .3107926342068579065514711718    .4714917388925220839623344349    .6333195107940945458224277165    .757382862447003875624896933    .8604621264503685548670425559    .9432469578949771013114617772    .9999998816433507557659285312 
-2302.545498   30            10            2019          4 
   .0303567725635448007985464789    .0500044842110650879307836374    .071196855889446576312560665    .0913987585404056150381441887    .1428010870080969839754280504    .199351413641425469022371518    .2840222703820812838504874573    .3764863716061084322599561505    .4674413604138909397567960674    .5441178040078841473559451028    .6183413101876521529651875743    .6758394139667072064084789694    .7257984701937907157046761644    .776424614216244251604360697    .8357941250983262872315237959    .849316984918922978867451678    .8969885727747734607414042074    .8953139044551466231222328706    .9129261514379856132597471913    .9046852719346351869569006884    .9403058492788141205277499363    .934611716410912806205925404    .9770130501021700114956859801    1.0000002180195789555685904627 
-2528.6618     31            10            2019          5 
   .0289474219130450738805798387    .0590109361402145593372747593    .0922014165753601371286583283    .1315441234569209690279657011    .1698721829862736092268250345    .2199551161804239697060318624    .268941263715060669639569831    .3265350471146438009226856672    .3792861504848137461482591306    .4159029886875342523068921277    .4432506553466343344135621458    .4542331441871744177097941686    .4673578728480020538926953379    .4800471933415532278772906681    .5197583164344081126230482859    .559191822330688904305035968    .617547589796310443729564784    .6694418367849745663892261116    .7290753551938025085046960412    .7790306319334598244810753261    .8358697869363154851313054201    .8899810168366524934255739538    .9531630524888698045741031877    1.0000000790932183971775110456 
