-34.996735     1             11            2018          5 
  -1.8461599346339022768838293058   -3.653349376734715395593331778   -4.5236362763554943053973463525   -3.1763277345729537341126250777   -2.8511651158315197117673977301   -2.5887272055521750814754576391   -4.3803229072654920523300245009   -8.703389044720886105518129048   -14.884677099163679126067045969   -19.939194327699426817958875307   -21.875217788173668200762156813   -23.168704166260081118995814895   -19.563753590156338869897434718   -16.200031231484879946657881085   -12.425033363826654115019586827   -10.51144342465089957677480485   -7.032407451723710797592975459   -7.4541382217512576530353474403   -5.7822108262385048205211143268   -5.8445394977560049530334758371   -4.6477907153338732884653382666   -3.9115734653532679548535027625   -1.3659311361474148945608783219    1.0000010000932944173220730448 
-1046.3844453                2             11            2018          6 
   .1018935253471126880100613438    .1648569995232898365026948093    .180171447355516227874875502    .1809749761195155258296536912    .1389729182741321470215092464    .1519070746071993430845010288    .1397672725898269810605335458    .1813329707377292948756336028    .2109712171196396510501530866    .2617348730957860694032623728    .3143105781792339492835540146    .3779758976507025873313600565    .4343446637050272673811505481    .4841491119975080157090328262    .519648588472762917895029608    .5889240830824112404263393153    .6566954460059766716029565964    .7616948088056599095930769758    .8583493419022443490445107824    .9431236334147368847551809073    .9783000928559387865740094827    1.007429921894310100750500902    .9972214368121972311585163431    .9999995744393927106477411243 
-1126.063799   3             11            2018          7 
   .0017355117904824857974143968    .0184158393320306001596273676    .0363590233842514281910593593    .0681608183019122169648933009    .106605771455050567698784534    .1598255801845557775541277302    .2145016119108896067086870271    .292731016033666135110342891    .3647303113417999151929046251    .4525498470446788601539973669    .5338230396304570306144794199    .6438849207690407246632390853    .7306441257863401041631389839    .8694099755887810047608146224    .9770734135819599329824472938    1.067928834110401945351943598    1.1153240172673377985042568623    1.1263882216321919074498193685    1.0724641011215031520607474923    1.0269791116870812397015881691    .9893631257743683135665743926    .9542478862691864228911243065    .9559032098855350912493014084    1.0000001784978792307308690953 
-599.092506    4             11            2018          1 
   .0384994800786241181925250122    .1657357903922770818301639714    .2498766025292260958443703183    .269777869663420560296576302    .2192157282635079397905204309    .155947034997630232416894896    .0018373940401117285883726277   -.1027992995792873429800505633   -.1655728773212195713895309517   -.2334609406714895545697244959   -.219710309646236836753220879   -.2143777441943164617051644442   -.0467228177946862850592893245    .1096443860374377642440414703    .3438605856972612506690243927    .5467322604098806737535788839    .7089873362562141613569107139    .6977079429533041095993946551    .7235124720455107812682270474    .6909363676800857862842303689    .6762416420545243809142222854    .7624860859134165166806476461    .8679898259318236239129320706    .9999999899848521890874729119 
-192.27259     5             11            2018          2 
   .4438659717435542944524749992    .9685909988522024902249457398    1.5057918551989131680183847318    2.3052937498787528685185964364    3.3655374382796840672921709746    4.5610422161577997154976692206    5.9028954673154400218980770998    7.0557639026966870316772661147    7.8343096122021344800109053506    8.176391653121227523902392952    8.234283420221259826998741734    7.7094400195056404035541415446    7.4632270777649585934219744998    6.9785870154451032255819719285    6.7653740972647219242222721398    6.3894754837389978467549638771    6.0257210869214379439107779221    5.2257578680351681953210283379    4.33764375879057956206862351    3.2783560048782824426508219398    2.206375334102484394681530009    1.4996640966868964525832829318    1.038698755761286619169170187    .9999995319145594283615776955 
-157.7948403   6             11            2018          3 
   .0992443730747259421004021258    .5264667072894144562216081536    .9306242188959584123993691827    1.3838145758432634885083755175    2.0218151581728239817484070168    2.5198257385606036194327958644    3.1087543741441335328630514163    3.5758786467747386794623854377    3.8744783976311042915640886136    3.8705118547529592448911018037    3.7688025721839778052616084178    3.4630093034797412193965128022    3.1645255259971894023964483204    2.8795320501997428112356345533    2.6057613748223426542547094932    2.3284151706194920493861040398    2.015900516108320431564833619    2.0697229350407346620952852538    2.1002739973621304777225976254    2.0581249639250720164390571648    2.1201859285382476476323668487    1.8590462111580209888523205407    1.3220083724119083252432557518    .9999997446050838963965794514 
-1821.006885   7             11            2018          4 
  -.0184976950265621867761362143   -.0274670735250954309269401801    .0073831516567824508801898352    .0596780280707175909441989836    .1144365799583454073541298006    .2056971904309960914837507602    .2515230468225275271268400504    .3275123256878844804587325874    .3631032949114851918860262848    .4237278323085527488271962245    .4683508376740706282392776346    .5941932504005881339652375889    .6875179936510783703050084844    .8258903425288257490580547695    .9288839124844934345209793098    1.0310521148853316938447489725    1.0360724144104485360032013278    1.0560130309446907994529630787    1.0047683043219246257819612802    .9503324859751971777965024004    .878984595382240962806683732    .8835425133496955449457292964    .8909993769737998546886328769    1.0000000631518754526839693964 
-1159.548146   8             11            2018          5 
   .2112711756256820404592324707    .4680355032019515643294383742    .7222982528920364467557003019    .9208742247430578014136206467    1.0706601569608304992279294283    1.1463948302496789986674688711    1.1779157292533845334611918736    1.1565677584206149901428931266    1.1510569911255759103253311571    1.0725729710234903864009110321    1.0829451147257493868650452743    1.0521443238114581919222869423    1.0757233361140659354734546745    1.0909646178676223764148901498    1.1301928294403051031224709491    1.1506145774131572799737804074    1.2256015456558713690530966534    1.2545507532552253332652907368    1.3077378504988787244371998677    1.304397756330852690613503857    1.2699481302952296730247197515    1.1894296970399364512458976412    1.1055953169537472573389807309    .999999874088884964678301508 
-202.89423     9             11            2018          6 
  -.2340038452547418425846806979   -.3553729940964807131282146368   -.2336250764745749546450877386    .1000169891474981816880647616    .6904385600319930241485921014    1.3235102841515010062139273256    1.6971911916864269624621656318    2.0003649191995257824729663332    1.8795379247601077664948875086    1.5916534442600955187340714421    1.3306223641746736711043975967    1.2077268042565823582070323045    1.0857533996900749715750911201    1.1039692947404172114702325443    1.1480331402228639030296721597    1.0485290784267250971109429775    .9930336609375239502868070718    .9561203391540508569415699993    .9961505558832303905340235649    .9850418121796760804878482744    1.0225027099094932369441950123    1.0171812180168948126321778594    .9751967811011678350833338139    .9999998521397084579487548759 
-237.44459153                10            11            2018          7 
   .0023989971568926221901045968    .0597896541189749962210899637    .1027972035190200737607847252    .1895727744732093287785151347    .2690625193369718190439003763    .3894014574272497433456281008    .4229626766938219340287030374    .4566092632449020094974575983    .3659860578000169705528941934    .2494728543543844601293791364    .102684292966594992798571073    .0198662305576415417458382233   -.0660247087498695826790559368   -.0664178952166508418596701317   -.1252202874296397329273798515   -.2032469120017947119252289166   -.3271750663993740535800697671   -.303680279830208689361087171   -.3431358426612379786303233638   -.122831561721695619874117585    .0577858182053661367723299602    .3563252776356046908355537729    .5487393886734952998067978356    1.0000000356714800089681368873 
 1523.741606   11            11            2018          1 
  -.0417372733996212741072845654   -.1162503532767615456186473653   -.1878544228712226946961767217   -.2144084001602040654654146131   -.2230445757087241995280924291   -.1831515913860266410550451295   -.1209699198828597189332113046   -.0429703958611995792677725176   -.0034809359927656920592086267    .0457744211520860709502737041    .0509031384944672830571773466    .0569240543530843247185047988    .0545859610792828872850243613    .0377377238854499061306067664    .0243722162955757736262797828    .0191421694368303545555347919    .0732004688726731532196542253    .1426646087131914937026402887    .3052864069395241019624688256    .4868097038757370519683768483    .6772867498900597717222141665    .8344708807537805067980797789    .9639672462943825398175811181    1.0000002585740249190255424449 
 155.084894    12            11            2018          2 
  -.0148450693076528781713581982   -.3844530467293610169408246815   -1.153815148495378279718203889   -1.6946118556201869667589933034   -2.1091435249651071754287042296   -2.3174204187804390542382548232   -1.8708327582182182102145938211   -1.4120279180769211474587589427   -.5923625288740243134189458839    .2604278144588343981458310182    1.1052404626849085636928636002    1.729973778103752645309220123    2.0353671583255555502394707766    2.1262838145925418113256085406    1.8010928904526317050582631214    1.433289176442935828424398317    1.1170649541147444057317407071    1.198556449991834794689932857    1.2697709939434849147848016713    1.5982452810652209621396136751    1.8820421026950568119161883039    1.6811540652050869635310838205    1.5170523313508535525065387735    1.0000000386884876098893293888 
-108.413881    13            11            2018          3 
   .5860462646845010557273565366    1.2770209748325493485469817283    1.9051204337938976651892021096    2.4276402391682666539721052879    2.8844756512314138076101159039    3.0572699449805694161986507982    2.9246799125289131564250522495    2.3777997579479697807331516893    1.6347961936719154994552773182    1.3966145165488541084512969331    1.4694087005334676654551274666    1.6033611046541171236181462778    2.0199996345486423459003372456    1.7314517132727680876953385702    .6171602693570208043746722802   -.7159319386416947844529244369   -2.2044621758352143117171499469   -3.3254985125013650235434335203   -3.6766694109954425485422849128   -3.2838599330283176561126891122   -2.7065058209658595286336073514   -1.4772877653923301574269811446   -.4273532095027573083561135497    1.0000001752543108386646540216 
-467.2891711   14            11            2018          4 
   .2909735735581654269582537732    .5433269497821666939972450819    .7734953479644202266428253638    .9764101721551749436634869196    1.1728275207188938857907122599    1.3353853215367181445904471549    1.4623292005492827479733565775    1.5462038170051657762458257831    1.521583944105226452143649943    1.3674359251591910044157237694    1.1955907274393930418217645703    .9933915200886622899958744625    .8044485582987223647220529395    .6964000454664077705608958418    .6943584830699279177026064835    .6647316462925840739646448871    .7544600256198832337974544602    .7829000170040533601400205869    .790489107912477366629906909    .8013973427170651590560686973    .7962940787266191369269674052    .8209220836361041879063565571    .867753898609442867100071774    .9999998478458213944260605615 
-1761.930079   15            11            2018          5 
   .0337545403809409624137530829    .0898033366283203114554468083    .1427633269889820639131049195    .2298157599022407063407650696    .3114360816811959312716858386    .4200158728319207041586580463    .5286331796597928447079993349    .6601771624559455630929154482    .7672171649213328402460402062    .8991979981970669336646247243    1.0062283521524465670921780092    1.080952656805173935622447592    1.1265815957501455425235407426    1.1501784458723688092505741256    1.1367829086252860321365794675    1.1281117359254753945318167192    1.1340041377430846391719952015    1.1418750516716730618911240007    1.1614847969230906126099456867    1.1644650513966280951379342449    1.153145078920013147695402957    1.1072703867495527329606364022    1.056045312000147765228088827    .9999999551628064350673929326 
-1836.60683    16            11            2018          6 
  -.0249902696920712202730945959   -.0311348074427012775510586553    .0035486043575259926480835313    .0497264948099969768706566337    .0831928192274010001367576315    .112745143172531923993770621    .1224008297954549150838124674    .1328084465416041167613429816    .1468735145670780283442591793    .1903797232421268954989130689    .232877115021945116037709606    .292056302545711430246614078    .359431310619704055004521572    .4193919392099832276023932678    .482659590240116879016506761    .5705488964124128842535122229    .6509368148217111879084104245    .7428541469596952331926153188    .8225908644802328215233741671    .8893438559193423014766856769    .9151838992126583782768574371    .9558681647720976840753663102    .9670322308449653320738222453    1.0000000925619992385632149696 
-1137.575649   17            11            2018          7 
   .0679296362118243619330497817    .1683175973117195303114298643    .2834035699370002952656381976    .421575040237170196318082403    .5305211135017887500508548597    .6081681693944206430529878545    .6421459536709896644420875785    .6127600398380187197554894215    .5681477100605552782890133753    .5301031193223089113434424439    .520430356012305956102616961    .5512741069583144707416288936    .615624464725158687007021192    .7112742793951982704580554888    .7552061269553423782896041932    .8100463479594050276651095931    .8065562943497922923629670628    .8149804374021019502325862462    .7658458589244995345360104487    .7960793647403400070495004065    .7906665379051200136932607635    .8506153422417360482722498924    .9043257922269396257092349205    1.0000003085509085119314117808 
-1221.560186   18            11            2018          1 
   .0714777306928371026656888767    .170006113804367229106794088    .2802796816103828059766184947    .3900507772443068146950886299    .4695222606084511009103893633    .5331521176476850236833111717    .5366502670217184043030033724    .5035778073402271150968897082    .4606046484229472095777686062    .4146631543867294967650492826    .3915453413443191574352767912    .4033775049705164506728610751    .434020121215705699170519626    .4655694467763211791514626198    .5133835460482173900844538494    .5786300242106941098356982633    .6456257407852354480714878178    .6877481024909565937670466938    .7264559783221356561141228943    .7344006544103263692976974611    .7156425119441474658539665274    .777319620336742048991436268    .8661357926739108702418040334    .9999998477357054267975298926 
-724.7208741   19            11            2018          2 
   .2955219142348696976768921247    .565582853548995077855450997    .7240511743940673117145419339    .9112359304126741724824840394    1.0283359106021367461533698357    1.2600164182300044502057485307    1.4634337686451910078906888215    1.732937527927070922490488259    1.9096110646994264629530421856    2.0735748806272723861645977116    2.1016753545170170778719674248    2.1567517314042824532463677246    2.1328321775187570797748600408    2.1325341317362780788709174011    2.121742390695684254473994321    2.1135212945289718128735765085    2.027448156263890343489141677    1.9518286978509427206244727649    1.7339682695914774672832898881    1.5417287398925218842402872634    1.2760078163174298445393709131    1.1139154795320666478371552124    .9675394004219699900044592906    .9999998977537385106760787863 
-1960.413548   20            11            2018          3 
   .0172095270584204307896366364    .0694925313788945514877659884    .1253516638112929425643818291    .1819793075618961188693029783    .2360467261982011154719891785    .3323401333686355446468277519    .4205675893441642344740621023    .5435689837417916069206842678    .6556841036481145558783906139    .761764782498840392629239267    .8180809613543846004883863412    .8693420843467870178175283657    .8753902980066530329854667991    .8747322735804721137338314293    .8708132025212876155863007737    .8600384351149158657008016147    .8694828709682024703085759332    .8525956177487098247700948861    .8677495632161383124658960988    .8693629983014175741658361565    .8892052402812715105761960384    .9069565968945242159691501989    .9607758536057617573656963934    .9999997204671429867102713983 
-1652.613812   21            11            2018          4 
   .0800888259791453322308309499    .1563951590645425393552259625    .239151577416442408385244695    .3157070310144545736133542614    .398890227839872368197295449    .4699747723033068780862881957    .5405634961496981606976911796    .592314667160726840155442196    .6532984246896757752621276047    .7093423711504112734596944056    .7738329370806444645641143897    .8568257082919745075929451327    .9395800692969156910326004222    1.0066913321912863209205708853    1.0587101398375581287953074423    1.0640126490725469018408518541    1.0423191355973006959232651022    .9907269248939328119327130494    .9321494161637806764258121788    .8820318391481530229398808873    .8670265185947750024008633906    .8710207972048584088682419895    .9198144109423672177320517275    1.0000001137591847743797024492 
-175.49695     22            11            2018          5 
   .5045660337686780311566668253    1.2519864305334081304546888137    1.5491881767745821223673687776    1.8424770345011693935421669721    2.3016719093978556322488795389    3.0761577337953736517928089349    3.9888083525098299429135378136    4.9159492515396991229762112675    5.9017834782883691141071112632    6.156676796947183412589221636    6.4506990007518649184501497035    6.2581315515739732228964662919    6.1737654130171493008852860406    5.4888384100122537742108908445    5.0553813043474544714309849829    4.1042861428645910940332581278    3.2046659500350290987963038674    2.5652707924553674579529729719    1.9185689551869704858118616876    1.4919153865636981155512959057    1.1626065296291474011371707599    .9376886606861258842390138404    .7264154733173425521070309199    1.0000008547157087345392612236 
-1481.1604849                23            11            2018          6 
   .0290781994517682666542220283    .0991903993508975092156132905    .1767391195409010063849293823    .251712764282373679735479419    .3224921977527973410492919909    .4003646505868244689627150341    .4543348994659640072335553839    .5120193306069746608590476042    .5411310983320710921026272917    .5654500700891605321275608114    .5715159218936033067269954415    .5849200061926388757388865175    .6064843811038129592759027027    .6422828651577403420371250548    .6952825237364661752866345321    .753113529136116099474265687    .7952392816363339102741681574    .8188869554414886348687251561    .832117122057311508823928118    .832756485589929607498942264    .8420397470191786642903303395    .8797790741007905753103311135    .9291518468323945225174161004    .9999996726215660332459899532 
-2176.44936    24            11            2018          7 
   .0356073802700376175993361959    .07124296243676443728513858    .0977737428267111163110176843    .1226187040712952770010693012    .1519153195459599390816977244    .1977344880654608936088455557    .2397754845993751952032552689    .2901756923946992270015416302    .3429625856307541196363971455    .3867424234488047082335974957    .4338756128927346143261518384    .4803566851654200674809176355    .529091106443202519538520299    .5775475520367724062277286341    .6317077829920196259470976159    .6792241653626161097540996773    .7299806874440671571609642229    .7882967697442774409416996497    .8336316173237313456261624208    .8843591931769090184574751604    .9346718730915016557058786794    .9590179483891139098223723432    .9850001747800830982807704747    .9999998345929812950024254183 
-1291.663522   25            11            2018          1 
   .0167130213343595531220707493    .0348738036127647181477034853    .091128531537178457223629793    .1317179722909291851937891918    .2053213514842915878211198721    .2716916550036318204548630119    .316676977427252915794582608    .3568471913539105116881980042    .36352261405737832704700319    .3912450041304177977707107533    .4120183708338865669382896763    .4253954614660086375033512791    .4390579979543619874712231751    .4185106963173958860162035295    .3746868993022472302968698376    .3315203167903660904035346753    .3213389500675238547148504206    .3251483012771804513342910678    .400942576127035659988236472    .4795395932842640112894664529    .5810880211572623477710939026    .7119997463240275666776939451    .8442810232121736731990794736    .9999995958699838548200480961 
-1990.449709   26            11            2018          2 
   .090235387102664044248906969    .1552626517528356201236732678    .1803168391430079583085814101    .2107954790833652758216962316    .2434833685114723991250562161    .2853976653775380566523019849    .3779020874523386413276116588    .4609948173274846604024397383    .5334673843799185382985227687    .5731513812389419179241368112    .6094049975316407253171147566    .6114246416260497441184031442    .6249813770100131678333200229    .6428391504766222656671000573    .6486584384232739235714093593    .652718827371287279280865267    .65925403393349437295428799    .677069103482684374619384066    .711220179841278270648334175    .7622433227726428329468534188    .8291754333392203279223871112    .8889654393172111036742601769    .9539798927921569506984212883    1.0000001461981172818468833768 
-1372.078074   27            11            2018          3 
   .0820402294395967441135569083    .1413119294551164148987049552    .2462458269703390071081334108    .3402905482184682152423929777    .4615665915815808015018247424    .5940052650385840944500072231    .7201923263150985969330488696    .8161058916535095072148204884    .9051649636666375298407399519    .9496762791357017195509823445    .9811103504303939485589360128    1.0115269869110961392711534577    1.0326613527678892126950495967    1.0499708633927197352765218811    1.0597523767441239644792982823    1.0452211336772662398801658862    1.0400924167818164551472892351    1.018587080781527013892068069    1.002976453073179857547960496    .9995684837392132249757093633    .9947291089792606072939840594    .9879466961003270138984816982    .9887680779308189717489793514    .9999999460672090005280559567 
-592.51595     28            11            2018          4 
   .0554530726134882951252198359    .160616385094780992815467668    .2962605479228027532423388771    .4555576942696648081794253809    .7035938863755482025420581505    .9261963327738265948790070546    1.2086894875994477448244220261    1.4388201701574447067627462181    1.6220628322326175354435606333    1.6917553021146519346863151954    1.722524094077129906798289565    1.6451813660037337391508194843    1.5392394078167853540482749874    1.3997614747754891661566241381    1.2447183911251671790438721523    1.1498726743136619360204564957    1.0077971740676348037550719099    .9886149056409367545295616093    .9488252594719180133463073863    .9693136530754994865539062704    .9270192642071491915112158584    .9766526960160312983979587385    .939294714344820590905611908    .9999999156140860005540779113 
-179.25088     29            11            2018          5 
   .0717757703616294659194978569    .4196795575006382116506206274    .6639822354010200675165444097    1.024185209021010106059172485    1.5612101876431513195360602972    2.1012856394345176994389093097    2.6512829393083035352462425847    3.0725082074910873519839902599    3.4330492547651648906828239839    3.5524913462070590671577177194    3.7396424497330222311879305697    3.9113704769538648847916395166    4.1697680926308423144143002255    4.4345528457098788022686415821    4.5427157735571507375584432277    4.0409402732081426880582120434    3.3954684071843887182032244416    2.236543552812683541637285128    1.1710692856849573067646864551    .275197588988126585487334846    .0130289848507298820513461357   -.1182996144844588768546073526    .4026308266938494248954314757    .9999995536981464191417079793 
-1559.26878    30            11            2018          6 
   .0740590086078681059720826322    .1572762843363028149643321917    .2473287511085805232373087083    .3413882242931843989078008732    .4314719236538552384791543123    .5396594934710358274472730737    .6306248240280934759689089651    .7234878389600027777122556125    .8036318151640283594980975634    .8656134319575102375871336307    .9029373370766776976064383204    .940647961924819658096405932    .9531223988208113805754515267    .9662464992084302489529739703    .9733107078562811986782676429    .9870947329555331698490108934    1.0083386649991158034986117018    1.0367718643093719865281981725    1.0726675358689603212603281905    1.0679390374249653097011279864    1.05496757268493505013292192    1.0207149789788005631716681969    .9957186470442895675753862012    1.0000001410917750819073027294 
