-204.377745    1             8             2020          7 
 1268.35232    2             8             2020          1 
 3400.645646   3             8             2020          2 
 1088.251253   4             8             2020          3 
 120.086701    5             8             2020          4 
 1902.75302    6             8             2020          5 
 119.1703902   7             8             2020          6 
 2208.9099406                8             8             2020          7 
 2414.65007    9             8             2020          1 
 1882.1477     10            8             2020          2 
 368.777161    11            8             2020          3 
 859.356677    12            8             2020          4 
 1548.262923   13            8             2020          5 
-1013.852557   14            8             2020          6 
-219.389193    15            8             2020          7 
 2280.713286   16            8             2020          1 
 1225.037606   17            8             2020          2 
 2774.40148    18            8             2020          3 
 701.39173     19            8             2020          4 
 753.373212    20            8             2020          5 
-388.060262    21            8             2020          6 
 893.723904    22            8             2020          7 
 133.815088    23            8             2020          1 
 1205.585698   24            8             2020          2 
 1207.98148    25            8             2020          3 
 321.44044     26            8             2020          4 
 2134.562036   27            8             2020          5 
 2123.492062   28            8             2020          6 
 1025.0126701                29            8             2020          7 
 1364.714421   30            8             2020          1 
 2.541548      31            8             2020          2 
