-34.996735     1             11            2018          5 
-1046.3844453                2             11            2018          6 
-1126.063799   3             11            2018          7 
-599.092506    4             11            2018          1 
-192.27259     5             11            2018          2 
-157.7948403   6             11            2018          3 
-1821.006885   7             11            2018          4 
-1159.548146   8             11            2018          5 
-202.89423     9             11            2018          6 
-237.44459153                10            11            2018          7 
 1523.741606   11            11            2018          1 
 155.084894    12            11            2018          2 
-108.413881    13            11            2018          3 
-467.2891711   14            11            2018          4 
-1761.930079   15            11            2018          5 
-1836.60683    16            11            2018          6 
-1137.575649   17            11            2018          7 
-1221.560186   18            11            2018          1 
-724.7208741   19            11            2018          2 
-1960.413548   20            11            2018          3 
-1652.613812   21            11            2018          4 
-175.49695     22            11            2018          5 
-1481.1604849                23            11            2018          6 
-2176.44936    24            11            2018          7 
-1291.663522   25            11            2018          1 
-1990.449709   26            11            2018          2 
-1372.078074   27            11            2018          3 
-592.51595     28            11            2018          4 
-179.25088     29            11            2018          5 
-1559.26878    30            11            2018          6 
