-1600.402931   1             9             2018          7 
-3021.830767   2             9             2018          1 
-1504.359242   3             9             2018          2 
-1660.151757   4             9             2018          3 
-583.693551    5             9             2018          4 
-1736.152263   6             9             2018          5 
 438.388183    7             9             2018          6 
-1535.881486   8             9             2018          7 
-2020.76445    9             9             2018          1 
-1398.0170139                10            9             2018          2 
-1171.656209   11            9             2018          3 
-168.819215    12            9             2018          4 
-485.3649751   13            9             2018          5 
-1396.378233   14            9             2018          6 
-620.780768    15            9             2018          7 
-2682.34946    16            9             2018          1 
-1104.5426408                17            9             2018          2 
-1647.757969   18            9             2018          3 
-1763.2127     19            9             2018          4 
-28.288293     20            9             2018          5 
-1659.014826   21            9             2018          6 
-1708.129      22            9             2018          7 
-1282.205085   23            9             2018          1 
-3495.05158    24            9             2018          2 
 77.4964165    25            9             2018          3 
-1358.9639588                26            9             2018          4 
-1462.734226   27            9             2018          5 
-2169.878819   28            9             2018          6 
-1122.66194    29            9             2018          7 
-2119.769711   30            9             2018          1 
