-902.171656    1             9             2020          3 
-560.13957295                2             9             2020          4 
-578.769434    3             9             2020          5 
-1265.070646   4             9             2020          6 
-1714.622182   5             9             2020          7 
-2348.83322    6             9             2020          1 
 260.130289    7             9             2020          2 
-1533.86752    8             9             2020          3 
-1185.745242   9             9             2020          4 
-3019.63929    10            9             2020          5 
 65.959265     11            9             2020          6 
-402.846491    12            9             2020          7 
-4915.551316   13            9             2020          1 
 1316.479439   14            9             2020          2 
-269.374822    15            9             2020          3 
-1372.420645   16            9             2020          4 
 311.100469    17            9             2020          5 
 89.676165     18            9             2020          6 
 642.662322    19            9             2020          7 
 240.476279    20            9             2020          1 
-2164.29237    21            9             2020          2 
 892.9088354   22            9             2020          3 
 10.1220666    23            9             2020          4 
-237.542408    24            9             2020          5 
-200.4602399   25            9             2020          6 
-4.878235      26            9             2020          7 
 549.714645    27            9             2020          1 
 878.276915    28            9             2020          2 
 761.418944    29            9             2020          3 
-43.955333     30            9             2020          4 
