 12.7697       0             1             2             2018          5 
-15.05767      1             1             2             2018          5 
-5.186816      2             1             2             2018          5 
-66.68745      3             1             2             2018          5 
-72.38247      4             1             2             2018          5 
-115.376       5             1             2             2018          5 
-105.2964      6             1             2             2018          5 
-76.73496      7             1             2             2018          5 
-74.5272       8             1             2             2018          5 
-67.46284      9             1             2             2018          5 
-70.91357      10            1             2             2018          5 
-55.60273      11            1             2             2018          5 
-103.4242      12            1             2             2018          5 
-45.93473      13            1             2             2018          5 
-69.38079      14            1             2             2018          5 
-34.20667      15            1             2             2018          5 
-34.8312       16            1             2             2018          5 
 20.58477      17            1             2             2018          5 
-50.51772      18            1             2             2018          5 
-17.35682      19            1             2             2018          5 
-116.0557      20            1             2             2018          5 
-159.3864      21            1             2             2018          5 
-270.2886      22            1             2             2018          5 
-270.643       23            1             2             2018          5 
-326.0793      0             2             2             2018          6 
-242.0633      1             2             2             2018          6 
-197.9074      2             2             2             2018          6 
-102.4091      3             2             2             2018          6 
-62.94722      4             2             2             2018          6 
-18.7854       5             2             2             2018          6 
-28.19912      6             2             2             2018          6 
-39.48408      7             2             2             2018          6 
-48.51318      8             2             2             2018          6 
-62.77788      9             2             2             2018          6 
-67.9146       10            2             2             2018          6 
-75.72798      11            2             2             2018          6 
-117.2263      12            2             2             2018          6 
-113.1183      13            2             2             2018          6 
-143.4202      14            2             2             2018          6 
-87.67495      15            2             2             2018          6 
-119.9869      16            2             2             2018          6 
-30.01421      17            2             2             2018          6 
-65.68042      18            2             2             2018          6 
-29.30903      19            2             2             2018          6 
-76.38066      20            2             2             2018          6 
-29.2189       21            2             2             2018          6 
-79.67387      22            2             2             2018          6 
-37.51909      23            2             2             2018          6 
-40.66089      0             3             2             2018          7 
-48.30342      1             3             2             2018          7 
-71.50547      2             3             2             2018          7 
-73.59776      3             3             2             2018          7 
-90.74599      4             3             2             2018          7 
-85.81279      5             3             2             2018          7 
-83.96397      6             3             2             2018          7 
-68.03438      7             3             2             2018          7 
-69.99092      8             3             2             2018          7 
-111.3577      9             3             2             2018          7 
-126.2413      10            3             2             2018          7 
-177.0364      11            3             2             2018          7 
-188.2314      12            3             2             2018          7 
-190.0103      13            3             2             2018          7 
-95.82109      14            3             2             2018          7 
-88.04356      15            3             2             2018          7 
-5.839551      16            3             2             2018          7 
-26.67959      17            3             2             2018          7 
-70.33565      18            3             2             2018          7 
-120.1009      19            3             2             2018          7 
-166.88        20            3             2             2018          7 
-173.5361      21            3             2             2018          7 
-212.8566      22            3             2             2018          7 
-147.7467      23            3             2             2018          7 
-203.7355      0             4             2             2018          1 
-159.5122      1             4             2             2018          1 
-180.4844      2             4             2             2018          1 
-139.911       3             4             2             2018          1 
-133.7414      4             4             2             2018          1 
-30.47617      5             4             2             2018          1 
-20.26812      6             4             2             2018          1 
 25.51694      7             4             2             2018          1 
 20.69858      8             4             2             2018          1 
 34.01609      9             4             2             2018          1 
-26.6134       10            4             2             2018          1 
 9.848022      11            4             2             2018          1 
-14.2254       12            4             2             2018          1 
 37.08054      13            4             2             2018          1 
 25.32994      14            4             2             2018          1 
 123.5892      15            4             2             2018          1 
 63.01507      16            4             2             2018          1 
 127.236       17            4             2             2018          1 
 .1901367      18            4             2             2018          1 
 9.683032      19            4             2             2018          1 
-131.7567      20            4             2             2018          1 
-103.7335      21            4             2             2018          1 
-172.2495      22            4             2             2018          1 
-57.14643      23            4             2             2018          1 
-91.3791       0             5             2             2018          2 
-24.65127      1             5             2             2018          2 
-29.28418      2             5             2             2018          2 
-80.70015      3             5             2             2018          2 
-81.3314       4             5             2             2018          2 
-109.7778      5             5             2             2018          2 
-123.0951      6             5             2             2018          2 
-120.6507      7             5             2             2018          2 
-114.8298      8             5             2             2018          2 
-141.8971      9             5             2             2018          2 
-135.0277      10            5             2             2018          2 
-137.0361      11            5             2             2018          2 
-141.7751      12            5             2             2018          2 
-130.79        13            5             2             2018          2 
-92.89957      14            5             2             2018          2 
-96.22135      15            5             2             2018          2 
-69.86021      16            5             2             2018          2 
-50.65612      17            5             2             2018          2 
 35.13088      18            5             2             2018          2 
-.1806671      19            5             2             2018          2 
 65.17171      20            5             2             2018          2 
 13.09816      21            5             2             2018          2 
-37.91637      22            5             2             2018          2 
-117.2012      23            5             2             2018          2 
-105.7803      0             6             2             2018          3 
-160.3309      1             6             2             2018          3 
-133.955       2             6             2             2018          3 
-135.3335      3             6             2             2018          3 
-140.9038      4             6             2             2018          3 
-116.7012      5             6             2             2018          3 
-100.9842      6             6             2             2018          3 
-50.29937      7             6             2             2018          3 
-14.17178      8             6             2             2018          3 
-35.82705      9             6             2             2018          3 
-50.48376      10            6             2             2018          3 
-57.06111      11            6             2             2018          3 
-84.23623      12            6             2             2018          3 
-43.99323      13            6             2             2018          3 
 12.21098      14            6             2             2018          3 
 30.29048      15            6             2             2018          3 
 51.72927      16            6             2             2018          3 
 53.53262      17            6             2             2018          3 
 19.55557      18            6             2             2018          3 
-1.691801      19            6             2             2018          3 
-16.05315      20            6             2             2018          3 
-41.99624      21            6             2             2018          3 
-35.24572      22            6             2             2018          3 
-51.71315      23            6             2             2018          3 
-34.755        0             7             2             2018          4 
-45.59536      1             7             2             2018          4 
-43.18267      2             7             2             2018          4 
-71.17857      3             7             2             2018          4 
-63.32813      4             7             2             2018          4 
-99.38076      5             7             2             2018          4 
-99.30962      6             7             2             2018          4 
-106.9705      7             7             2             2018          4 
-81.43809      8             7             2             2018          4 
-96.68974      9             7             2             2018          4 
-40.25444      10            7             2             2018          4 
-43.74126      11            7             2             2018          4 
-28.62896      12            7             2             2018          4 
 47.41516      13            7             2             2018          4 
 58.78292      14            7             2             2018          4 
 122.5889      15            7             2             2018          4 
 89.69729      16            7             2             2018          4 
 133.0591      17            7             2             2018          4 
-20.49288      18            7             2             2018          4 
 34.12202      19            7             2             2018          4 
-68.15231      20            7             2             2018          4 
-11.72273      21            7             2             2018          4 
-44.20438      22            7             2             2018          4 
 9.41688       23            7             2             2018          4 
-45.57705      0             8             2             2018          5 
-40.08435      1             8             2             2018          5 
-54.11743      2             8             2             2018          5 
-62.74619      3             8             2             2018          5 
-57.20181      4             8             2             2018          5 
-63.54522      5             8             2             2018          5 
-83.8208       6             8             2             2018          5 
-113.3785      7             8             2             2018          5 
-118.6517      8             8             2             2018          5 
-150.8398      9             8             2             2018          5 
-123.9504      10            8             2             2018          5 
-90.41035      11            8             2             2018          5 
-72.00191      12            8             2             2018          5 
 1.169824      13            8             2             2018          5 
-22.92594      14            8             2             2018          5 
 20.95194      15            8             2             2018          5 
-113.5034      16            8             2             2018          5 
-39.7573       17            8             2             2018          5 
-187.2431      18            8             2             2018          5 
-121.7727      19            8             2             2018          5 
-189.4139      20            8             2             2018          5 
-105.9173      21            8             2             2018          5 
-175.9509      22            8             2             2018          5 
-97.95615      23            8             2             2018          5 
-103.4743      0             9             2             2018          6 
-84.78271      1             9             2             2018          6 
-48.90347      2             9             2             2018          6 
-31.79292      3             9             2             2018          6 
-35.96528      4             9             2             2018          6 
-43.69287      5             9             2             2018          6 
-69.42744      6             9             2             2018          6 
-55.31621      7             9             2             2018          6 
-75.02129      8             9             2             2018          6 
-20.14224      9             9             2             2018          6 
-50.48389      10            9             2             2018          6 
 1.039404      11            9             2             2018          6 
-37.09795      12            9             2             2018          6 
 9.229688      13            9             2             2018          6 
-98.14014      14            9             2             2018          6 
-31.21821      15            9             2             2018          6 
-164.7436      16            9             2             2018          6 
-180.2578      17            9             2             2018          6 
-285.3412      18            9             2             2018          6 
-237.8053      19            9             2             2018          6 
-302.9248      20            9             2             2018          6 
-183.2047      21            9             2             2018          6 
-115.8288      22            9             2             2018          6 
-76.68539      23            9             2             2018          6 
-66.77872      0             10            2             2018          7 
-58.32227      1             10            2             2018          7 
-111.816       2             10            2             2018          7 
-137.4812      3             10            2             2018          7 
-93.68721      4             10            2             2018          7 
-97.81289      5             10            2             2018          7 
-55.73457      6             10            2             2018          7 
-37.2001       7             10            2             2018          7 
-47.70347      8             10            2             2018          7 
-79.89668      9             10            2             2018          7 
-88.173        10            10            2             2018          7 
-117.2921      11            10            2             2018          7 
-95.66162      12            10            2             2018          7 
-85.95371      13            10            2             2018          7 
-30.94734      14            10            2             2018          7 
-12.96404      15            10            2             2018          7 
 27.59712      16            10            2             2018          7 
 13.34791      17            10            2             2018          7 
 33.49004      18            10            2             2018          7 
 8.442072      19            10            2             2018          7 
-8.137472      20            10            2             2018          7 
-50.94062      21            10            2             2018          7 
-71.275        22            10            2             2018          7 
-95.81783      23            10            2             2018          7 
-118.0661      0             11            2             2018          1 
-82.12978      1             11            2             2018          1 
-78.03349      2             11            2             2018          1 
-98.14238      3             11            2             2018          1 
-94.37266      4             11            2             2018          1 
-118.7669      5             11            2             2018          1 
-143.7504      6             11            2             2018          1 
-116.8127      7             11            2             2018          1 
-60.75527      8             11            2             2018          1 
-27.49873      9             11            2             2018          1 
 17.36035      10            11            2             2018          1 
 34.57051      11            11            2             2018          1 
-44.52788      12            11            2             2018          1 
-84.07626      13            11            2             2018          1 
-164.6292      14            11            2             2018          1 
-193.9419      15            11            2             2018          1 
-196.1087      16            11            2             2018          1 
-122.0479      17            11            2             2018          1 
-100.1685      18            11            2             2018          1 
-39.80993      19            11            2             2018          1 
-37.45376      20            11            2             2018          1 
-51.40475      21            11            2             2018          1 
-73.73451      22            11            2             2018          1 
-79.74611      23            11            2             2018          1 
-103.6213      0             12            2             2018          2 
-95.62913      1             12            2             2018          2 
-109.7856      2             12            2             2018          2 
-111.3651      3             12            2             2018          2 
-119.0085      4             12            2             2018          2 
-119.091       5             12            2             2018          2 
-154.4676      6             12            2             2018          2 
-145.0599      7             12            2             2018          2 
-171.623       8             12            2             2018          2 
-144.6477      9             12            2             2018          2 
-138.1734      10            12            2             2018          2 
-54.56689      11            12            2             2018          2 
-49.70049      12            12            2             2018          2 
 130.9975      13            12            2             2018          2 
 155.7578      14            12            2             2018          2 
 281.0571      15            12            2             2018          2 
 331.7627      16            12            2             2018          2 
 341.6551      17            12            2             2018          2 
 258.6031      18            12            2             2018          2 
 220.078       19            12            2             2018          2 
 105.7769      20            12            2             2018          2 
 45.04944      21            12            2             2018          2 
 34.12766      22            12            2             2018          2 
 23.40449      23            12            2             2018          2 
-9.983203      0             13            2             2018          3 
-10.40918      1             13            2             2018          3 
-79.67265      2             13            2             2018          3 
-99.56142      3             13            2             2018          3 
-159.2229      4             13            2             2018          3 
-139.5713      5             13            2             2018          3 
-183.5971      6             13            2             2018          3 
-172.3036      7             13            2             2018          3 
-101.9525      8             13            2             2018          3 
-117.2699      9             13            2             2018          3 
-21.91577      10            13            2             2018          3 
 17.14097      11            13            2             2018          3 
 83.84248      12            13            2             2018          3 
-3.596143      13            13            2             2018          3 
 122.6941      14            13            2             2018          3 
-11.36802      15            13            2             2018          3 
 54.61548      16            13            2             2018          3 
 50.22974      17            13            2             2018          3 
 89.65474      18            13            2             2018          3 
 16.72241      19            13            2             2018          3 
 78.05019      20            13            2             2018          3 
-10.0187       21            13            2             2018          3 
-4.370117E-02                22            13            2             2018          3 
-1.891602      23            13            2             2018          3 
-37.09902      0             14            2             2018          4 
-38.16518      1             14            2             2018          4 
-52.76435      2             14            2             2018          4 
-88.10835      3             14            2             2018          4 
-84.95737      4             14            2             2018          4 
-73.87685      5             14            2             2018          4 
-85.26201      6             14            2             2018          4 
-60.63467      7             14            2             2018          4 
-75.32593      8             14            2             2018          4 
-87.45962      9             14            2             2018          4 
-59.06455      10            14            2             2018          4 
-36.91577      11            14            2             2018          4 
-2.330127      12            14            2             2018          4 
 63.74292      13            14            2             2018          4 
 124.1939      14            14            2             2018          4 
 149.1453      15            14            2             2018          4 
 196.2555      16            14            2             2018          4 
 186.6532      17            14            2             2018          4 
 102.0516      18            14            2             2018          4 
 102.5749      19            14            2             2018          4 
-3.242004      20            14            2             2018          4 
-10.68214      21            14            2             2018          4 
-50.17882      22            14            2             2018          4 
-25.46734      23            14            2             2018          4 
-88.844        0             15            2             2018          5 
-53.00234      1             15            2             2018          5 
-118.7092      2             15            2             2018          5 
-119.9812      3             15            2             2018          5 
-195.2079      4             15            2             2018          5 
-122.0709      5             15            2             2018          5 
-171.9799      6             15            2             2018          5 
-73.60704      7             15            2             2018          5 
-35.42049      8             15            2             2018          5 
 49.7375       9             15            2             2018          5 
-.3897963      10            15            2             2018          5 
 68.6506       11            15            2             2018          5 
 5.52285       12            15            2             2018          5 
-44.04066      13            15            2             2018          5 
-85.62471      14            15            2             2018          5 
-132.8658      15            15            2             2018          5 
-184.9503      16            15            2             2018          5 
-211.7299      17            15            2             2018          5 
-162.6095      18            15            2             2018          5 
-52.43237      19            15            2             2018          5 
-7.711816      20            15            2             2018          5 
 107.3868      21            15            2             2018          5 
 105.6462      22            15            2             2018          5 
 53.92988      23            15            2             2018          5 
-33.25391      0             16            2             2018          6 
-72.09517      1             16            2             2018          6 
-146.4669      2             16            2             2018          6 
-151.7646      3             16            2             2018          6 
-118.2439      4             16            2             2018          6 
-108.8901      5             16            2             2018          6 
-104.9761      6             16            2             2018          6 
-97.14233      7             16            2             2018          6 
-108.5166      8             16            2             2018          6 
-107.5478      9             16            2             2018          6 
-110.9713      10            16            2             2018          6 
-87.05923      11            16            2             2018          6 
-91.5729       12            16            2             2018          6 
-73.49087      13            16            2             2018          6 
-65.03609      14            16            2             2018          6 
-62.41719      15            16            2             2018          6 
-137.0754      16            16            2             2018          6 
-142.3356      17            16            2             2018          6 
-198.6642      18            16            2             2018          6 
-215.6443      19            16            2             2018          6 
-158.946       20            16            2             2018          6 
-89.72661      21            16            2             2018          6 
-48.54438      22            16            2             2018          6 
 7.841113      23            16            2             2018          6 
-15.90034      0             17            2             2018          7 
-35.76948      1             17            2             2018          7 
-76.01909      2             17            2             2018          7 
-76.93266      3             17            2             2018          7 
-122.415       4             17            2             2018          7 
-80.40566      5             17            2             2018          7 
-119.2409      6             17            2             2018          7 
-82.61733      7             17            2             2018          7 
-79.10972      8             17            2             2018          7 
-46.05317      9             17            2             2018          7 
-46.02925      10            17            2             2018          7 
-5.542871      11            17            2             2018          7 
 50.50371      12            17            2             2018          7 
 35.54873      13            17            2             2018          7 
 45.54974      14            17            2             2018          7 
 34.49836      15            17            2             2018          7 
-32.49142      16            17            2             2018          7 
-32.91151      17            17            2             2018          7 
-105.5373      18            17            2             2018          7 
-45.26572      19            17            2             2018          7 
-106.0885      20            17            2             2018          7 
-12.41215      21            17            2             2018          7 
-57.11872      22            17            2             2018          7 
 39.35024      23            17            2             2018          7 
-35.80835      0             18            2             2018          1 
 4.969922      1             18            2             2018          1 
-79.53477      2             18            2             2018          1 
-103.5886      3             18            2             2018          1 
-131.4041      4             18            2             2018          1 
-124.0658      5             18            2             2018          1 
-76.88823      6             18            2             2018          1 
-71.00747      7             18            2             2018          1 
-69.22642      8             18            2             2018          1 
-113.6432      9             18            2             2018          1 
-129.0098      10            18            2             2018          1 
-167.804       11            18            2             2018          1 
-140.1162      12            18            2             2018          1 
-184.8674      13            18            2             2018          1 
-129.1458      14            18            2             2018          1 
-171.4359      15            18            2             2018          1 
-138.2377      16            18            2             2018          1 
-141.6577      17            18            2             2018          1 
-62.21124      18            18            2             2018          1 
 20.32991      19            18            2             2018          1 
 73.99567      20            18            2             2018          1 
 189.811       21            18            2             2018          1 
 150.5691      22            18            2             2018          1 
 160.2692      23            18            2             2018          1 
 42.46619      0             19            2             2018          2 
 47.99827      1             19            2             2018          2 
-85.86558      2             19            2             2018          2 
-97.41001      3             19            2             2018          2 
-109.5972      4             19            2             2018          2 
-101.4302      5             19            2             2018          2 
-120.6678      6             19            2             2018          2 
-83.77739      7             19            2             2018          2 
-53.19028      8             19            2             2018          2 
-50.76406      9             19            2             2018          2 
-16.53237      10            19            2             2018          2 
 14.20605      11            19            2             2018          2 
-61.36602      12            19            2             2018          2 
-10.03931      13            19            2             2018          2 
-59.2868       14            19            2             2018          2 
-32.98438      15            19            2             2018          2 
-21.31706      16            19            2             2018          2 
 35.05602      17            19            2             2018          2 
-11.30583      18            19            2             2018          2 
 32.02868      19            19            2             2018          2 
-42.62555      20            19            2             2018          2 
-57.6374       21            19            2             2018          2 
-76.10384      22            19            2             2018          2 
-54.08189      23            19            2             2018          2 
-78.82896      0             20            2             2018          3 
-47.92461      1             20            2             2018          3 
-71.03711      2             20            2             2018          3 
-50.7875       3             20            2             2018          3 
-85.29082      4             20            2             2018          3 
-67.48515      5             20            2             2018          3 
-114.6479      6             20            2             2018          3 
-110.6417      7             20            2             2018          3 
-158.3831      8             20            2             2018          3 
-152.9475      9             20            2             2018          3 
-166.0538      10            20            2             2018          3 
-151.8484      11            20            2             2018          3 
-133.0995      12            20            2             2018          3 
-109.542       13            20            2             2018          3 
-132.6191      14            20            2             2018          3 
-122.892       15            20            2             2018          3 
-121.1655      16            20            2             2018          3 
-126.1494      17            20            2             2018          3 
-105.2986      18            20            2             2018          3 
-95.98643      19            20            2             2018          3 
-109.0732      20            20            2             2018          3 
-118.5517      21            20            2             2018          3 
-127.8451      22            20            2             2018          3 
-184.432       23            20            2             2018          3 
-169.1416      0             21            2             2018          4 
-196.6138      1             21            2             2018          4 
-177.2578      2             21            2             2018          4 
-178.2038      3             21            2             2018          4 
-74.90254      4             21            2             2018          4 
-63.13745      5             21            2             2018          4 
 36.60181      6             21            2             2018          4 
 62.01064      7             21            2             2018          4 
 72.51768      8             21            2             2018          4 
 50.89443      9             21            2             2018          4 
-75.9666       10            21            2             2018          4 
-89.13523      11            21            2             2018          4 
-183.6783      12            21            2             2018          4 
-198.38        13            21            2             2018          4 
-185.2078      14            21            2             2018          4 
-116.1547      15            21            2             2018          4 
-122.5049      16            21            2             2018          4 
-70.5612       17            21            2             2018          4 
-8.400782      18            21            2             2018          4 
-57.696        19            21            2             2018          4 
-9.12334       20            21            2             2018          4 
-48.14199      21            21            2             2018          4 
-41.57788      22            21            2             2018          4 
-88.62798      23            21            2             2018          4 
-104.2807      0             22            2             2018          5 
-107.7577      1             22            2             2018          5 
-120.0234      2             22            2             2018          5 
-122.7636      3             22            2             2018          5 
-127.7708      4             22            2             2018          5 
-104.2176      5             22            2             2018          5 
-116.6556      6             22            2             2018          5 
-83.97734      7             22            2             2018          5 
-87.825        8             22            2             2018          5 
-90.046        9             22            2             2018          5 
-143.5842      10            22            2             2018          5 
-125.4744      11            22            2             2018          5 
-187.4832      12            22            2             2018          5 
-174.1376      13            22            2             2018          5 
-142.803       14            22            2             2018          5 
-170.8074      15            22            2             2018          5 
-88.48486      16            22            2             2018          5 
-115.0027      17            22            2             2018          5 
-67.65615      18            22            2             2018          5 
-78.86226      19            22            2             2018          5 
-25.34819      20            22            2             2018          5 
-86.62119      21            22            2             2018          5 
 5.536914      22            22            2             2018          5 
-47.20215      23            22            2             2018          5 
-40.47529      0             23            2             2018          6 
-34.24932      1             23            2             2018          6 
-86.01729      2             23            2             2018          6 
-116.908       3             23            2             2018          6 
-163.414       4             23            2             2018          6 
-241.7856      5             23            2             2018          6 
-256.7738      6             23            2             2018          6 
-290.3095      7             23            2             2018          6 
-275.333       8             23            2             2018          6 
-200.736       9             23            2             2018          6 
-143.1234      10            23            2             2018          6 
-85.91264      11            23            2             2018          6 
-16.94531      12            23            2             2018          6 
-19.80684      13            23            2             2018          6 
-25.34492      14            23            2             2018          6 
-25.12373      15            23            2             2018          6 
-55.00195      16            23            2             2018          6 
-92.43789      17            23            2             2018          6 
-129.57        18            23            2             2018          6 
-169.8601      19            23            2             2018          6 
-162.7744      20            23            2             2018          6 
-147.7664      21            23            2             2018          6 
-102.8583      22            23            2             2018          6 
-5.129639      23            23            2             2018          6 
 2.308643      0             24            2             2018          7 
 40.4458       1             24            2             2018          7 
 46.57383      2             24            2             2018          7 
 26.40859      3             24            2             2018          7 
-17.74575      4             24            2             2018          7 
 24.07529      5             24            2             2018          7 
-33.09502      6             24            2             2018          7 
-35.34624      7             24            2             2018          7 
-40.00434      8             24            2             2018          7 
-64.10923      9             24            2             2018          7 
-83.5897       10            24            2             2018          7 
-89.93809      11            24            2             2018          7 
-111.245       12            24            2             2018          7 
-80.87852      13            24            2             2018          7 
-37.65068      14            24            2             2018          7 
-37.81841      15            24            2             2018          7 
 51.69512      16            24            2             2018          7 
 8.456103      17            24            2             2018          7 
-11.71147      18            24            2             2018          7 
-69.11426      19            24            2             2018          7 
-97.13672      20            24            2             2018          7 
 41.69629      21            24            2             2018          7 
 1108.406      22            24            2             2018          7 
 2353.099      23            24            2             2018          7 
 4417.476      0             25            2             2018          1 
 6496.913      1             25            2             2018          1 
 8339.342      2             25            2             2018          1 
 9347.372      3             25            2             2018          1 
 10190.4       4             25            2             2018          1 
 10249.83      5             25            2             2018          1 
 10360.4       6             25            2             2018          1 
 9685.338      7             25            2             2018          1 
 8769.213      8             25            2             2018          1 
 6952.752      9             25            2             2018          1 
 4859.548      10            25            2             2018          1 
 2681.15       11            25            2             2018          1 
 1310.448      12            25            2             2018          1 
 218.1341      13            25            2             2018          1 
-45.51069      14            25            2             2018          1 
-38.55215      15            25            2             2018          1 
-32.68535      16            25            2             2018          1 
-46.53657      17            25            2             2018          1 
-62.06709      18            25            2             2018          1 
-43.58906      19            25            2             2018          1 
-73.90947      20            25            2             2018          1 
-25.1835       21            25            2             2018          1 
-45.54795      22            25            2             2018          1 
-40.80225      23            25            2             2018          1 
-71.51367      0             26            2             2018          2 
-76.84023      1             26            2             2018          2 
-155.7684      2             26            2             2018          2 
-140.0488      3             26            2             2018          2 
-169.985       4             26            2             2018          2 
-176.2877      5             26            2             2018          2 
-143.0226      6             26            2             2018          2 
-159.5653      7             26            2             2018          2 
-137.9209      8             26            2             2018          2 
-123.9969      9             26            2             2018          2 
-105.7053      10            26            2             2018          2 
-74.38692      11            26            2             2018          2 
-49.9085       12            26            2             2018          2 
 11.79071      13            26            2             2018          2 
 86.94199      14            26            2             2018          2 
 40.43327      15            26            2             2018          2 
 87.59353      16            26            2             2018          2 
 16.52302      17            26            2             2018          2 
-62.09178      18            26            2             2018          2 
-110.4857      19            26            2             2018          2 
 6.732611      20            26            2             2018          2 
-83.98557      21            26            2             2018          2 
 93.85497      22            26            2             2018          2 
 151.6528      23            26            2             2018          2 
 72.38982      0             27            2             2018          3 
 52.48399      1             27            2             2018          3 
-10.53945      2             27            2             2018          3 
-134.9506      3             27            2             2018          3 
-184.0826      4             27            2             2018          3 
-146.0117      5             27            2             2018          3 
-233.3882      6             27            2             2018          3 
-135.695       7             27            2             2018          3 
-102.4313      8             27            2             2018          3 
-82.94624      9             27            2             2018          3 
-65.20811      10            27            2             2018          3 
-37.44263      11            27            2             2018          3 
-26.33535      12            27            2             2018          3 
-10.29554      13            27            2             2018          3 
 51.16248      14            27            2             2018          3 
 82.9734       15            27            2             2018          3 
 130.5181      16            27            2             2018          3 
 94.45449      17            27            2             2018          3 
 44.13749      18            27            2             2018          3 
-40.08269      19            27            2             2018          3 
-146.7253      20            27            2             2018          3 
-187.5524      21            27            2             2018          3 
-202.6907      22            27            2             2018          3 
-155.5156      23            27            2             2018          3 
-164.7108      0             28            2             2018          4 
-95.77071      1             28            2             2018          4 
-110.1328      2             28            2             2018          4 
-127.2348      3             28            2             2018          4 
-134.9426      4             28            2             2018          4 
-133.995       5             28            2             2018          4 
-102.4197      6             28            2             2018          4 
-102.4043      7             28            2             2018          4 
-57.19277      8             28            2             2018          4 
-61.43975      9             28            2             2018          4 
-76.30332      10            28            2             2018          4 
-131.2987      11            28            2             2018          4 
-127.8217      12            28            2             2018          4 
-182.7976      13            28            2             2018          4 
-135.632       14            28            2             2018          4 
-86.78889      15            28            2             2018          4 
-92.09727      16            28            2             2018          4 
-54.97531      17            28            2             2018          4 
-64.06752      18            28            2             2018          4 
-77.67113      19            28            2             2018          4 
-90.04385      20            28            2             2018          4 
-31.39592      21            28            2             2018          4 
-63.77134      22            28            2             2018          4 
-15.74962      23            28            2             2018          4 
