-112.802       0             1             7             2019          2 
-53.21474      1             1             7             2019          2 
-66.94151      2             1             7             2019          2 
-38.89385      3             1             7             2019          2 
-111.6604      4             1             7             2019          2 
-105.2438      5             1             7             2019          2 
-145.9453      6             1             7             2019          2 
-134.3294      7             1             7             2019          2 
-96.46297      8             1             7             2019          2 
-51.73999      9             1             7             2019          2 
-43.48104      10            1             7             2019          2 
-37.37914      11            1             7             2019          2 
-41.00513      12            1             7             2019          2 
-1.683374      13            1             7             2019          2 
 39.13223      14            1             7             2019          2 
 113.9041      15            1             7             2019          2 
 130.9969      16            1             7             2019          2 
 124.1045      17            1             7             2019          2 
 24.84832      18            1             7             2019          2 
-36.55032      19            1             7             2019          2 
-109.2087      20            1             7             2019          2 
-143.2788      21            1             7             2019          2 
-131.9037      22            1             7             2019          2 
-128.9732      23            1             7             2019          2 
-127.9154      0             2             7             2019          3 
-124.3883      1             2             7             2019          3 
-125.6257      2             2             7             2019          3 
-129.0569      3             2             7             2019          3 
-130.9466      4             2             7             2019          3 
-144.3442      5             2             7             2019          3 
-204.1453      6             2             7             2019          3 
-225.3697      7             2             7             2019          3 
-254.1929      8             2             7             2019          3 
-244.7816      9             2             7             2019          3 
-199.3582      10            2             7             2019          3 
-110.1124      11            2             7             2019          3 
-4.506946      12            2             7             2019          3 
 55.99578      13            2             7             2019          3 
 64.98737      14            2             7             2019          3 
 44.94023      15            2             7             2019          3 
-42.03243      16            2             7             2019          3 
-132.5484      17            2             7             2019          3 
-161.9954      18            2             7             2019          3 
-179.0676      19            2             7             2019          3 
-192.5158      20            2             7             2019          3 
-140.6555      21            2             7             2019          3 
-131.3661      22            2             7             2019          3 
-135.5184      23            2             7             2019          3 
-127.0704      0             3             7             2019          4 
-130.8209      1             3             7             2019          4 
-119.6359      2             3             7             2019          4 
-127.415       3             3             7             2019          4 
-117.1765      4             3             7             2019          4 
-138.4532      5             3             7             2019          4 
-142.7506      6             3             7             2019          4 
-166.805       7             3             7             2019          4 
-207.261       8             3             7             2019          4 
-232.0868      9             3             7             2019          4 
-281.6924      10            3             7             2019          4 
-302.5379      11            3             7             2019          4 
-262.5764      12            3             7             2019          4 
-189.8419      13            3             7             2019          4 
-138.5739      14            3             7             2019          4 
-31.21465      15            3             7             2019          4 
-20.71543      16            3             7             2019          4 
-24.8313       17            3             7             2019          4 
-54.25269      18            3             7             2019          4 
-67.4063       19            3             7             2019          4 
-130.8901      20            3             7             2019          4 
-114.9675      21            3             7             2019          4 
-153.9497      22            3             7             2019          4 
-174.0058      23            3             7             2019          4 
-199.3356      0             4             7             2019          5 
-158.2274      1             4             7             2019          5 
-149.1696      2             4             7             2019          5 
-88.35654      3             4             7             2019          5 
-55.66729      4             4             7             2019          5 
-42.02354      5             4             7             2019          5 
-48.05         6             4             7             2019          5 
 21.11563      7             4             7             2019          5 
 4.444482      8             4             7             2019          5 
 75.62998      9             4             7             2019          5 
 93.11885      10            4             7             2019          5 
 97.3207       11            4             7             2019          5 
 40.12583      12            4             7             2019          5 
 .8304199      13            4             7             2019          5 
-70.91699      14            4             7             2019          5 
-111.9985      15            4             7             2019          5 
-113.2039      16            4             7             2019          5 
-114.5934      17            4             7             2019          5 
-89.74209      18            4             7             2019          5 
-84.84805      19            4             7             2019          5 
-61.53921      20            4             7             2019          5 
-99.76299      21            4             7             2019          5 
-88.71294      22            4             7             2019          5 
-125.6607      23            4             7             2019          5 
-114.5791      0             5             7             2019          6 
-73.80874      1             5             7             2019          6 
-40.24111      2             5             7             2019          6 
-32.29018      3             5             7             2019          6 
-5.578125      4             5             7             2019          6 
-34.94893      5             5             7             2019          6 
-85.41689      6             5             7             2019          6 
-85.83028      7             5             7             2019          6 
-115.3396      8             5             7             2019          6 
-110.1488      9             5             7             2019          6 
-104.6906      10            5             7             2019          6 
-116.8218      11            5             7             2019          6 
-114.2335      12            5             7             2019          6 
-130.7536      13            5             7             2019          6 
-110.8457      14            5             7             2019          6 
-113.6511      15            5             7             2019          6 
-75.6334       16            5             7             2019          6 
-112.9334      17            5             7             2019          6 
-50.57871      18            5             7             2019          6 
-91.44072      19            5             7             2019          6 
-67.4333       20            5             7             2019          6 
-72.90771      21            5             7             2019          6 
-53.87412      22            5             7             2019          6 
-63.54473      23            5             7             2019          6 
-44.00478      0             6             7             2019          7 
-50.74688      1             6             7             2019          7 
-72.49746      2             6             7             2019          7 
-78.83213      3             6             7             2019          7 
-168.6951      4             6             7             2019          7 
-179.3864      5             6             7             2019          7 
-251.8213      6             6             7             2019          7 
-255.8769      7             6             7             2019          7 
-247.453       8             6             7             2019          7 
-160.8686      9             6             7             2019          7 
-155.5643      10            6             7             2019          7 
-87.48525      11            6             7             2019          7 
-101.6117      12            6             7             2019          7 
-156.1055      13            6             7             2019          7 
-240.0988      14            6             7             2019          7 
-256.764       15            6             7             2019          7 
-287.2371      16            6             7             2019          7 
-248.1376      17            6             7             2019          7 
-143.159       18            6             7             2019          7 
-95.77754      19            6             7             2019          7 
-38.42861      20            6             7             2019          7 
-18.2669       21            6             7             2019          7 
-15.47275      22            6             7             2019          7 
-50.87969      23            6             7             2019          7 
-29.93037      0             7             7             2019          1 
-68.89229      1             7             7             2019          1 
-65.41191      2             7             7             2019          1 
-118.3773      3             7             7             2019          1 
-164.2238      4             7             7             2019          1 
-202.806       5             7             7             2019          1 
-177.3876      6             7             7             2019          1 
-240.4411      7             7             7             2019          1 
-42.03569      8             7             7             2019          1 
-66.90293      9             7             7             2019          1 
 58.17149      10            7             7             2019          1 
 40.3687       11            7             7             2019          1 
 113.4344      12            7             7             2019          1 
-50.65435      13            7             7             2019          1 
-41.28652      14            7             7             2019          1 
-120.835       15            7             7             2019          1 
-199.4829      16            7             7             2019          1 
-191.7465      17            7             7             2019          1 
-206.8619      18            7             7             2019          1 
-158.8257      19            7             7             2019          1 
-195.7535      20            7             7             2019          1 
-132.7141      21            7             7             2019          1 
-163.6291      22            7             7             2019          1 
-145.4343      23            7             7             2019          1 
-148.5315      0             8             7             2019          2 
-129.2261      1             8             7             2019          2 
-121.847       2             8             7             2019          2 
-110.4039      3             8             7             2019          2 
-119.6358      4             8             7             2019          2 
-111.2604      5             8             7             2019          2 
-136.5907      6             8             7             2019          2 
-123.0018      7             8             7             2019          2 
-125.285       8             8             7             2019          2 
-102.073       9             8             7             2019          2 
-86.54165      10            8             7             2019          2 
-59.37417      11            8             7             2019          2 
-51.40806      12            8             7             2019          2 
-22.83457      13            8             7             2019          2 
-18.47915      14            8             7             2019          2 
-15.00303      15            8             7             2019          2 
-13.7939       16            8             7             2019          2 
-64.33301      17            8             7             2019          2 
-52.80938      18            8             7             2019          2 
-69.53799      19            8             7             2019          2 
-50.97105      20            8             7             2019          2 
-27.97647      21            8             7             2019          2 
 1.024561      22            8             7             2019          2 
-38.15039      23            8             7             2019          2 
-47.11152      0             9             7             2019          3 
-122.93        1             9             7             2019          3 
-143.0982      2             9             7             2019          3 
-163.7388      3             9             7             2019          3 
-143.5948      4             9             7             2019          3 
-128.2121      5             9             7             2019          3 
-73.87675      6             9             7             2019          3 
-90.91728      7             9             7             2019          3 
-42.57031      8             9             7             2019          3 
-57.31562      9             9             7             2019          3 
-50.4355       10            9             7             2019          3 
-52.04795      11            9             7             2019          3 
-22.58945      12            9             7             2019          3 
-16.82798      13            9             7             2019          3 
 18.50644      14            9             7             2019          3 
 22.33579      15            9             7             2019          3 
 34.02197      16            9             7             2019          3 
 18.08994      17            9             7             2019          3 
 41.61206      18            9             7             2019          3 
 23.19214      19            9             7             2019          3 
-17.19604      20            9             7             2019          3 
-31.60791      21            9             7             2019          3 
-93.24805      22            9             7             2019          3 
-149.8882      23            9             7             2019          3 
-157.2169      0             10            7             2019          4 
-142.821       1             10            7             2019          4 
-159.948       2             10            7             2019          4 
-70.25166      3             10            7             2019          4 
-97.31181      4             10            7             2019          4 
-82.91113      5             10            7             2019          4 
-109.5909      6             10            7             2019          4 
-120.176       7             10            7             2019          4 
-154.5694      8             10            7             2019          4 
-124.469       9             10            7             2019          4 
-148.3325      10            10            7             2019          4 
-101.6792      11            10            7             2019          4 
-89.71265      12            10            7             2019          4 
-114.8059      13            10            7             2019          4 
-66.53105      14            10            7             2019          4 
-128.3916      15            10            7             2019          4 
-86.56352      16            10            7             2019          4 
-104.7383      17            10            7             2019          4 
-62.54229      18            10            7             2019          4 
-103.3346      19            10            7             2019          4 
-37.12085      20            10            7             2019          4 
-92.72153      21            10            7             2019          4 
-71.99658      22            10            7             2019          4 
-99.76855      23            10            7             2019          4 
-105.3418      0             11            7             2019          5 
-113.0534      1             11            7             2019          5 
-114.9178      2             11            7             2019          5 
-115.5775      3             11            7             2019          5 
-136.7425      4             11            7             2019          5 
-142.9216      5             11            7             2019          5 
-186.4422      6             11            7             2019          5 
-153.427       7             11            7             2019          5 
-174.3604      8             11            7             2019          5 
-118.3337      9             11            7             2019          5 
-216.1143      10            11            7             2019          5 
-175.9135      11            11            7             2019          5 
-305.1126      12            11            7             2019          5 
-298.5072      13            11            7             2019          5 
-307.1401      14            11            7             2019          5 
-178.7953      15            11            7             2019          5 
-136.3018      16            11            7             2019          5 
-4.785693      17            11            7             2019          5 
 12.80654      18            11            7             2019          5 
-18.27217      19            11            7             2019          5 
-65.40234      20            11            7             2019          5 
-125.9406      21            11            7             2019          5 
-158.088       22            11            7             2019          5 
-157.8699      23            11            7             2019          5 
-147.6922      0             12            7             2019          6 
-107.4576      1             12            7             2019          6 
-96.63047      2             12            7             2019          6 
-96.17696      3             12            7             2019          6 
-111.7615      4             12            7             2019          6 
-116.1484      5             12            7             2019          6 
-156.7811      6             12            7             2019          6 
-153.5788      7             12            7             2019          6 
-170.2515      8             12            7             2019          6 
-164.7279      9             12            7             2019          6 
-176.1598      10            12            7             2019          6 
-165.9909      11            12            7             2019          6 
-174.7888      12            12            7             2019          6 
-156.8195      13            12            7             2019          6 
-138.3198      14            12            7             2019          6 
-115.2729      15            12            7             2019          6 
-89.07178      16            12            7             2019          6 
-69.92607      17            12            7             2019          6 
-67.90566      18            12            7             2019          6 
-77.84961      19            12            7             2019          6 
-79.92696      20            12            7             2019          6 
-133.4368      21            12            7             2019          6 
-128.7997      22            12            7             2019          6 
-168.4315      23            12            7             2019          6 
-160.742       0             13            7             2019          7 
-148.4085      1             13            7             2019          7 
-111.8495      2             13            7             2019          7 
-103.8511      3             13            7             2019          7 
-38.39121      4             13            7             2019          7 
-90.66982      5             13            7             2019          7 
-22.38525      6             13            7             2019          7 
-62.66401      7             13            7             2019          7 
-30.70449      8             13            7             2019          7 
-59.1627       9             13            7             2019          7 
-18.82593      10            13            7             2019          7 
-115.942       11            13            7             2019          7 
-86.19155      12            13            7             2019          7 
-140.3454      13            13            7             2019          7 
-133.3069      14            13            7             2019          7 
-122.4614      15            13            7             2019          7 
-136.5756      16            13            7             2019          7 
-120.1476      17            13            7             2019          7 
-127.8731      18            13            7             2019          7 
-110.042       19            13            7             2019          7 
-92.07959      20            13            7             2019          7 
-70.18394      21            13            7             2019          7 
-66.69057      22            13            7             2019          7 
-52.89355      23            13            7             2019          7 
-54.09766      0             14            7             2019          1 
-37.35254      1             14            7             2019          1 
-21.34097      2             14            7             2019          1 
-8.497314      3             14            7             2019          1 
-14.42959      4             14            7             2019          1 
-63.71943      5             14            7             2019          1 
-50.10283      6             14            7             2019          1 
-130.5675      7             14            7             2019          1 
-81.78047      8             14            7             2019          1 
-113.2642      9             14            7             2019          1 
-77.29917      10            14            7             2019          1 
-147.2616      11            14            7             2019          1 
-11.19233      12            14            7             2019          1 
-130.0393      13            14            7             2019          1 
-8.435254      14            14            7             2019          1 
-30.32817      15            14            7             2019          1 
 8.040625      16            14            7             2019          1 
-35.84873      17            14            7             2019          1 
 14.8125       18            14            7             2019          1 
-68.39009      19            14            7             2019          1 
-58.97676      20            14            7             2019          1 
-82.81201      21            14            7             2019          1 
-108.5022      22            14            7             2019          1 
-114.4961      23            14            7             2019          1 
-154.9248      0             15            7             2019          2 
-142.0613      1             15            7             2019          2 
-169.4362      2             15            7             2019          2 
-155.2782      3             15            7             2019          2 
-150.166       4             15            7             2019          2 
-125.4649      5             15            7             2019          2 
-147.8768      6             15            7             2019          2 
-118.4432      7             15            7             2019          2 
-121.9471      8             15            7             2019          2 
-64.39565      9             15            7             2019          2 
-33.26074      10            15            7             2019          2 
 33.35976      11            15            7             2019          2 
 41.02153      12            15            7             2019          2 
 64.47988      13            15            7             2019          2 
 2.148291      14            15            7             2019          2 
 7.772461      15            15            7             2019          2 
-47.07324      16            15            7             2019          2 
-46.30249      17            15            7             2019          2 
-69.78242      18            15            7             2019          2 
-96.06026      19            15            7             2019          2 
-115.0653      20            15            7             2019          2 
-155.5628      21            15            7             2019          2 
-121.1697      22            15            7             2019          2 
-134.7931      23            15            7             2019          2 
-62.67149      0             16            7             2019          3 
-74.10811      1             16            7             2019          3 
-40.57988      2             16            7             2019          3 
-87.91904      3             16            7             2019          3 
-46.01846      4             16            7             2019          3 
-101.6257      5             16            7             2019          3 
 10.79531      6             16            7             2019          3 
 8.386133      7             16            7             2019          3 
 84.2419       8             16            7             2019          3 
 59.57061      9             16            7             2019          3 
 105.7603      10            16            7             2019          3 
 3.825879      11            16            7             2019          3 
 36.00615      12            16            7             2019          3 
-26.62334      13            16            7             2019          3 
-42.17012      14            16            7             2019          3 
-53.01768      15            16            7             2019          3 
-19.89023      16            16            7             2019          3 
-32.28203      17            16            7             2019          3 
 7.222363      18            16            7             2019          3 
-3.826953      19            16            7             2019          3 
-25.47695      20            16            7             2019          3 
-92.0247       21            16            7             2019          3 
-117.3007      22            16            7             2019          3 
-165.8926      23            16            7             2019          3 
-151.7196      0             17            7             2019          4 
-133.716       1             17            7             2019          4 
-114.1769      2             17            7             2019          4 
-70.08848      3             17            7             2019          4 
-89.93896      4             17            7             2019          4 
-68.08018      5             17            7             2019          4 
-107.1702      6             17            7             2019          4 
-63.58633      7             17            7             2019          4 
-78.79903      8             17            7             2019          4 
-12.12158      9             17            7             2019          4 
 8.842481      10            17            7             2019          4 
 48.48706      11            17            7             2019          4 
 42.04199      12            17            7             2019          4 
 123.3379      13            17            7             2019          4 
 7.646045      14            17            7             2019          4 
 60.67019      15            17            7             2019          4 
-35.11733      16            17            7             2019          4 
-47.60674      17            17            7             2019          4 
-159.6118      18            17            7             2019          4 
-87.65044      19            17            7             2019          4 
-203.4503      20            17            7             2019          4 
-126.101       21            17            7             2019          4 
-136.4625      22            17            7             2019          4 
-101.7317      23            17            7             2019          4 
-110.593       0             18            7             2019          5 
-13.55205      1             18            7             2019          5 
-57.85566      2             18            7             2019          5 
 27.94111      3             18            7             2019          5 
-31.60352      4             18            7             2019          5 
-2.307617      5             18            7             2019          5 
-84.98818      6             18            7             2019          5 
-24.26504      7             18            7             2019          5 
-119.9489      8             18            7             2019          5 
-65.88731      9             18            7             2019          5 
-81.38027      10            18            7             2019          5 
-89.66797      11            18            7             2019          5 
-101.2505      12            18            7             2019          5 
-111.9593      13            18            7             2019          5 
-123.7112      14            18            7             2019          5 
-146.1217      15            18            7             2019          5 
-133.0201      16            18            7             2019          5 
-198.1608      17            18            7             2019          5 
-187.3435      18            18            7             2019          5 
-244.7365      19            18            7             2019          5 
-207.9579      20            18            7             2019          5 
-200.1133      21            18            7             2019          5 
-114.6339      22            18            7             2019          5 
-93.96172      23            18            7             2019          5 
-31.24561      0             19            7             2019          6 
-35.02851      1             19            7             2019          6 
-29.58818      2             19            7             2019          6 
-40.08154      3             19            7             2019          6 
-48.24082      4             19            7             2019          6 
-50.91006      5             19            7             2019          6 
-77.85176      6             19            7             2019          6 
-88.08887      7             19            7             2019          6 
-106.9078      8             19            7             2019          6 
-107.7385      9             19            7             2019          6 
-110.2582      10            19            7             2019          6 
-84.51807      11            19            7             2019          6 
-71.61826      12            19            7             2019          6 
-24.64668      13            19            7             2019          6 
 1.254297      14            19            7             2019          6 
 36.09443      15            19            7             2019          6 
 57.33135      16            19            7             2019          6 
 58.83965      17            19            7             2019          6 
 1.318408      18            19            7             2019          6 
-18.89565      19            19            7             2019          6 
-75.24229      20            19            7             2019          6 
-109.3245      21            19            7             2019          6 
-60.65937      22            19            7             2019          6 
-38.47681      23            19            7             2019          6 
 2.789209      0             20            7             2019          7 
 35.88818      1             20            7             2019          7 
 35.41709      2             20            7             2019          7 
-12.67725      3             20            7             2019          7 
-15.34629      4             20            7             2019          7 
-55.90264      5             20            7             2019          7 
-70.95137      6             20            7             2019          7 
-40.44287      7             20            7             2019          7 
-55.2877       8             20            7             2019          7 
-18.97197      9             20            7             2019          7 
-50.91719      10            20            7             2019          7 
-62.74033      11            20            7             2019          7 
-134.2939      12            20            7             2019          7 
-141.135       13            20            7             2019          7 
-137.1672      14            20            7             2019          7 
-87.02686      15            20            7             2019          7 
 16.8001       16            20            7             2019          7 
 57.58057      17            20            7             2019          7 
 93.75761      18            20            7             2019          7 
-1.950684      19            20            7             2019          7 
-36.4874       20            20            7             2019          7 
-153.0467      21            20            7             2019          7 
-144.5614      22            20            7             2019          7 
-163.9472      23            20            7             2019          7 
-77.73222      0             21            7             2019          1 
-56.35664      1             21            7             2019          1 
-7.567481      2             21            7             2019          1 
 1.913281      3             21            7             2019          1 
-10.48232      4             21            7             2019          1 
-50.58564      5             21            7             2019          1 
-63.0291       6             21            7             2019          1 
-52.73516      7             21            7             2019          1 
-63.73306      8             21            7             2019          1 
-6.672852      9             21            7             2019          1 
 17.23379      10            21            7             2019          1 
 34.78418      11            21            7             2019          1 
 16.1709       12            21            7             2019          1 
 32.52139      13            21            7             2019          1 
-19.38916      14            21            7             2019          1 
-10.34199      15            21            7             2019          1 
-22.84101      16            21            7             2019          1 
-33.6917       17            21            7             2019          1 
-56.41968      18            21            7             2019          1 
-21.68476      19            21            7             2019          1 
-26.39395      20            21            7             2019          1 
 5.767774      21            21            7             2019          1 
 35.4791       22            21            7             2019          1 
 31.51074      23            21            7             2019          1 
 3.151758      0             22            7             2019          2 
-28.88633      1             22            7             2019          2 
-70.36523      2             22            7             2019          2 
-102.0078      3             22            7             2019          2 
-73.64053      4             22            7             2019          2 
-84.27773      5             22            7             2019          2 
-95.92344      6             22            7             2019          2 
-77.91801      7             22            7             2019          2 
-124.4228      8             22            7             2019          2 
-116.4238      9             22            7             2019          2 
-106.8544      10            22            7             2019          2 
-73.11372      11            22            7             2019          2 
-76.13853      12            22            7             2019          2 
-39.89385      13            22            7             2019          2 
-30.60747      14            22            7             2019          2 
-38.35405      15            22            7             2019          2 
-12.75142      16            22            7             2019          2 
-11.26914      17            22            7             2019          2 
 3.680078      18            22            7             2019          2 
-36.9437       19            22            7             2019          2 
-8.783984      20            22            7             2019          2 
-54.67373      21            22            7             2019          2 
-47.62051      22            22            7             2019          2 
-69.41055      23            22            7             2019          2 
-82.77666      0             23            7             2019          3 
-142.4194      1             23            7             2019          3 
-151.5091      2             23            7             2019          3 
-202.2156      3             23            7             2019          3 
-205.4209      4             23            7             2019          3 
-216.4152      5             23            7             2019          3 
-194.1718      6             23            7             2019          3 
-201.8292      7             23            7             2019          3 
-174.2335      8             23            7             2019          3 
-178.2267      9             23            7             2019          3 
-179.7516      10            23            7             2019          3 
-194.3359      11            23            7             2019          3 
-183.0943      12            23            7             2019          3 
-190.7877      13            23            7             2019          3 
-134.2089      14            23            7             2019          3 
-150.1668      15            23            7             2019          3 
-91.31309      16            23            7             2019          3 
-114.3427      17            23            7             2019          3 
-114.2596      18            23            7             2019          3 
-171.319       19            23            7             2019          3 
-154.5397      20            23            7             2019          3 
-210.2229      21            23            7             2019          3 
-156.3625      22            23            7             2019          3 
-114.7556      23            23            7             2019          3 
-79.55068      0             24            7             2019          4 
-32.63125      1             24            7             2019          4 
-53.38311      2             24            7             2019          4 
-52.12402      3             24            7             2019          4 
-121.3317      4             24            7             2019          4 
-116.6161      5             24            7             2019          4 
-137.9642      6             24            7             2019          4 
-110.2202      7             24            7             2019          4 
-114.3213      8             24            7             2019          4 
-82.15401      9             24            7             2019          4 
-59.77236      10            24            7             2019          4 
-63.32881      11            24            7             2019          4 
-19.78066      12            24            7             2019          4 
-28.02979      13            24            7             2019          4 
-56.27881      14            24            7             2019          4 
-82.85127      15            24            7             2019          4 
-113.354       16            24            7             2019          4 
-137.7578      17            24            7             2019          4 
-107.7264      18            24            7             2019          4 
-54.89629      19            24            7             2019          4 
-43.7834       20            24            7             2019          4 
-30.91807      21            24            7             2019          4 
-46.85439      22            24            7             2019          4 
-121.0597      23            24            7             2019          4 
-119.4229      0             25            7             2019          5 
-161.5772      1             25            7             2019          5 
-122.4333      2             25            7             2019          5 
-159.2312      3             25            7             2019          5 
-134.6893      4             25            7             2019          5 
-200.0855      5             25            7             2019          5 
-194.9607      6             25            7             2019          5 
-225.233       7             25            7             2019          5 
-151.639       8             25            7             2019          5 
-206.9164      9             25            7             2019          5 
-180.2057      10            25            7             2019          5 
-192.2663      11            25            7             2019          5 
-219.3492      12            25            7             2019          5 
-200.6922      13            25            7             2019          5 
-136.1548      14            25            7             2019          5 
-120.9466      15            25            7             2019          5 
-97.48228      16            25            7             2019          5 
-58.97456      17            25            7             2019          5 
-86.07793      18            25            7             2019          5 
-43.29536      19            25            7             2019          5 
-55.7707       20            25            7             2019          5 
 25.39482      21            25            7             2019          5 
 27.97432      22            25            7             2019          5 
 52.3207       23            25            7             2019          5 
 35.53213      0             26            7             2019          6 
 42.39893      1             26            7             2019          6 
-37.20732      2             26            7             2019          6 
-45.2875       3             26            7             2019          6 
-74.24727      4             26            7             2019          6 
-.9871338      5             26            7             2019          6 
-85.55886      6             26            7             2019          6 
 16.79268      7             26            7             2019          6 
-66.66069      8             26            7             2019          6 
-56.22427      9             26            7             2019          6 
-144.2482      10            26            7             2019          6 
-48.81404      11            26            7             2019          6 
-164.8117      12            26            7             2019          6 
-83.30937      13            26            7             2019          6 
-108.496       14            26            7             2019          6 
-84.51192      15            26            7             2019          6 
-105.4566      16            26            7             2019          6 
-68.4541       17            26            7             2019          6 
-128.2165      18            26            7             2019          6 
-123.16        19            26            7             2019          6 
-220.3817      20            26            7             2019          6 
-164.2506      21            26            7             2019          6 
-225.287       22            26            7             2019          6 
-126.3521      23            26            7             2019          6 
-141.3265      0             27            7             2019          7 
-27.20176      1             27            7             2019          7 
-59.80156      2             27            7             2019          7 
 22.12998      3             27            7             2019          7 
-23.26084      4             27            7             2019          7 
-22.02764      5             27            7             2019          7 
-92.77588      6             27            7             2019          7 
-119.0595      7             27            7             2019          7 
-176.5648      8             27            7             2019          7 
-177.1618      9             27            7             2019          7 
-179.5469      10            27            7             2019          7 
-165.9971      11            27            7             2019          7 
-161.4839      12            27            7             2019          7 
-155.4926      13            27            7             2019          7 
-146.7141      14            27            7             2019          7 
-130.1926      15            27            7             2019          7 
-116.4024      16            27            7             2019          7 
-135.0467      17            27            7             2019          7 
-128.9776      18            27            7             2019          7 
-132.4002      19            27            7             2019          7 
-110.3151      20            27            7             2019          7 
-87.18681      21            27            7             2019          7 
-28.69766      22            27            7             2019          7 
-42.54268      23            27            7             2019          7 
-40.80576      0             28            7             2019          1 
-76.80556      1             28            7             2019          1 
-99.23867      2             28            7             2019          1 
-70.04536      3             28            7             2019          1 
-129.2992      4             28            7             2019          1 
-30.20259      5             28            7             2019          1 
-92.19395      6             28            7             2019          1 
-52.16563      7             28            7             2019          1 
-85.41323      8             28            7             2019          1 
 2.339453      9             28            7             2019          1 
-122.1675      10            28            7             2019          1 
-7.119385      11            28            7             2019          1 
-51.59893      12            28            7             2019          1 
-67.1854       13            28            7             2019          1 
-42.56704      14            28            7             2019          1 
-41.148        15            28            7             2019          1 
-86.34135      16            28            7             2019          1 
-88.3455       17            28            7             2019          1 
-93.21245      18            28            7             2019          1 
-131.8863      19            28            7             2019          1 
-101.1785      20            28            7             2019          1 
-103.9022      21            28            7             2019          1 
-98.35088      22            28            7             2019          1 
-103.6983      23            28            7             2019          1 
-105.0867      0             29            7             2019          2 
-109.399       1             29            7             2019          2 
-106.3131      2             29            7             2019          2 
-117.8925      3             29            7             2019          2 
-115.8113      4             29            7             2019          2 
-150.8219      5             29            7             2019          2 
-136.0043      6             29            7             2019          2 
-130.0591      7             29            7             2019          2 
-90.70444      8             29            7             2019          2 
-50.47051      9             29            7             2019          2 
-32.11084      10            29            7             2019          2 
-11.09199      11            29            7             2019          2 
-6.585547      12            29            7             2019          2 
-12.81089      13            29            7             2019          2 
-28.89136      14            29            7             2019          2 
-20.96074      15            29            7             2019          2 
-80.91768      16            29            7             2019          2 
-94.2958       17            29            7             2019          2 
-126.1005      18            29            7             2019          2 
-174.1979      19            29            7             2019          2 
-158.3365      20            29            7             2019          2 
-111.0536      21            29            7             2019          2 
-102.1213      22            29            7             2019          2 
-46.50283      23            29            7             2019          2 
-16.89141      0             30            7             2019          3 
-23.87441      1             30            7             2019          3 
-38.89834      2             30            7             2019          3 
-46.77695      3             30            7             2019          3 
-102.0988      4             30            7             2019          3 
-135.9248      5             30            7             2019          3 
-82.33369      6             30            7             2019          3 
-118.7874      7             30            7             2019          3 
-49.97334      8             30            7             2019          3 
-34.49922      9             30            7             2019          3 
-30.1291       10            30            7             2019          3 
-50.26455      11            30            7             2019          3 
-51.34746      12            30            7             2019          3 
-112.6055      13            30            7             2019          3 
-127.5727      14            30            7             2019          3 
-163.4746      15            30            7             2019          3 
-200.4775      16            30            7             2019          3 
-187.8636      17            30            7             2019          3 
-189.5723      18            30            7             2019          3 
-185.0217      19            30            7             2019          3 
-161.0776      20            30            7             2019          3 
-130.7021      21            30            7             2019          3 
-119.1858      22            30            7             2019          3 
-70.54775      23            30            7             2019          3 
-34.8292       0             31            7             2019          4 
 2.511817      1             31            7             2019          4 
-22.49473      2             31            7             2019          4 
-43.99648      3             31            7             2019          4 
-127.7201      4             31            7             2019          4 
-169.8315      5             31            7             2019          4 
-201.2014      6             31            7             2019          4 
-193.4285      7             31            7             2019          4 
-173.6255      8             31            7             2019          4 
-159.5896      9             31            7             2019          4 
-172.8471      10            31            7             2019          4 
-154.206       11            31            7             2019          4 
-166.512       12            31            7             2019          4 
-108.3153      13            31            7             2019          4 
-143.0732      14            31            7             2019          4 
-9.299024      15            31            7             2019          4 
-56.10088      16            31            7             2019          4 
 3.849023      17            31            7             2019          4 
-42.07529      18            31            7             2019          4 
 1.375879      19            31            7             2019          4 
-116.3081      20            31            7             2019          4 
-112.8689      21            31            7             2019          4 
-165.8081      22            31            7             2019          4 
-125.2919      23            31            7             2019          4 
