 76.03777      0             1             3             2019          6 
 15.6499       1             1             3             2019          6 
-14.09443      2             1             3             2019          6 
-31.09463      3             1             3             2019          6 
 27.5542       4             1             3             2019          6 
 112.7282      5             1             3             2019          6 
 136.9086      6             1             3             2019          6 
 242.7204      7             1             3             2019          6 
 232.3736      8             1             3             2019          6 
 131.8587      9             1             3             2019          6 
 57.22754      10            1             3             2019          6 
 6.995117      11            1             3             2019          6 
-37.94849      12            1             3             2019          6 
 18.0935       13            1             3             2019          6 
 105.4461      14            1             3             2019          6 
 128.8047      15            1             3             2019          6 
 112.8694      16            1             3             2019          6 
 103.073       17            1             3             2019          6 
 6.005481      18            1             3             2019          6 
-21.03343      19            1             3             2019          6 
-65.8972       20            1             3             2019          6 
-58.14393      21            1             3             2019          6 
-90.45239      22            1             3             2019          6 
-41.49986      23            1             3             2019          6 
-65.68388      0             2             3             2019          7 
-45.58398      1             2             3             2019          7 
-41.67549      2             2             3             2019          7 
-61.92373      3             2             3             2019          7 
-78.58643      4             2             3             2019          7 
-86.18266      5             2             3             2019          7 
 19.2019       6             2             3             2019          7 
-12.75981      7             2             3             2019          7 
 143.9834      8             2             3             2019          7 
 132.7688      9             2             3             2019          7 
 165.4605      10            2             3             2019          7 
 71.91655      11            2             3             2019          7 
 115.2137      12            2             3             2019          7 
-22.00288      13            2             3             2019          7 
 71.36485      14            2             3             2019          7 
 57.21767      15            2             3             2019          7 
 111.6277      16            2             3             2019          7 
 114.6252      17            2             3             2019          7 
 103.5291      18            2             3             2019          7 
 37.56152      19            2             3             2019          7 
 63.00352      20            2             3             2019          7 
 30.43677      21            2             3             2019          7 
 73.79136      22            2             3             2019          7 
 122.0412      23            2             3             2019          7 
 139.3977      0             3             3             2019          1 
 146.0328      1             3             3             2019          1 
 120.6695      2             3             3             2019          1 
 115.0184      3             3             3             2019          1 
 75.43734      4             3             3             2019          1 
 81.42808      5             3             3             2019          1 
-3.761441      6             3             3             2019          1 
 11.3188       7             3             3             2019          1 
-32.44051      8             3             3             2019          1 
 17.23928      9             3             3             2019          1 
 13.21429      10            3             3             2019          1 
 113.5196      11            3             3             2019          1 
 37.17811      12            3             3             2019          1 
 69.51729      13            3             3             2019          1 
 36.6767       14            3             3             2019          1 
 25.1056       15            3             3             2019          1 
-10.29887      16            3             3             2019          1 
 56.43257      17            3             3             2019          1 
 16.02395      18            3             3             2019          1 
-18.93125      19            3             3             2019          1 
 1.253418      20            3             3             2019          1 
-66.01587      21            3             3             2019          1 
-69.93101      22            3             3             2019          1 
-70.34131      23            3             3             2019          1 
-62.68887      0             4             3             2019          2 
-85.52061      1             4             3             2019          2 
-45.2415       2             4             3             2019          2 
-58.26162      3             4             3             2019          2 
-68.5295       4             4             3             2019          2 
-61.83613      5             4             3             2019          2 
-14.45942      6             4             3             2019          2 
 6.093115      7             4             3             2019          2 
 78.90293      8             4             3             2019          2 
 109.3936      9             4             3             2019          2 
 116.4642      10            4             3             2019          2 
 66.69643      11            4             3             2019          2 
 51.02842      12            4             3             2019          2 
-21.7042       13            4             3             2019          2 
 1.892432      14            4             3             2019          2 
-1.020898      15            4             3             2019          2 
 52.77627      16            4             3             2019          2 
 58.98891      17            4             3             2019          2 
 77.04424      18            4             3             2019          2 
 36.64111      19            4             3             2019          2 
 35.79531      20            4             3             2019          2 
-22.74189      21            4             3             2019          2 
-35.99629      22            4             3             2019          2 
-72.74443      23            4             3             2019          2 
-71.07251      0             5             3             2019          3 
-91.62514      1             5             3             2019          3 
-41.4584       2             5             3             2019          3 
-33.3228       3             5             3             2019          3 
 49.65391      4             5             3             2019          3 
 17.41304      5             5             3             2019          3 
 37.81548      6             5             3             2019          3 
 11.35474      7             5             3             2019          3 
 15.41191      8             5             3             2019          3 
-72.51387      9             5             3             2019          3 
 22.86353      10            5             3             2019          3 
-37.60527      11            5             3             2019          3 
 .5035156      12            5             3             2019          3 
-6.72915       13            5             3             2019          3 
 50.267        14            5             3             2019          3 
-18.92829      15            5             3             2019          3 
-13.21535      16            5             3             2019          3 
-50.70022      17            5             3             2019          3 
-200.0221      18            5             3             2019          3 
-178.0446      19            5             3             2019          3 
-246.0306      20            5             3             2019          3 
-136.9041      21            5             3             2019          3 
-104.4526      22            5             3             2019          3 
 89.4908       23            5             3             2019          3 
 85.48315      0             6             3             2019          4 
 143.1129      1             6             3             2019          4 
 101.5255      2             6             3             2019          4 
 9.88501       3             6             3             2019          4 
-21.57681      4             6             3             2019          4 
-67.71992      5             6             3             2019          4 
-38.88125      6             6             3             2019          4 
-55.09473      7             6             3             2019          4 
-.7578613      8             6             3             2019          4 
 14.21226      9             6             3             2019          4 
 50.42315      10            6             3             2019          4 
-13.24507      11            6             3             2019          4 
 21.30332      12            6             3             2019          4 
-55.8811       13            6             3             2019          4 
-99.26255      14            6             3             2019          4 
-137.3929      15            6             3             2019          4 
-84.13326      16            6             3             2019          4 
-91.50869      17            6             3             2019          4 
-12.51748      18            6             3             2019          4 
 35.67632      19            6             3             2019          4 
 27.22422      20            6             3             2019          4 
 18.86074      21            6             3             2019          4 
 30.22119      22            6             3             2019          4 
 29.85395      23            6             3             2019          4 
 .1803711      0             7             3             2019          5 
 35.84639      1             7             3             2019          5 
-5.735693      2             7             3             2019          5 
-67.22115      3             7             3             2019          5 
-82.35497      4             7             3             2019          5 
-114.1076      5             7             3             2019          5 
-120.4057      6             7             3             2019          5 
-57.09977      7             7             3             2019          5 
-20.27539      8             7             3             2019          5 
 .3866798      9             7             3             2019          5 
 41.6759       10            7             3             2019          5 
 45.7144       11            7             3             2019          5 
 51.2912       12            7             3             2019          5 
 58.2693       13            7             3             2019          5 
 65.2473       14            7             3             2019          5 
 71.4285       15            7             3             2019          5 
 71.8132       16            7             3             2019          5 
 12.0654       17            7             3             2019          5 
 21.32038      18            7             3             2019          5 
-39.25169      19            7             3             2019          5 
-13.48585      20            7             3             2019          5 
-26.28525      21            7             3             2019          5 
-3.069414      22            7             3             2019          5 
-27.62129      23            7             3             2019          5 
-16.55508      0             8             3             2019          6 
-50.64521      1             8             3             2019          6 
-35.26533      2             8             3             2019          6 
-43.62392      3             8             3             2019          6 
-2.31831       4             8             3             2019          6 
-6.644483      5             8             3             2019          6 
 23.54619      6             8             3             2019          6 
 2.095117      7             8             3             2019          6 
 112.4609      8             8             3             2019          6 
 55.98594      9             8             3             2019          6 
 187.5902      10            8             3             2019          6 
 145.0281      11            8             3             2019          6 
 170.5494      12            8             3             2019          6 
 67.41914      13            8             3             2019          6 
 107.4326      14            8             3             2019          6 
-22.40354      15            8             3             2019          6 
 8.158569      16            8             3             2019          6 
-61.17666      17            8             3             2019          6 
-33.45757      18            8             3             2019          6 
-112.1965      19            8             3             2019          6 
-78.10928      20            8             3             2019          6 
-109.2948      21            8             3             2019          6 
-57.8249       22            8             3             2019          6 
-69.30361      23            8             3             2019          6 
-20.20703      0             9             3             2019          7 
-24.96894      1             9             3             2019          7 
-27.59092      2             9             3             2019          7 
-42.65166      3             9             3             2019          7 
-36.74146      4             9             3             2019          7 
 12.02915      5             9             3             2019          7 
 12.82168      6             9             3             2019          7 
 72.41406      7             9             3             2019          7 
 28.40937      8             9             3             2019          7 
 21.15781      9             9             3             2019          7 
-75.05264      10            9             3             2019          7 
-51.01997      11            9             3             2019          7 
-100.6717      12            9             3             2019          7 
-19.34795      13            9             3             2019          7 
 5.610303      14            9             3             2019          7 
 73.71983      15            9             3             2019          7 
 38.90947      16            9             3             2019          7 
 68.48472      17            9             3             2019          7 
 27.94961      18            9             3             2019          7 
 45.56592      19            9             3             2019          7 
 36.28677      20            9             3             2019          7 
 59.50806      21            9             3             2019          7 
 7.537402      22            9             3             2019          7 
-40.52431      23            9             3             2019          7 
-74.03658      0             10            3             2019          1 
-171.0603      1             10            3             2019          1 
-141.4395      2             10            3             2019          1 
-221.2524      3             10            3             2019          1 
-144.5025      4             10            3             2019          1 
-249.7773      5             10            3             2019          1 
-182.5042      6             10            3             2019          1 
-294.7928      7             10            3             2019          1 
-214.1497      8             10            3             2019          1 
-277.1592      9             10            3             2019          1 
-189.9267      10            10            3             2019          1 
-140.062       11            10            3             2019          1 
-74.96767      12            10            3             2019          1 
-13.21006      13            10            3             2019          1 
 43.40596      14            10            3             2019          1 
 63.4624       15            10            3             2019          1 
 3.624023      16            10            3             2019          1 
 24.5543       17            10            3             2019          1 
-70.95703      18            10            3             2019          1 
-12.08115      19            10            3             2019          1 
-59.7104       20            10            3             2019          1 
 39.01333      21            10            3             2019          1 
 2.255713      22            10            3             2019          1 
 89.83169      23            10            3             2019          1 
 52.4957       0             11            3             2019          2 
 119.7458      1             11            3             2019          2 
 80.79155      2             11            3             2019          2 
 97.70469      3             11            3             2019          2 
 66.67773      4             11            3             2019          2 
 26.01074      5             11            3             2019          2 
 19.17363      6             11            3             2019          2 
-18.57305      7             11            3             2019          2 
 4.652978      8             11            3             2019          2 
-9.048096      9             11            3             2019          2 
-8.150586      10            11            3             2019          2 
-38.45361      11            11            3             2019          2 
-88.80654      12            11            3             2019          2 
-85.97339      13            11            3             2019          2 
-101.1102      14            11            3             2019          2 
 56.68174      15            11            3             2019          2 
 84.58059      16            11            3             2019          2 
 276.4503      17            11            3             2019          2 
 260.0117      18            11            3             2019          2 
 208.2658      19            11            3             2019          2 
 72.8979       20            11            3             2019          2 
-27.84309      21            11            3             2019          2 
-155.2069      22            11            3             2019          2 
-155.032       23            11            3             2019          2 
-68.83281      0             12            3             2019          3 
-80.5062       1             12            3             2019          3 
 7.949121      2             12            3             2019          3 
-2.654443      3             12            3             2019          3 
-7.497022      4             12            3             2019          3 
-36.92925      5             12            3             2019          3 
 19.59995      6             12            3             2019          3 
 3.917716      7             12            3             2019          3 
 19.84168      8             12            3             2019          3 
 35.03133      9             12            3             2019          3 
 13.67196      10            12            3             2019          3 
-25.95252      11            12            3             2019          3 
 4.771094      12            12            3             2019          3 
 11.7587       13            12            3             2019          3 
 20.8757       14            12            3             2019          3 
 83.6299       15            12            3             2019          3 
 85.4394       16            12            3             2019          3 
 95.85281      17            12            3             2019          3 
 95.1809       18            12            3             2019          3 
 93.48784      19            12            3             2019          3 
 54.18058      20            12            3             2019          3 
 28.28106      21            12            3             2019          3 
-29.45205      22            12            3             2019          3 
-22.87696      23            12            3             2019          3 
-22.61502      0             13            3             2019          4 
 51.10938      1             13            3             2019          4 
 38.45488      2             13            3             2019          4 
 113.2866      3             13            3             2019          4 
 46.8416       4             13            3             2019          4 
 59.43711      5             13            3             2019          4 
-1.17207       6             13            3             2019          4 
 41.19473      7             13            3             2019          4 
-79.46001      8             13            3             2019          4 
-92.85435      9             13            3             2019          4 
-202.2044      10            13            3             2019          4 
-270.282       11            13            3             2019          4 
-294.1662      12            13            3             2019          4 
-212.4164      13            13            3             2019          4 
-143.562       14            13            3             2019          4 
-47.72627      15            13            3             2019          4 
 85.14697      16            13            3             2019          4 
 96.02773      17            13            3             2019          4 
 144.2791      18            13            3             2019          4 
 130.1635      19            13            3             2019          4 
 85.82886      20            13            3             2019          4 
 33.35073      21            13            3             2019          4 
-.3651367      22            13            3             2019          4 
-49.13574      23            13            3             2019          4 
-43.54746      0             14            3             2019          5 
-26.49438      1             14            3             2019          5 
-35.398        2             14            3             2019          5 
-14.33662      3             14            3             2019          5 
-14.05015      4             14            3             2019          5 
-14.14072      5             14            3             2019          5 
-32.35513      6             14            3             2019          5 
 25.28618      7             14            3             2019          5 
-1.913086      8             14            3             2019          5 
 48.60347      9             14            3             2019          5 
 52.69595      10            14            3             2019          5 
 87.83521      11            14            3             2019          5 
 34.88555      12            14            3             2019          5 
 73.29844      13            14            3             2019          5 
 21.14228      14            14            3             2019          5 
 20.63667      15            14            3             2019          5 
 18.35864      16            14            3             2019          5 
 23.68345      17            14            3             2019          5 
-48.62383      18            14            3             2019          5 
-13.32534      19            14            3             2019          5 
-41.06655      20            14            3             2019          5 
-10.25249      21            14            3             2019          5 
 66.46484      22            14            3             2019          5 
 129.8056      23            14            3             2019          5 
 130.5327      0             15            3             2019          6 
 147.0057      1             15            3             2019          6 
 106.7885      2             15            3             2019          6 
 14.34307      3             15            3             2019          6 
-16.3312       4             15            3             2019          6 
 4.431885      5             15            3             2019          6 
-40.29873      6             15            3             2019          6 
 25.95147      7             15            3             2019          6 
 11.29482      8             15            3             2019          6 
 37.81841      9             15            3             2019          6 
-25.8479       10            15            3             2019          6 
 19.11728      11            15            3             2019          6 
-40.29121      12            15            3             2019          6 
-15.47949      13            15            3             2019          6 
 .4701172      14            15            3             2019          6 
 10.52842      15            15            3             2019          6 
 24.08125      16            15            3             2019          6 
 25.69883      17            15            3             2019          6 
-9.295313      18            15            3             2019          6 
-10.04404      19            15            3             2019          6 
-21.86182      20            15            3             2019          6 
 28.62588      21            15            3             2019          6 
 45.82832      22            15            3             2019          6 
 121.7436      23            15            3             2019          6 
 98.34072      0             16            3             2019          7 
 86.95488      1             16            3             2019          7 
 5.143359      2             16            3             2019          7 
 6.2375        3             16            3             2019          7 
-80.1105       4             16            3             2019          7 
-25.37778      5             16            3             2019          7 
-40.20332      6             16            3             2019          7 
-5.975098      7             16            3             2019          7 
-35.41758      8             16            3             2019          7 
 7.568506      9             16            3             2019          7 
-42.21772      10            16            3             2019          7 
-9.516406      11            16            3             2019          7 
-36.38525      12            16            3             2019          7 
-39.43994      13            16            3             2019          7 
-42.09028      14            16            3             2019          7 
-37.56256      15            16            3             2019          7 
-29.18349      16            16            3             2019          7 
-.5925369      17            16            3             2019          7 
 36.13434      18            16            3             2019          7 
 39.219        19            16            3             2019          7 
 26.69338      20            16            3             2019          7 
 15.12886      21            16            3             2019          7 
-54.17543      22            16            3             2019          7 
-147.2605      23            16            3             2019          7 
-123.1548      0             17            3             2019          1 
-230.1513      1             17            3             2019          1 
-197.6062      2             17            3             2019          1 
-220.867       3             17            3             2019          1 
-149.7569      4             17            3             2019          1 
-245.4695      5             17            3             2019          1 
-110.2739      6             17            3             2019          1 
-185.1124      7             17            3             2019          1 
-116.6519      8             17            3             2019          1 
-124.2445      9             17            3             2019          1 
-63.35254      10            17            3             2019          1 
-84.38115      11            17            3             2019          1 
-84.0872       12            17            3             2019          1 
-66.71387      13            17            3             2019          1 
-98.27705      14            17            3             2019          1 
-69.73936      15            17            3             2019          1 
-50.15371      16            17            3             2019          1 
 87.90474      17            17            3             2019          1 
 74.46738      18            17            3             2019          1 
 171.9143      19            17            3             2019          1 
 189.9866      20            17            3             2019          1 
 142.2061      21            17            3             2019          1 
 69.11353      22            17            3             2019          1 
 99.17412      23            17            3             2019          1 
-31.91909      0             18            3             2019          2 
-31.04629      1             18            3             2019          2 
-35.71328      2             18            3             2019          2 
-65.00761      3             18            3             2019          2 
-34.96807      4             18            3             2019          2 
-3.150684      5             18            3             2019          2 
 14.94316      6             18            3             2019          2 
 30.74873      7             18            3             2019          2 
 45.1706       8             18            3             2019          2 
 41.63262      9             18            3             2019          2 
 72.51216      10            18            3             2019          2 
 24.79512      11            18            3             2019          2 
 51.74468      12            18            3             2019          2 
 13.44004      13            18            3             2019          2 
-12.41592      14            18            3             2019          2 
 11.00913      15            18            3             2019          2 
 35.97256      16            18            3             2019          2 
 54.50523      17            18            3             2019          2 
 96.02705      18            18            3             2019          2 
 78.729        19            18            3             2019          2 
 77.41211      20            18            3             2019          2 
 1.340332      21            18            3             2019          2 
-11.19453      22            18            3             2019          2 
-70.03008      23            18            3             2019          2 
-105.9847      0             19            3             2019          3 
-141.1658      1             19            3             2019          3 
-111.2085      2             19            3             2019          3 
-104.3651      3             19            3             2019          3 
-84.20303      4             19            3             2019          3 
-32.26592      5             19            3             2019          3 
-32.11992      6             19            3             2019          3 
-16.45127      7             19            3             2019          3 
-55.81172      8             19            3             2019          3 
-22.96377      9             19            3             2019          3 
-82.36787      10            19            3             2019          3 
-99.6251       11            19            3             2019          3 
-96.82412      12            19            3             2019          3 
-101.1211      13            19            3             2019          3 
-107.4047      14            19            3             2019          3 
-78.97852      15            19            3             2019          3 
-16.65547      16            19            3             2019          3 
-33.85606      17            19            3             2019          3 
 36.32481      18            19            3             2019          3 
 34.0294       19            19            3             2019          3 
 44.15117      20            19            3             2019          3 
 13.89668      21            19            3             2019          3 
 30.31055      22            19            3             2019          3 
-2.624023      23            19            3             2019          3 
 2.669629      0             20            3             2019          4 
 .4785156      1             20            3             2019          4 
 2.909766      2             20            3             2019          4 
-12.17725      3             20            3             2019          4 
 97.8044       4             20            3             2019          4 
 91.96621      5             20            3             2019          4 
 206.8402      6             20            3             2019          4 
 214.3849      7             20            3             2019          4 
 225.6493      8             20            3             2019          4 
 109.8452      9             20            3             2019          4 
 111.0429      10            20            3             2019          4 
-3.910303      11            20            3             2019          4 
-3.987647      12            20            3             2019          4 
 8.864551      13            20            3             2019          4 
 31.05396      14            20            3             2019          4 
 52.6498       15            20            3             2019          4 
 42.29048      16            20            3             2019          4 
 83.30801      17            20            3             2019          4 
 16.81011      18            20            3             2019          4 
 49.38564      19            20            3             2019          4 
-7.922071      20            20            3             2019          4 
-18.51611      21            20            3             2019          4 
-71.90298      22            20            3             2019          4 
-59.72412      23            20            3             2019          4 
-103.322       0             21            3             2019          5 
-29.43896      1             21            3             2019          5 
-6.735156      2             21            3             2019          5 
 33.02666      3             21            3             2019          5 
 108.2229      4             21            3             2019          5 
 87.14034      5             21            3             2019          5 
 91.03926      6             21            3             2019          5 
 87.37764      7             21            3             2019          5 
 16.50361      8             21            3             2019          5 
-17.72344      9             21            3             2019          5 
-46.55996      10            21            3             2019          5 
-53.02783      11            21            3             2019          5 
-61.41006      12            21            3             2019          5 
 12.52568      13            21            3             2019          5 
 11.93691      14            21            3             2019          5 
 55.61201      15            21            3             2019          5 
 29.72124      16            21            3             2019          5 
 46.23955      17            21            3             2019          5 
 2.121631      18            21            3             2019          5 
-34.08057      19            21            3             2019          5 
-40.29414      20            21            3             2019          5 
-95.38696      21            21            3             2019          5 
-100.9607      22            21            3             2019          5 
-103.6538      23            21            3             2019          5 
-73.34297      0             22            3             2019          6 
-76.67861      1             22            3             2019          6 
-24.99414      2             22            3             2019          6 
-4.193457      3             22            3             2019          6 
 34.85718      4             22            3             2019          6 
 64.73579      5             22            3             2019          6 
 56.25312      6             22            3             2019          6 
 58.98579      7             22            3             2019          6 
 .3340332      8             22            3             2019          6 
 13.97978      9             22            3             2019          6 
-57.32363      10            22            3             2019          6 
-8.970312      11            22            3             2019          6 
-67.8062       12            22            3             2019          6 
 66.61421      13            22            3             2019          6 
 29.71904      14            22            3             2019          6 
 182.952       15            22            3             2019          6 
 122.606       16            22            3             2019          6 
 321.9482      17            22            3             2019          6 
 143.4956      18            22            3             2019          6 
 327.4484      19            22            3             2019          6 
 222.6506      20            22            3             2019          6 
 300.9528      21            22            3             2019          6 
 208.9309      22            22            3             2019          6 
 277.2187      23            22            3             2019          6 
 76.21362      0             23            3             2019          7 
 102.6719      1             23            3             2019          7 
 34.32036      2             23            3             2019          7 
 15.6335       3             23            3             2019          7 
 37.06245      4             23            3             2019          7 
 42.29043      5             23            3             2019          7 
 56.33467      6             23            3             2019          7 
 24.06753      7             23            3             2019          7 
 14.72725      8             23            3             2019          7 
-8.353223      9             23            3             2019          7 
-7.972314      10            23            3             2019          7 
-10.04907      11            23            3             2019          7 
 40.06528      12            23            3             2019          7 
 23.0438       13            23            3             2019          7 
 43.03979      14            23            3             2019          7 
-.7163086      15            23            3             2019          7 
-13.36958      16            23            3             2019          7 
-78.49321      17            23            3             2019          7 
-76.77212      18            23            3             2019          7 
-130.8783      19            23            3             2019          7 
-132.3867      20            23            3             2019          7 
-203.32        21            23            3             2019          7 
-183.797       22            23            3             2019          7 
-199.6649      23            23            3             2019          7 
-149.9205      0             24            3             2019          1 
-112.9644      1             24            3             2019          1 
-76.36113      2             24            3             2019          1 
-56.41709      3             24            3             2019          1 
-54.29766      4             24            3             2019          1 
-64.61953      5             24            3             2019          1 
-34.95215      6             24            3             2019          1 
-25.48745      7             24            3             2019          1 
 7.846582      8             24            3             2019          1 
 16.83252      9             24            3             2019          1 
 36.58154      10            24            3             2019          1 
 11.16265      11            24            3             2019          1 
-28.49028      12            24            3             2019          1 
-42.44092      13            24            3             2019          1 
-89.78111      14            24            3             2019          1 
-87.80029      15            24            3             2019          1 
-66.54663      16            24            3             2019          1 
-6.731103      17            24            3             2019          1 
 17.69736      18            24            3             2019          1 
 75.54868      19            24            3             2019          1 
 70.61153      20            24            3             2019          1 
 179.1723      21            24            3             2019          1 
 179.5486      22            24            3             2019          1 
 269.3795      23            24            3             2019          1 
 275.3542      0             25            3             2019          2 
 252.5362      1             25            3             2019          2 
 121.4907      2             25            3             2019          2 
 53.24981      3             25            3             2019          2 
-60.63232      4             25            3             2019          2 
-157.4749      5             25            3             2019          2 
-134.2909      6             25            3             2019          2 
-146.4373      7             25            3             2019          2 
-88.7756       8             25            3             2019          2 
-72.25642      9             25            3             2019          2 
 15.61495      10            25            3             2019          2 
 21.64407      11            25            3             2019          2 
 60.7967       12            25            3             2019          2 
 64.1209       13            25            3             2019          2 
 64.8353       14            25            3             2019          2 
 25.8108       15            25            3             2019          2 
 30.67839      16            25            3             2019          2 
-4.883313      17            25            3             2019          2 
-30.87375      18            25            3             2019          2 
-43.27134      19            25            3             2019          2 
-38.76993      20            25            3             2019          2 
-67.98686      21            25            3             2019          2 
 15.16326      22            25            3             2019          2 
 15.17397      23            25            3             2019          2 
 39.75049      0             26            3             2019          3 
 38.23799      1             26            3             2019          3 
 3.636133      2             26            3             2019          3 
-82.32129      3             26            3             2019          3 
-44.56641      4             26            3             2019          3 
-62.88477      5             26            3             2019          3 
-3.893945      6             26            3             2019          3 
 79.63906      7             26            3             2019          3 
 41.97212      8             26            3             2019          3 
 78.07534      9             26            3             2019          3 
 8.350098      10            26            3             2019          3 
-27.2249       11            26            3             2019          3 
-60.45518      12            26            3             2019          3 
-40.24927      13            26            3             2019          3 
-89.27397      14            26            3             2019          3 
-36.97725      15            26            3             2019          3 
-28.40245      16            26            3             2019          3 
 23.19212      17            26            3             2019          3 
-8.639917      18            26            3             2019          3 
 55.38063      19            26            3             2019          3 
-3.618005      20            26            3             2019          3 
-12.23831      21            26            3             2019          3 
-57.94675      22            26            3             2019          3 
 7.486853      23            26            3             2019          3 
-79.62832      0             27            3             2019          4 
-19.30967      1             27            3             2019          4 
-43.77002      2             27            3             2019          4 
-66.81738      3             27            3             2019          4 
-48.96553      4             27            3             2019          4 
-50.19619      5             27            3             2019          4 
-53.35508      6             27            3             2019          4 
-43.77529      7             27            3             2019          4 
-57.87236      8             27            3             2019          4 
-72.28223      9             27            3             2019          4 
-51.06616      10            27            3             2019          4 
-27.63862      11            27            3             2019          4 
 2.369336      12            27            3             2019          4 
 49.95356      13            27            3             2019          4 
 20.31865      14            27            3             2019          4 
 47.7146       15            27            3             2019          4 
-50.91611      16            27            3             2019          4 
-33.64209      17            27            3             2019          4 
-65.53154      18            27            3             2019          4 
-22.16362      19            27            3             2019          4 
-26.73252      20            27            3             2019          4 
 57.45737      21            27            3             2019          4 
 26.34463      22            27            3             2019          4 
 29.12564      23            27            3             2019          4 
 21.02222      0             28            3             2019          5 
-21.38105      1             28            3             2019          5 
-15.63418      2             28            3             2019          5 
-51.02275      3             28            3             2019          5 
-28.28906      4             28            3             2019          5 
 6.11377       5             28            3             2019          5 
 28.28457      6             28            3             2019          5 
 101.9093      7             28            3             2019          5 
 135.24        8             28            3             2019          5 
 129.0795      9             28            3             2019          5 
 79.14687      10            28            3             2019          5 
 59.23555      11            28            3             2019          5 
-18.15825      12            28            3             2019          5 
-12.82178      13            28            3             2019          5 
 2.999365      14            28            3             2019          5 
-25.04946      15            28            3             2019          5 
-14.50093      16            28            3             2019          5 
-66.05444      17            28            3             2019          5 
-15.77974      18            28            3             2019          5 
-43.99878      19            28            3             2019          5 
 49.04663      20            28            3             2019          5 
 97.46606      21            28            3             2019          5 
 104.4342      22            28            3             2019          5 
 116.2236      23            28            3             2019          5 
 88.7854       0             29            3             2019          6 
 85.91728      1             29            3             2019          6 
 25.07871      2             29            3             2019          6 
 76.07149      3             29            3             2019          6 
 50.46758      4             29            3             2019          6 
 51.30117      5             29            3             2019          6 
 28.95713      6             29            3             2019          6 
 36.66792      7             29            3             2019          6 
 3.608057      8             29            3             2019          6 
-42.65102      9             29            3             2019          6 
-8.040527      10            29            3             2019          6 
-43.38623      11            29            3             2019          6 
-35.56279      12            29            3             2019          6 
-18.96441      13            29            3             2019          6 
-14.08618      14            29            3             2019          6 
-18.90542      15            29            3             2019          6 
-11.35298      16            29            3             2019          6 
-9.188232      17            29            3             2019          6 
 2.618799      18            29            3             2019          6 
 5.797559      19            29            3             2019          6 
 7.192969      20            29            3             2019          6 
 6.750732      21            29            3             2019          6 
 6.160058      22            29            3             2019          6 
 17.4605       23            29            3             2019          6 
 40.04746      0             30            3             2019          7 
 45.02105      1             30            3             2019          7 
 47.13555      2             30            3             2019          7 
 .8044922      3             30            3             2019          7 
 36.92305      4             30            3             2019          7 
 .4888672      5             30            3             2019          7 
 60.03906      6             30            3             2019          7 
 38.67725      7             30            3             2019          7 
 35.25703      8             30            3             2019          7 
-40.89038      9             30            3             2019          7 
-69.75053      10            30            3             2019          7 
-95.9832       11            30            3             2019          7 
-35.80127      12            30            3             2019          7 
-8.131348      13            30            3             2019          7 
 52.00942      14            30            3             2019          7 
 53.16245      15            30            3             2019          7 
 24.03535      16            30            3             2019          7 
 52.78516      17            30            3             2019          7 
 86.87486      18            30            3             2019          7 
 122.6585      19            30            3             2019          7 
 178.7423      20            30            3             2019          7 
 172.5568      21            30            3             2019          7 
 160.9644      22            30            3             2019          7 
 121.0638      23            30            3             2019          7 
 35.82021      0             31            3             2019          1 
 2.502686      1             31            3             2019          1 
-24.93135      2             31            3             2019          1 
-89.92151      3             31            3             2019          1 
-23.8333       4             31            3             2019          1 
-11.1158       5             31            3             2019          1 
-23.94854      6             31            3             2019          1 
-26.23525      7             31            3             2019          1 
-55.45002      8             31            3             2019          1 
-97.81694      9             31            3             2019          1 
-153.3283      10            31            3             2019          1 
-47.55268      11            31            3             2019          1 
-83.00761      12            31            3             2019          1 
-30.49731      13            31            3             2019          1 
-39.27983      14            31            3             2019          1 
 7.164941      15            31            3             2019          1 
-66.82373      16            31            3             2019          1 
 11.82432      17            31            3             2019          1 
 19.65713      18            31            3             2019          1 
 36.02617      19            31            3             2019          1 
 70.27373      20            31            3             2019          1 
 109.5298      21            31            3             2019          1 
 77.16992      22            31            3             2019          1 
 67.06728      23            31            3             2019          1 
