-132.2426      0             1             8             2018          4 
-111.93        1             1             8             2018          4 
-108.1204      2             1             8             2018          4 
-86.77832      3             1             8             2018          4 
-147.4833      4             1             8             2018          4 
-118.7581      5             1             8             2018          4 
-173.0785      6             1             8             2018          4 
-101.2587      7             1             8             2018          4 
-107.8529      8             1             8             2018          4 
-4.060562      9             1             8             2018          4 
-21.15965      10            1             8             2018          4 
 47.75998      11            1             8             2018          4 
-6.852542      12            1             8             2018          4 
 27.5951       13            1             8             2018          4 
-102.9351      14            1             8             2018          4 
-52.96532      15            1             8             2018          4 
-160.5738      16            1             8             2018          4 
-128.2798      17            1             8             2018          4 
-153.5188      18            1             8             2018          4 
-118.6792      19            1             8             2018          4 
-156.4349      20            1             8             2018          4 
-112.9213      21            1             8             2018          4 
-149.7733      22            1             8             2018          4 
-174.2063      23            1             8             2018          4 
-155.4092      0             2             8             2018          5 
-183.2041      1             2             8             2018          5 
-158.5901      2             2             8             2018          5 
-172.9528      3             2             8             2018          5 
-162.3565      4             2             8             2018          5 
-204.6545      5             2             8             2018          5 
-153.9127      6             2             8             2018          5 
-153.0154      7             2             8             2018          5 
-177.485       8             2             8             2018          5 
-110.3556      9             2             8             2018          5 
-124.1539      10            2             8             2018          5 
-117.5376      11            2             8             2018          5 
-86.34686      12            2             8             2018          5 
-46.90335      13            2             8             2018          5 
-32.7655       14            2             8             2018          5 
 12.11808      15            2             8             2018          5 
 26.79377      16            2             8             2018          5 
 1.927301      17            2             8             2018          5 
 4.149152      18            2             8             2018          5 
-60.36389      19            2             8             2018          5 
-32.69331      20            2             8             2018          5 
-81.86729      21            2             8             2018          5 
-90.23506      22            2             8             2018          5 
-88.98916      23            2             8             2018          5 
-106.8264      0             3             8             2018          6 
-117.0117      1             3             8             2018          6 
-125.1202      2             3             8             2018          6 
-131.2431      3             3             8             2018          6 
-129.3079      4             3             8             2018          6 
-147.5809      5             3             8             2018          6 
-136.1279      6             3             8             2018          6 
-144.7959      7             3             8             2018          6 
-125.889       8             3             8             2018          6 
-126.7673      9             3             8             2018          6 
-104.6006      10            3             8             2018          6 
-107.72        11            3             8             2018          6 
-100.2031      12            3             8             2018          6 
-102.5772      13            3             8             2018          6 
-94.11694      14            3             8             2018          6 
-90.77998      15            3             8             2018          6 
-81.51485      16            3             8             2018          6 
-65.38135      17            3             8             2018          6 
-57.28047      18            3             8             2018          6 
-53.77588      19            3             8             2018          6 
-49.08125      20            3             8             2018          6 
-55.32344      21            3             8             2018          6 
-67.10136      22            3             8             2018          6 
-78.0168       23            3             8             2018          6 
-91.00649      0             4             8             2018          7 
-101.2692      1             4             8             2018          7 
-111.6796      2             4             8             2018          7 
-120.0088      3             4             8             2018          7 
-134.7975      4             4             8             2018          7 
-128.8273      5             4             8             2018          7 
-87.87891      6             4             8             2018          7 
-62.46758      7             4             8             2018          7 
-3.182227      8             4             8             2018          7 
 19.6917       9             4             8             2018          7 
 8.285449      10            4             8             2018          7 
-31.21582      11            4             8             2018          7 
-63.48223      12            4             8             2018          7 
-110.2833      13            4             8             2018          7 
-146.597       14            4             8             2018          7 
-128.723       15            4             8             2018          7 
-141.5409      16            4             8             2018          7 
-113.5375      17            4             8             2018          7 
-132.3701      18            4             8             2018          7 
-107.1336      19            4             8             2018          7 
-75.85747      20            4             8             2018          7 
-106.1867      21            4             8             2018          7 
-33.8877       22            4             8             2018          7 
-90.92407      23            4             8             2018          7 
-59.60342      0             5             8             2018          1 
-100.695       1             5             8             2018          1 
-60.82632      2             5             8             2018          1 
-185.4381      3             5             8             2018          1 
-104.8175      4             5             8             2018          1 
-199.4633      5             5             8             2018          1 
-171.1454      6             5             8             2018          1 
-138.8002      7             5             8             2018          1 
-83.87956      8             5             8             2018          1 
-64.01237      9             5             8             2018          1 
 23.85031      10            5             8             2018          1 
 15.0696       11            5             8             2018          1 
 5.521735      12            5             8             2018          1 
 38.96001      13            5             8             2018          1 
 11.66033      14            5             8             2018          1 
 15.15112      15            5             8             2018          1 
-20.46241      16            5             8             2018          1 
-57.1396       17            5             8             2018          1 
-114.0952      18            5             8             2018          1 
-113.8241      19            5             8             2018          1 
-139.3152      20            5             8             2018          1 
-128.072       21            5             8             2018          1 
-124.9924      22            5             8             2018          1 
-130.939       23            5             8             2018          1 
-142.979       0             6             8             2018          2 
-152.4234      1             6             8             2018          2 
-149.675       2             6             8             2018          2 
-154.0699      3             6             8             2018          2 
-147.587       4             6             8             2018          2 
-159.7841      5             6             8             2018          2 
-126.1187      6             6             8             2018          2 
-129.4017      7             6             8             2018          2 
-73.33616      8             6             8             2018          2 
-56.22332      9             6             8             2018          2 
-12.93768      10            6             8             2018          2 
-15.95506      11            6             8             2018          2 
 18.59275      12            6             8             2018          2 
 89.49391      13            6             8             2018          2 
-70.21495      14            6             8             2018          2 
 2.753082      15            6             8             2018          2 
-173.0538      16            6             8             2018          2 
-201.4964      17            6             8             2018          2 
-297.6815      18            6             8             2018          2 
-154.8132      19            6             8             2018          2 
-253.5513      20            6             8             2018          2 
-106.7405      21            6             8             2018          2 
-116.6492      22            6             8             2018          2 
-107.8142      23            6             8             2018          2 
-114.7405      0             7             8             2018          3 
-93.92422      1             7             8             2018          3 
-99.75273      2             7             8             2018          3 
-106.9242      3             7             8             2018          3 
-144.8962      4             7             8             2018          3 
-136.1387      5             7             8             2018          3 
-170.7755      6             7             8             2018          3 
-148.8328      7             7             8             2018          3 
-115.6901      8             7             8             2018          3 
-90.83119      9             7             8             2018          3 
-53.14426      10            7             8             2018          3 
-16.11374      11            7             8             2018          3 
 25.03733      12            7             8             2018          3 
 45.8962       13            7             8             2018          3 
-17.76378      14            7             8             2018          3 
-26.60427      15            7             8             2018          3 
-142.0438      16            7             8             2018          3 
-175.9249      17            7             8             2018          3 
-213.8855      18            7             8             2018          3 
-142.7541      19            7             8             2018          3 
-166.7967      20            7             8             2018          3 
-72.04004      21            7             8             2018          3 
-92.64375      22            7             8             2018          3 
-88.45107      23            7             8             2018          3 
-106.1007      0             8             8             2018          4 
-101.8266      1             8             8             2018          4 
-134.0694      2             8             8             2018          4 
-128.796       3             8             8             2018          4 
-128.0979      4             8             8             2018          4 
-133.9023      5             8             8             2018          4 
-96.19102      6             8             8             2018          4 
-56.30354      7             8             8             2018          4 
-40.75239      8             8             8             2018          4 
-23.23858      9             8             8             2018          4 
 6.403241      10            8             8             2018          4 
-17.18719      11            8             8             2018          4 
-1.918632      12            8             8             2018          4 
 6.851604      13            8             8             2018          4 
-14.0661       14            8             8             2018          4 
 49.03355      15            8             8             2018          4 
 12.19153      16            8             8             2018          4 
 60.94888      17            8             8             2018          4 
 71.17886      18            8             8             2018          4 
 65.65619      19            8             8             2018          4 
 25.63054      20            8             8             2018          4 
 37.76943      21            8             8             2018          4 
 515.6663      22            8             8             2018          4 
 236.0483      23            8             8             2018          4 
 869.3016      0             9             8             2018          5 
 563.7285      1             9             8             2018          5 
 657.8123      2             9             8             2018          5 
 135.6208      3             9             8             2018          5 
 388.1186      4             9             8             2018          5 
-191.88        5             9             8             2018          5 
 82.27842      6             9             8             2018          5 
-39.87246      7             9             8             2018          5 
-44.58207      8             9             8             2018          5 
-67.21143      9             9             8             2018          5 
-95.35394      10            9             8             2018          5 
 11.01809      11            9             8             2018          5 
 60.11731      12            9             8             2018          5 
 42.82948      13            9             8             2018          5 
 158.5624      14            9             8             2018          5 
 42.82475      15            9             8             2018          5 
 37.33352      16            9             8             2018          5 
-3.335034      17            9             8             2018          5 
-41.12168      18            9             8             2018          5 
-166.9734      19            9             8             2018          5 
-135.0931      20            9             8             2018          5 
-262.1037      21            9             8             2018          5 
-258.8167      22            9             8             2018          5 
-233.0493      23            9             8             2018          5 
-230.4651      0             10            8             2018          6 
-173.896       1             10            8             2018          6 
-176.8535      2             10            8             2018          6 
-173.2236      3             10            8             2018          6 
-145.9428      4             10            8             2018          6 
-128.5848      5             10            8             2018          6 
-104.4271      6             10            8             2018          6 
-52.42783      7             10            8             2018          6 
-96.45146      8             10            8             2018          6 
-56.89355      9             10            8             2018          6 
-103.0089      10            10            8             2018          6 
-89.31631      11            10            8             2018          6 
-125.4658      12            10            8             2018          6 
-111.9561      13            10            8             2018          6 
-154.477       14            10            8             2018          6 
-141.7763      15            10            8             2018          6 
-157.7068      16            10            8             2018          6 
-143.2419      17            10            8             2018          6 
-123.7373      18            10            8             2018          6 
-133.9233      19            10            8             2018          6 
-120.2748      20            10            8             2018          6 
-169.7953      21            10            8             2018          6 
-182.7879      22            10            8             2018          6 
-147.4282      23            10            8             2018          6 
-152.7955      0             11            8             2018          7 
-76.09878      1             11            8             2018          7 
-40.51186      2             11            8             2018          7 
-38.48281      3             11            8             2018          7 
-34.65444      4             11            8             2018          7 
-32.99331      5             11            8             2018          7 
-68.23344      6             11            8             2018          7 
-60.03477      7             11            8             2018          7 
-51.10049      8             11            8             2018          7 
-48.3252       9             11            8             2018          7 
-57.80938      10            11            8             2018          7 
-35.48403      11            11            8             2018          7 
-36.11494      12            11            8             2018          7 
 20.51724      13            11            8             2018          7 
-26.43672      14            11            8             2018          7 
 73.59145      15            11            8             2018          7 
-113.9625      16            11            8             2018          7 
-57.954        17            11            8             2018          7 
-176.322       18            11            8             2018          7 
-132.6104      19            11            8             2018          7 
-179.5357      20            11            8             2018          7 
-26.94785      21            11            8             2018          7 
-67.23403      22            11            8             2018          7 
 5.137012      23            11            8             2018          7 
 13.83652      0             12            8             2018          1 
-60.53916      1             12            8             2018          1 
-66.26357      2             12            8             2018          1 
-132.7669      3             12            8             2018          1 
-151.7626      4             12            8             2018          1 
-166.685       5             12            8             2018          1 
-118.7755      6             12            8             2018          1 
-86.33889      7             12            8             2018          1 
-72.70195      8             12            8             2018          1 
-45.47668      9             12            8             2018          1 
-92.35801      10            12            8             2018          1 
-103.006       11            12            8             2018          1 
-125.9303      12            12            8             2018          1 
-77.11055      13            12            8             2018          1 
-91.77922      14            12            8             2018          1 
-32.47402      15            12            8             2018          1 
-24.55669      16            12            8             2018          1 
-17.8791       17            12            8             2018          1 
-30.68926      18            12            8             2018          1 
-24.42837      19            12            8             2018          1 
-26.94004      20            12            8             2018          1 
-29.60513      21            12            8             2018          1 
-20.06704      22            12            8             2018          1 
-45.07764      23            12            8             2018          1 
-46.54961      0             13            8             2018          2 
-112.4725      1             13            8             2018          2 
-125.1603      2             13            8             2018          2 
-201.3574      3             13            8             2018          2 
-194.0391      4             13            8             2018          2 
-193.6057      5             13            8             2018          2 
-172.6353      6             13            8             2018          2 
 28.72329      7             13            8             2018          2 
 66.66438      8             13            8             2018          2 
 249.1006      9             13            8             2018          2 
 246.6818      10            13            8             2018          2 
 297.1888      11            13            8             2018          2 
 113.3072      12            13            8             2018          2 
 157.8107      13            13            8             2018          2 
-40.71949      14            13            8             2018          2 
-109.3151      15            13            8             2018          2 
-156.4324      16            13            8             2018          2 
-236.0337      17            13            8             2018          2 
-254.9447      18            13            8             2018          2 
-215.3234      19            13            8             2018          2 
-166.1267      20            13            8             2018          2 
-135.9053      21            13            8             2018          2 
-65.7459       22            13            8             2018          2 
-71.30244      23            13            8             2018          2 
-67.14854      0             14            8             2018          3 
-57.30264      1             14            8             2018          3 
-48.63857      2             14            8             2018          3 
-102.0859      3             14            8             2018          3 
-105.6164      4             14            8             2018          3 
-172.8112      5             14            8             2018          3 
-171.9326      6             14            8             2018          3 
-185.1548      7             14            8             2018          3 
-117.5274      8             14            8             2018          3 
-105.3722      9             14            8             2018          3 
-36.12324      10            14            8             2018          3 
-26.40493      11            14            8             2018          3 
-3.357641      12            14            8             2018          3 
-4.386797      13            14            8             2018          3 
 98.01919      14            14            8             2018          3 
 78.57704      15            14            8             2018          3 
 160.6619      16            14            8             2018          3 
 128.0535      17            14            8             2018          3 
 112.4567      18            14            8             2018          3 
 3.678497      19            14            8             2018          3 
 12.14658      20            14            8             2018          3 
-87.31587      21            14            8             2018          3 
-74.51172      22            14            8             2018          3 
-102.7519      23            14            8             2018          3 
-96.1793       0             15            8             2018          4 
-97.12041      1             15            8             2018          4 
-93.95879      2             15            8             2018          4 
-114.7384      3             15            8             2018          4 
-81.46513      4             15            8             2018          4 
-128.9309      5             15            8             2018          4 
-96.28516      6             15            8             2018          4 
-39.60649      7             15            8             2018          4 
 11.82643      8             15            8             2018          4 
 60.04792      9             15            8             2018          4 
 116.3431      10            15            8             2018          4 
 94.51371      11            15            8             2018          4 
 53.17741      12            15            8             2018          4 
 43.86681      13            15            8             2018          4 
-85.73679      14            15            8             2018          4 
-95.90559      15            15            8             2018          4 
-191.3739      16            15            8             2018          4 
-201.5922      17            15            8             2018          4 
-226.1739      18            15            8             2018          4 
-164.2614      19            15            8             2018          4 
-204.2237      20            15            8             2018          4 
-153.4775      21            15            8             2018          4 
-197.8193      22            15            8             2018          4 
-204.263       23            15            8             2018          4 
-211.0798      0             16            8             2018          5 
-187.0017      1             16            8             2018          5 
-173.5412      2             16            8             2018          5 
-153.1985      3             16            8             2018          5 
-153.183       4             16            8             2018          5 
-157.9542      5             16            8             2018          5 
-155.8573      6             16            8             2018          5 
-212.1858      7             16            8             2018          5 
-190.8419      8             16            8             2018          5 
-234.4557      9             16            8             2018          5 
-195.8566      10            16            8             2018          5 
-173.3291      11            16            8             2018          5 
-84.33778      12            16            8             2018          5 
-69.8434       13            16            8             2018          5 
 10.4047       14            16            8             2018          5 
 4.88191       15            16            8             2018          5 
 7.133937      16            16            8             2018          5 
-9.775821      17            16            8             2018          5 
-29.40891      18            16            8             2018          5 
-54.61725      19            16            8             2018          5 
-67.42433      20            16            8             2018          5 
-86.89072      21            16            8             2018          5 
-89.36836      22            16            8             2018          5 
-89.95274      23            16            8             2018          5 
-93.59776      0             17            8             2018          6 
-92.72412      1             17            8             2018          6 
-92.39531      2             17            8             2018          6 
-98.41191      3             17            8             2018          6 
-96.51279      4             17            8             2018          6 
-105.2787      5             17            8             2018          6 
-107.7971      6             17            8             2018          6 
-116.1872      7             17            8             2018          6 
-115.9229      8             17            8             2018          6 
-121.8298      9             17            8             2018          6 
-116.0317      10            17            8             2018          6 
-117.3364      11            17            8             2018          6 
-114.3639      12            17            8             2018          6 
-107.7507      13            17            8             2018          6 
-106.0022      14            17            8             2018          6 
-99.1665       15            17            8             2018          6 
-92.1248       16            17            8             2018          6 
-110.0366      17            17            8             2018          6 
-132.9104      18            17            8             2018          6 
-152.0985      19            17            8             2018          6 
-169.8736      20            17            8             2018          6 
-168.3513      21            17            8             2018          6 
-135.6955      22            17            8             2018          6 
-101.9833      23            17            8             2018          6 
-79.45381      0             18            8             2018          7 
-58.29912      1             18            8             2018          7 
-52.12481      2             18            8             2018          7 
-55.31289      3             18            8             2018          7 
-54.78594      4             18            8             2018          7 
-50.25918      5             18            8             2018          7 
-48.54414      6             18            8             2018          7 
-60.35693      7             18            8             2018          7 
-59.72285      8             18            8             2018          7 
-68.17568      9             18            8             2018          7 
-70.27441      10            18            8             2018          7 
-109.4638      11            18            8             2018          7 
-98.11758      12            18            8             2018          7 
-119.648       13            18            8             2018          7 
-95.3501       14            18            8             2018          7 
-84.02217      15            18            8             2018          7 
-35.98994      16            18            8             2018          7 
-43.09663      17            18            8             2018          7 
-27.75503      18            18            8             2018          7 
-45.4627       19            18            8             2018          7 
-51.81797      20            18            8             2018          7 
-62.65342      21            18            8             2018          7 
-55.01821      22            18            8             2018          7 
-61.35601      23            18            8             2018          7 
-21.77266      0             19            8             2018          1 
-40.94854      1             19            8             2018          1 
-10.75752      2             19            8             2018          1 
-26.96484      3             19            8             2018          1 
-26.38701      4             19            8             2018          1 
-86.32784      5             19            8             2018          1 
-94.87539      6             19            8             2018          1 
-120.5314      7             19            8             2018          1 
-127.787       8             19            8             2018          1 
-98.29231      9             19            8             2018          1 
-68.88377      10            19            8             2018          1 
-34.37067      11            19            8             2018          1 
-22.67399      12            19            8             2018          1 
-36.743        13            19            8             2018          1 
-12.02583      14            19            8             2018          1 
-55.40214      15            19            8             2018          1 
 11.48434      16            19            8             2018          1 
-1.113904      17            19            8             2018          1 
 74.40375      18            19            8             2018          1 
-3.746912      19            19            8             2018          1 
 30.15288      20            19            8             2018          1 
-84.04629      21            19            8             2018          1 
-87.11436      22            19            8             2018          1 
-139.8544      23            19            8             2018          1 
-106.7518      0             20            8             2018          2 
-116.1892      1             20            8             2018          2 
-82.69756      2             20            8             2018          2 
-45.89072      3             20            8             2018          2 
-72.63818      4             20            8             2018          2 
-56.34853      5             20            8             2018          2 
-106.1187      6             20            8             2018          2 
-290.0261      7             20            8             2018          2 
-344.9047      8             20            8             2018          2 
-467.6177      9             20            8             2018          2 
-469.5807      10            20            8             2018          2 
-403.8361      11            20            8             2018          2 
-202.8109      12            20            8             2018          2 
-157.5617      13            20            8             2018          2 
 36.84441      14            20            8             2018          2 
 38.13288      15            20            8             2018          2 
 60.9298       16            20            8             2018          2 
 32.53027      17            20            8             2018          2 
-5.545575      18            20            8             2018          2 
-44.93307      19            20            8             2018          2 
-92.07876      20            20            8             2018          2 
-118.8008      21            20            8             2018          2 
-124.8904      22            20            8             2018          2 
-111.8908      23            20            8             2018          2 
-113.0251      0             21            8             2018          3 
-82.06905      1             21            8             2018          3 
-92.36064      2             21            8             2018          3 
-74.79521      3             21            8             2018          3 
-87.35771      4             21            8             2018          3 
-93.54716      5             21            8             2018          3 
-122.6867      6             21            8             2018          3 
-96.94503      7             21            8             2018          3 
-111.1338      8             21            8             2018          3 
-64.56068      9             21            8             2018          3 
-42.30348      10            21            8             2018          3 
 .3085394      11            21            8             2018          3 
-7.480047      12            21            8             2018          3 
 27.4784       13            21            8             2018          3 
-158.1652      14            21            8             2018          3 
-154.493       15            21            8             2018          3 
-283.8065      16            21            8             2018          3 
-263.4585      17            21            8             2018          3 
-241.857       18            21            8             2018          3 
-58.71672      19            21            8             2018          3 
-79.98853      20            21            8             2018          3 
 12.22334      21            21            8             2018          3 
-41.66768      22            21            8             2018          3 
-111.7435      23            21            8             2018          3 
-162.3732      0             22            8             2018          4 
-161.7143      1             22            8             2018          4 
-139.3581      2             22            8             2018          4 
-130.2554      3             22            8             2018          4 
-102.8318      4             22            8             2018          4 
-98.31504      5             22            8             2018          4 
-82.27666      6             22            8             2018          4 
-69.97769      7             22            8             2018          4 
-38.82722      8             22            8             2018          4 
-15.70192      9             22            8             2018          4 
 9.776685      10            22            8             2018          4 
 11.06341      11            22            8             2018          4 
 17.27366      12            22            8             2018          4 
 13.2282       13            22            8             2018          4 
-24.7803       14            22            8             2018          4 
 33.351        15            22            8             2018          4 
 4.808148      16            22            8             2018          4 
 64.52403      17            22            8             2018          4 
 68.15676      18            22            8             2018          4 
 100.2425      19            22            8             2018          4 
 34.34719      20            22            8             2018          4 
 40.1375       21            22            8             2018          4 
-24.43301      22            22            8             2018          4 
-51.8065       23            22            8             2018          4 
-52.05127      0             23            8             2018          5 
-88.20918      1             23            8             2018          5 
-86.57275      2             23            8             2018          5 
-146.1617      3             23            8             2018          5 
-155.4723      4             23            8             2018          5 
-185.6989      5             23            8             2018          5 
-160.0435      6             23            8             2018          5 
-144.6111      7             23            8             2018          5 
-85.91948      8             23            8             2018          5 
-54.25178      9             23            8             2018          5 
-25.97583      10            23            8             2018          5 
-7.764338      11            23            8             2018          5 
-2.767412      12            23            8             2018          5 
 10.4021       13            23            8             2018          5 
 13.70479      14            23            8             2018          5 
 18.5153       15            23            8             2018          5 
 47.24146      16            23            8             2018          5 
 32.78264      17            23            8             2018          5 
 37.52692      18            23            8             2018          5 
 14.68758      19            23            8             2018          5 
-13.523        20            23            8             2018          5 
-61.60976      21            23            8             2018          5 
-84.84678      22            23            8             2018          5 
-122.0447      23            23            8             2018          5 
-145.4102      0             24            8             2018          6 
-143.7495      1             24            8             2018          6 
-155.5907      2             24            8             2018          6 
-152.7101      3             24            8             2018          6 
-123.1471      4             24            8             2018          6 
-151.9104      5             24            8             2018          6 
-113.8814      6             24            8             2018          6 
-135.3962      7             24            8             2018          6 
-112.4137      8             24            8             2018          6 
-129.8072      9             24            8             2018          6 
-79.18613      10            24            8             2018          6 
-165.0339      11            24            8             2018          6 
-141.6048      12            24            8             2018          6 
-152.5093      13            24            8             2018          6 
-133.7011      14            24            8             2018          6 
-80.98604      15            24            8             2018          6 
-10.14814      16            24            8             2018          6 
 1.394434      17            24            8             2018          6 
-13.78398      18            24            8             2018          6 
-35.35527      19            24            8             2018          6 
-125.0433      20            24            8             2018          6 
-127.6235      21            24            8             2018          6 
-132.5674      22            24            8             2018          6 
-78.40347      23            24            8             2018          6 
-105.3327      0             25            8             2018          7 
-41.83276      1             25            8             2018          7 
-106.2533      2             25            8             2018          7 
-52.81963      3             25            8             2018          7 
-155.1767      4             25            8             2018          7 
-42.45483      5             25            8             2018          7 
-147.5026      6             25            8             2018          7 
-51.85205      7             25            8             2018          7 
-197.2184      8             25            8             2018          7 
-112.7122      9             25            8             2018          7 
-254.9397      10            25            8             2018          7 
-131.5578      11            25            8             2018          7 
-164.0952      12            25            8             2018          7 
-111.7005      13            25            8             2018          7 
-149.486       14            25            8             2018          7 
-157.5068      15            25            8             2018          7 
-185.7574      16            25            8             2018          7 
-198.9333      17            25            8             2018          7 
-156.1098      18            25            8             2018          7 
-150.3706      19            25            8             2018          7 
-67.99213      20            25            8             2018          7 
-89.41167      21            25            8             2018          7 
-66.50772      22            25            8             2018          7 
-78.76074      23            25            8             2018          7 
-120.6538      0             26            8             2018          1 
-166.4646      1             26            8             2018          1 
-200.2729      2             26            8             2018          1 
-206.5765      3             26            8             2018          1 
-192.744       4             26            8             2018          1 
-94.65195      5             26            8             2018          1 
-77.10547      6             26            8             2018          1 
 8.847476      7             26            8             2018          1 
-1.295525      8             26            8             2018          1 
 43.13357      9             26            8             2018          1 
 22.4238       10            26            8             2018          1 
 47.59833      11            26            8             2018          1 
 21.18002      12            26            8             2018          1 
 87.64917      13            26            8             2018          1 
 36.83071      14            26            8             2018          1 
 87.62742      15            26            8             2018          1 
 54.46593      16            26            8             2018          1 
 46.75736      17            26            8             2018          1 
-27.28568      18            26            8             2018          1 
-22.87463      19            26            8             2018          1 
-101.0858      20            26            8             2018          1 
-106.3623      21            26            8             2018          1 
-130.913       22            26            8             2018          1 
-145.1155      23            26            8             2018          1 
-158.0681      0             27            8             2018          2 
-156.9288      1             27            8             2018          2 
-151.3192      2             27            8             2018          2 
-137.9739      3             27            8             2018          2 
-160.129       4             27            8             2018          2 
-156.5354      5             27            8             2018          2 
-184.4325      6             27            8             2018          2 
-172.3814      7             27            8             2018          2 
-168.791       8             27            8             2018          2 
-107.5411      9             27            8             2018          2 
-79.0669       10            27            8             2018          2 
-23.79554      11            27            8             2018          2 
-3.732394      12            27            8             2018          2 
 14.5854       13            27            8             2018          2 
-78.6801       14            27            8             2018          2 
-114.9579      15            27            8             2018          2 
-175.3882      16            27            8             2018          2 
-198.9311      17            27            8             2018          2 
-202.722       18            27            8             2018          2 
-111.8728      19            27            8             2018          2 
-81.82602      20            27            8             2018          2 
-78.95034      21            27            8             2018          2 
-45.09126      22            27            8             2018          2 
-101.3629      23            27            8             2018          2 
-131.0818      0             28            8             2018          3 
-150.2692      1             28            8             2018          3 
-131.4709      2             28            8             2018          3 
-173.3876      3             28            8             2018          3 
-142.4464      4             28            8             2018          3 
-116.0489      5             28            8             2018          3 
-105.0875      6             28            8             2018          3 
-98.144        7             28            8             2018          3 
-80.25474      8             28            8             2018          3 
-114.6209      9             28            8             2018          3 
-114.842       10            28            8             2018          3 
-108.2696      11            28            8             2018          3 
-76.48434      12            28            8             2018          3 
-65.24583      13            28            8             2018          3 
-20.04051      14            28            8             2018          3 
-25.48835      15            28            8             2018          3 
-39.15168      16            28            8             2018          3 
-51.65609      17            28            8             2018          3 
-69.61549      18            28            8             2018          3 
-33.00967      19            28            8             2018          3 
-62.9834       20            28            8             2018          3 
-23.2001       21            28            8             2018          3 
-47.79805      22            28            8             2018          3 
-50.725        23            28            8             2018          3 
-93.87236      0             29            8             2018          4 
-76.93095      1             29            8             2018          4 
-110.5096      2             29            8             2018          4 
-100.0908      3             29            8             2018          4 
-99.88535      4             29            8             2018          4 
-102.3379      5             29            8             2018          4 
-25.84394      6             29            8             2018          4 
 38.5062       7             29            8             2018          4 
 135.0399      8             29            8             2018          4 
 212.1745      9             29            8             2018          4 
 233.7091      10            29            8             2018          4 
 174.4588      11            29            8             2018          4 
 95.09981      12            29            8             2018          4 
 89.25541      13            29            8             2018          4 
-31.40363      14            29            8             2018          4 
-12.96495      15            29            8             2018          4 
-63.32653      16            29            8             2018          4 
-89.73788      17            29            8             2018          4 
-177.4383      18            29            8             2018          4 
-130.457       19            29            8             2018          4 
-166.2223      20            29            8             2018          4 
-142.8025      21            29            8             2018          4 
-115.7686      22            29            8             2018          4 
-128.2441      23            29            8             2018          4 
-139.346       0             30            8             2018          5 
-152.9351      1             30            8             2018          5 
-152.3565      2             30            8             2018          5 
-161.95        3             30            8             2018          5 
-150.1512      4             30            8             2018          5 
-179.5236      5             30            8             2018          5 
-150.8947      6             30            8             2018          5 
-146.0387      7             30            8             2018          5 
-101.9281      8             30            8             2018          5 
-67.58385      9             30            8             2018          5 
-9.308489      10            30            8             2018          5 
-6.93934       11            30            8             2018          5 
 16.38119      12            30            8             2018          5 
 22.5276       13            30            8             2018          5 
 39.50187      14            30            8             2018          5 
 35.45029      15            30            8             2018          5 
 48.94765      16            30            8             2018          5 
 17.54929      17            30            8             2018          5 
-21.58899      18            30            8             2018          5 
-75.04525      19            30            8             2018          5 
-90.90762      20            30            8             2018          5 
-122.036       21            30            8             2018          5 
-107.814       22            30            8             2018          5 
-99.60264      23            30            8             2018          5 
-87.74648      0             31            8             2018          6 
-85.48027      1             31            8             2018          6 
-79.36787      2             31            8             2018          6 
-78.10049      3             31            8             2018          6 
-78.23057      4             31            8             2018          6 
-104.9968      5             31            8             2018          6 
-75.13066      6             31            8             2018          6 
-73.90752      7             31            8             2018          6 
-46.56973      8             31            8             2018          6 
-10.34785      9             31            8             2018          6 
 11.61123      10            31            8             2018          6 
-19.26943      11            31            8             2018          6 
-28.01133      12            31            8             2018          6 
-59.8499       13            31            8             2018          6 
-51.66026      14            31            8             2018          6 
-52.03164      15            31            8             2018          6 
-5.227735      16            31            8             2018          6 
-39.81728      17            31            8             2018          6 
-37.62168      18            31            8             2018          6 
-111.3666      19            31            8             2018          6 
-107.7615      20            31            8             2018          6 
-155.0816      21            31            8             2018          6 
-114.8505      22            31            8             2018          6 
-118.8223      23            31            8             2018          6 
