-143.9725      0             1             11            2019          6 
-105.4842      1             1             11            2019          6 
-112.0686      2             1             11            2019          6 
-100.1895      3             1             11            2019          6 
-113.9929      4             1             11            2019          6 
-89.6415       5             1             11            2019          6 
-105.1077      6             1             11            2019          6 
-89.27393      7             1             11            2019          6 
-88.15224      8             1             11            2019          6 
-113.3204      9             1             11            2019          6 
-127.4155      10            1             11            2019          6 
-148.3294      11            1             11            2019          6 
-167.3014      12            1             11            2019          6 
-156.9431      13            1             11            2019          6 
-139.614       14            1             11            2019          6 
-128.66        15            1             11            2019          6 
-117.3761      16            1             11            2019          6 
-123.0984      17            1             11            2019          6 
-121.7217      18            1             11            2019          6 
-148.5343      19            1             11            2019          6 
-143.8085      20            1             11            2019          6 
-153.0981      21            1             11            2019          6 
-137.0107      22            1             11            2019          6 
-134.4949      23            1             11            2019          6 
-97.32295      0             2             11            2019          7 
-86.09444      1             2             11            2019          7 
-58.50019      2             2             11            2019          7 
-39.61543      3             2             11            2019          7 
-27.74893      4             2             11            2019          7 
-26.27871      5             2             11            2019          7 
-25.92549      6             2             11            2019          7 
-34.14248      7             2             11            2019          7 
-44.79463      8             2             11            2019          7 
-51.80137      9             2             11            2019          7 
-91.96651      10            2             11            2019          7 
-94.45166      11            2             11            2019          7 
-129.1943      12            2             11            2019          7 
-128.9935      13            2             11            2019          7 
-112.6434      14            2             11            2019          7 
-71.06035      15            2             11            2019          7 
-56.73994      16            2             11            2019          7 
-20.01455      17            2             11            2019          7 
-30.05859      18            2             11            2019          7 
-23.27881      19            2             11            2019          7 
-49.10498      20            2             11            2019          7 
-45.54746      21            2             11            2019          7 
-63.24883      22            2             11            2019          7 
-68.40166      23            2             11            2019          7 
-102.802       0             3             11            2019          1 
-100.173       1             3             11            2019          1 
-136.2473      2             3             11            2019          1 
-103.3055      3             3             11            2019          1 
-105.8333      4             3             11            2019          1 
-88.35498      5             3             11            2019          1 
-94.57617      6             3             11            2019          1 
-108.3507      7             3             11            2019          1 
-146.6081      8             3             11            2019          1 
-141.7688      9             3             11            2019          1 
-155.6407      10            3             11            2019          1 
-136.805       11            3             11            2019          1 
-140.5122      12            3             11            2019          1 
-114.0097      13            3             11            2019          1 
-127.3845      14            3             11            2019          1 
-111.303       15            3             11            2019          1 
-68.18691      16            3             11            2019          1 
-41.49834      17            3             11            2019          1 
-14.0417       18            3             11            2019          1 
-8.786524      19            3             11            2019          1 
-24.3584       20            3             11            2019          1 
-77.35264      21            3             11            2019          1 
-107.2872      22            3             11            2019          1 
-146.1169      23            3             11            2019          1 
-131.1498      0             4             11            2019          2 
-128.0927      1             4             11            2019          2 
-69.84766      2             4             11            2019          2 
-52.25537      3             4             11            2019          2 
-32.72939      4             4             11            2019          2 
-85.29785      5             4             11            2019          2 
-60.99141      6             4             11            2019          2 
-152.3029      7             4             11            2019          2 
-113.3572      8             4             11            2019          2 
-144.0401      9             4             11            2019          2 
-99.81816      10            4             11            2019          2 
-123.375       11            4             11            2019          2 
-116.7177      12            4             11            2019          2 
-126.3978      13            4             11            2019          2 
-139.0323      14            4             11            2019          2 
-120.9465      15            4             11            2019          2 
-127.105       16            4             11            2019          2 
-68.17456      17            4             11            2019          2 
-73.67153      18            4             11            2019          2 
-28.89761      19            4             11            2019          2 
-21.24746      20            4             11            2019          2 
-17.25132      21            4             11            2019          2 
-43.66836      22            4             11            2019          2 
-59.16157      23            4             11            2019          2 
-109.2728      0             5             11            2019          3 
-120.7347      1             5             11            2019          3 
-146.5365      2             5             11            2019          3 
-121.3427      3             5             11            2019          3 
-120.5304      4             5             11            2019          3 
-80.0793       5             5             11            2019          3 
-116.4081      6             5             11            2019          3 
-17.48555      7             5             11            2019          3 
-92.36787      8             5             11            2019          3 
-19.59854      9             5             11            2019          3 
-77.55547      10            5             11            2019          3 
-52.98594      11            5             11            2019          3 
-111.7522      12            5             11            2019          3 
-50.19277      13            5             11            2019          3 
-73.95449      14            5             11            2019          3 
-11.28486      15            5             11            2019          3 
-19.85303      16            5             11            2019          3 
-19.73262      17            5             11            2019          3 
-39.45869      18            5             11            2019          3 
-79.4293       19            5             11            2019          3 
-82.66856      20            5             11            2019          3 
-71.50371      21            5             11            2019          3 
-92.24111      22            5             11            2019          3 
-83.49668      23            5             11            2019          3 
-98.42881      0             6             11            2019          4 
-114.2971      1             6             11            2019          4 
-130.7084      2             6             11            2019          4 
-137.9098      3             6             11            2019          4 
-150.7299      4             6             11            2019          4 
-157.4584      5             6             11            2019          4 
-130.5227      6             6             11            2019          4 
-118.0507      7             6             11            2019          4 
-71.3832       8             6             11            2019          4 
-57.16572      9             6             11            2019          4 
-36.86768      10            6             11            2019          4 
-50.68662      11            6             11            2019          4 
-31.76855      12            6             11            2019          4 
-50.87207      13            6             11            2019          4 
-22.2293       14            6             11            2019          4 
-13.86162      15            6             11            2019          4 
 4.118945      16            6             11            2019          4 
 32.30732      17            6             11            2019          4 
 27.53291      18            6             11            2019          4 
 41.91973      19            6             11            2019          4 
 28.56719      20            6             11            2019          4 
 17.13379      21            6             11            2019          4 
-13.06387      22            6             11            2019          4 
-5.111035      23            6             11            2019          4 
-34.78613      0             7             11            2019          5 
-21.2874       1             7             11            2019          5 
-22.40596      2             7             11            2019          5 
-30.15713      3             7             11            2019          5 
-85.27065      4             7             11            2019          5 
-73.17651      5             7             11            2019          5 
-133.1129      6             7             11            2019          5 
-135.154       7             7             11            2019          5 
-133.2144      8             7             11            2019          5 
-103.6856      9             7             11            2019          5 
-135.3131      10            7             11            2019          5 
-72.23154      11            7             11            2019          5 
-114.3725      12            7             11            2019          5 
-63.0917       13            7             11            2019          5 
-60.67471      14            7             11            2019          5 
-6.081543      15            7             11            2019          5 
-8.20625       16            7             11            2019          5 
 9.124804      17            7             11            2019          5 
-46.046        18            7             11            2019          5 
-56.16191      19            7             11            2019          5 
-112.4932      20            7             11            2019          5 
-103.1982      21            7             11            2019          5 
-109.8023      22            7             11            2019          5 
-90.4128       23            7             11            2019          5 
-86.25537      0             8             11            2019          6 
-88.02275      1             8             11            2019          6 
-86.37392      2             8             11            2019          6 
-79.77246      3             8             11            2019          6 
-76.79307      4             8             11            2019          6 
-63.48447      5             8             11            2019          6 
-61.721        6             8             11            2019          6 
-89.95068      7             8             11            2019          6 
-89.46992      8             8             11            2019          6 
-126.3352      9             8             11            2019          6 
-137.383       10            8             11            2019          6 
-126.6487      11            8             11            2019          6 
-120.9981      12            8             11            2019          6 
-127.1551      13            8             11            2019          6 
-87.78711      14            8             11            2019          6 
-88.50264      15            8             11            2019          6 
-25.55478      16            8             11            2019          6 
-17.32559      17            8             11            2019          6 
 47.93125      18            8             11            2019          6 
 18.71523      19            8             11            2019          6 
 31.24981      20            8             11            2019          6 
-39.8665       21            8             11            2019          6 
-46.67461      22            8             11            2019          6 
-113.7711      23            8             11            2019          6 
-118.2624      0             9             11            2019          7 
-133.4891      1             9             11            2019          7 
-142.3355      2             9             11            2019          7 
-151.9149      3             9             11            2019          7 
-142.8743      4             9             11            2019          7 
-112.9171      5             9             11            2019          7 
-104.1889      6             9             11            2019          7 
-90.36582      7             9             11            2019          7 
-81.64522      8             9             11            2019          7 
-103.1876      9             9             11            2019          7 
-125.6449      10            9             11            2019          7 
-113.1267      11            9             11            2019          7 
-106.0021      12            9             11            2019          7 
-93.84717      13            9             11            2019          7 
-69.40352      14            9             11            2019          7 
-61.62412      15            9             11            2019          7 
-75.63467      16            9             11            2019          7 
-78.14043      17            9             11            2019          7 
-77.39072      18            9             11            2019          7 
-59.79082      19            9             11            2019          7 
-91.3835       20            9             11            2019          7 
-73.83496      21            9             11            2019          7 
-84.86601      22            9             11            2019          7 
-86.10947      23            9             11            2019          7 
-77.69209      0             10            11            2019          1 
-42.92519      1             10            11            2019          1 
-63.93769      2             10            11            2019          1 
-57.00615      3             10            11            2019          1 
-85.01221      4             10            11            2019          1 
-104.588       5             10            11            2019          1 
-202.197       6             10            11            2019          1 
-181.541       7             10            11            2019          1 
-257.4596      8             10            11            2019          1 
-207.8076      9             10            11            2019          1 
-212.0456      10            10            11            2019          1 
-85.95972      11            10            11            2019          1 
-78.74092      12            10            11            2019          1 
 13.05234      13            10            11            2019          1 
-42.12856      14            10            11            2019          1 
-41.27881      15            10            11            2019          1 
-136.906       16            10            11            2019          1 
-154.2846      17            10            11            2019          1 
-189.1593      18            10            11            2019          1 
-185.021       19            10            11            2019          1 
-213.3683      20            10            11            2019          1 
-172.5351      21            10            11            2019          1 
-193.0917      22            10            11            2019          1 
-143.614       23            10            11            2019          1 
-141.7264      0             11            11            2019          2 
-68.18418      1             11            11            2019          2 
-69.99941      2             11            11            2019          2 
-25.37959      3             11            11            2019          2 
-71.38916      4             11            11            2019          2 
-56.65195      5             11            11            2019          2 
-117.0186      6             11            11            2019          2 
-116.3053      7             11            11            2019          2 
 336.1567      8             11            11            2019          2 
 1286.193      9             11            11            2019          2 
 1966.58       10            11            11            2019          2 
 2941.992      11            11            11            2019          2 
 3174.82       12            11            11            2019          2 
 2721.45       13            11            11            2019          2 
 1813.375      14            11            11            2019          2 
 1150.208      15            11            11            2019          2 
 239.4208      16            11            11            2019          2 
-7.88252       17            11            11            2019          2 
 27.83686      18            11            11            2019          2 
-48.10171      19            11            11            2019          2 
-44.83726      20            11            11            2019          2 
-100.4634      21            11            11            2019          2 
-72.33989      22            11            11            2019          2 
-127.1368      23            11            11            2019          2 
-78.3293       0             12            11            2019          3 
-96.446        1             12            11            2019          3 
-89.41367      2             12            11            2019          3 
-105.9597      3             12            11            2019          3 
-116.4373      4             12            11            2019          3 
-136.1596      5             12            11            2019          3 
-146.1066      6             12            11            2019          3 
-160.8143      7             12            11            2019          3 
-161.4858      8             12            11            2019          3 
-179.2056      9             12            11            2019          3 
-187.3496      10            12            11            2019          3 
-194.929       11            12            11            2019          3 
-183.1392      12            12            11            2019          3 
-161.5688      13            12            11            2019          3 
-112.9985      14            12            11            2019          3 
-79.6376       15            12            11            2019          3 
-46.48579      16            12            11            2019          3 
-35.3939       17            12            11            2019          3 
-41.8336       18            12            11            2019          3 
-52.87402      19            12            11            2019          3 
-60.27305      20            12            11            2019          3 
-76.37148      21            12            11            2019          3 
-82.87256      22            12            11            2019          3 
-80.00468      23            12            11            2019          3 
-96.72646      0             13            11            2019          4 
-91.33037      1             13            11            2019          4 
-99.03994      2             13            11            2019          4 
-102.0691      3             13            11            2019          4 
-104.4541      4             13            11            2019          4 
-66.00655      5             13            11            2019          4 
-87.47398      6             13            11            2019          4 
-95.2147       7             13            11            2019          4 
-139.4125      8             13            11            2019          4 
-173.1595      9             13            11            2019          4 
-203.5203      10            13            11            2019          4 
-167.1155      11            13            11            2019          4 
-120.6148      12            13            11            2019          4 
-71.80322      13            13            11            2019          4 
-33.19072      14            13            11            2019          4 
-37.21894      15            13            11            2019          4 
-49.22305      16            13            11            2019          4 
-111.8255      17            13            11            2019          4 
-70.40894      18            13            11            2019          4 
-113.5346      19            13            11            2019          4 
-39.62764      20            13            11            2019          4 
-44.64619      21            13            11            2019          4 
 34.84282      22            13            11            2019          4 
 12.36841      23            13            11            2019          4 
 73.43486      0             14            11            2019          5 
 18.61777      1             14            11            2019          5 
 35.88301      2             14            11            2019          5 
 2.324219      3             14            11            2019          5 
 6.457715      4             14            11            2019          5 
-14.86465      5             14            11            2019          5 
-17.33467      6             14            11            2019          5 
-26.12803      7             14            11            2019          5 
-87.33242      8             14            11            2019          5 
-96.36153      9             14            11            2019          5 
-126.5681      10            14            11            2019          5 
-136.6558      11            14            11            2019          5 
-117.5265      12            14            11            2019          5 
-41.72139      13            14            11            2019          5 
-25.29531      14            14            11            2019          5 
 28.97632      15            14            11            2019          5 
 42.15493      16            14            11            2019          5 
 9.043848      17            14            11            2019          5 
-22.43926      18            14            11            2019          5 
-62.65205      19            14            11            2019          5 
-85.41543      20            14            11            2019          5 
-104.934       21            14            11            2019          5 
-102.4324      22            14            11            2019          5 
-104.6724      23            14            11            2019          5 
-93.05625      0             15            11            2019          6 
-64.73838      1             15            11            2019          6 
-59.06348      2             15            11            2019          6 
-59.79873      3             15            11            2019          6 
-47.19678      4             15            11            2019          6 
-119.411       5             15            11            2019          6 
-147.9671      6             15            11            2019          6 
-179.4521      7             15            11            2019          6 
-186.8907      8             15            11            2019          6 
-191.8827      9             15            11            2019          6 
-122.9585      10            15            11            2019          6 
-123.8301      11            15            11            2019          6 
-96.24131      12            15            11            2019          6 
-89.65498      13            15            11            2019          6 
-96.56484      14            15            11            2019          6 
-94.48897      15            15            11            2019          6 
-98.91406      16            15            11            2019          6 
-96.65625      17            15            11            2019          6 
-92.87695      18            15            11            2019          6 
-91.37383      19            15            11            2019          6 
-89.62246      20            15            11            2019          6 
-85.04395      21            15            11            2019          6 
-122.3049      22            15            11            2019          6 
-118.6125      23            15            11            2019          6 
-152.0352      0             16            11            2019          7 
-140.061       1             16            11            2019          7 
-138.9983      2             16            11            2019          7 
-97.40928      3             16            11            2019          7 
-104.5508      4             16            11            2019          7 
-77.03506      5             16            11            2019          7 
-95.04043      6             16            11            2019          7 
-98.78701      7             16            11            2019          7 
-145.5839      8             16            11            2019          7 
-136.6615      9             16            11            2019          7 
-171.6654      10            16            11            2019          7 
-147.4622      11            16            11            2019          7 
-145.8674      12            16            11            2019          7 
-90.36113      13            16            11            2019          7 
-86.7335       14            16            11            2019          7 
-53.32734      15            16            11            2019          7 
-72.74805      16            16            11            2019          7 
-75.24717      17            16            11            2019          7 
-102.3881      18            16            11            2019          7 
-108.173       19            16            11            2019          7 
-102.3679      20            16            11            2019          7 
-120.3534      21            16            11            2019          7 
-110.4279      22            16            11            2019          7 
-112.7384      23            16            11            2019          7 
-107.2978      0             17            11            2019          1 
-110.7235      1             17            11            2019          1 
-99.09336      2             17            11            2019          1 
-92.29346      3             17            11            2019          1 
-67.91514      4             17            11            2019          1 
-60.99131      5             17            11            2019          1 
-30.76455      6             17            11            2019          1 
-38.0292       7             17            11            2019          1 
-53.6165       8             17            11            2019          1 
-76.55888      9             17            11            2019          1 
-102.7929      10            17            11            2019          1 
-131.0055      11            17            11            2019          1 
-118.5099      12            17            11            2019          1 
-113.1577      13            17            11            2019          1 
-110.8598      14            17            11            2019          1 
-58.74434      15            17            11            2019          1 
-68.90469      16            17            11            2019          1 
-29.60801      17            17            11            2019          1 
-32.10254      18            17            11            2019          1 
-24.71436      19            17            11            2019          1 
-63.91895      20            17            11            2019          1 
-49.71504      21            17            11            2019          1 
-93.63213      22            17            11            2019          1 
-96.12422      23            17            11            2019          1 
-100.9022      0             18            11            2019          2 
-108.3802      1             18            11            2019          2 
-109.3415      2             18            11            2019          2 
-96.58994      3             18            11            2019          2 
-111.2573      4             18            11            2019          2 
-96.86514      5             18            11            2019          2 
-100.4827      6             18            11            2019          2 
-86.57558      7             18            11            2019          2 
-78.79063      8             18            11            2019          2 
-44.60967      9             18            11            2019          2 
-77.42861      10            18            11            2019          2 
-46.0042       11            18            11            2019          2 
-87.16699      12            18            11            2019          2 
-99.83496      13            18            11            2019          2 
-99.85762      14            18            11            2019          2 
-93.29121      15            18            11            2019          2 
-105.2921      16            18            11            2019          2 
-82.01123      17            18            11            2019          2 
-88.20449      18            18            11            2019          2 
-110.9762      19            18            11            2019          2 
-92.00195      20            18            11            2019          2 
-103.4826      21            18            11            2019          2 
-26.75342      22            18            11            2019          2 
-45.69736      23            18            11            2019          2 
 33.23672      0             19            11            2019          3 
 8.607129      1             19            11            2019          3 
 11.68379      2             19            11            2019          3 
-55.63301      3             19            11            2019          3 
-38.27275      4             19            11            2019          3 
-109.5663      5             19            11            2019          3 
-129.7063      6             19            11            2019          3 
-141.8804      7             19            11            2019          3 
-159.3254      8             19            11            2019          3 
-154.2775      9             19            11            2019          3 
-125.9049      10            19            11            2019          3 
-68.09609      11            19            11            2019          3 
-43.07129      12            19            11            2019          3 
-13.52725      13            19            11            2019          3 
 5.25293       14            19            11            2019          3 
-.5809571      15            19            11            2019          3 
 6.819238      16            19            11            2019          3 
 9.811328      17            19            11            2019          3 
 11.98057      18            19            11            2019          3 
-12.93623      19            19            11            2019          3 
-44.00293      20            19            11            2019          3 
-72.47744      21            19            11            2019          3 
-91.33183      22            19            11            2019          3 
-107.0467      23            19            11            2019          3 
-90.68662      0             20            11            2019          4 
-113.0457      1             20            11            2019          4 
-95.10732      2             20            11            2019          4 
-122.7771      3             20            11            2019          4 
-122.3536      4             20            11            2019          4 
-136.3795      5             20            11            2019          4 
-119.1777      6             20            11            2019          4 
-143.4726      7             20            11            2019          4 
-130.5435      8             20            11            2019          4 
-176.6481      9             20            11            2019          4 
-179.5674      10            20            11            2019          4 
-193.6415      11            20            11            2019          4 
-164.123       12            20            11            2019          4 
-131.8931      13            20            11            2019          4 
-70.75337      14            20            11            2019          4 
-51.17261      15            20            11            2019          4 
-11.11353      16            20            11            2019          4 
-18.27559      17            20            11            2019          4 
-23.32622      18            20            11            2019          4 
-48.21919      19            20            11            2019          4 
-45.40269      20            20            11            2019          4 
-72.96421      21            20            11            2019          4 
-74.14297      22            20            11            2019          4 
-91.37022      23            20            11            2019          4 
-77.00957      0             21            11            2019          5 
-98.7831       1             21            11            2019          5 
-76.06045      2             21            11            2019          5 
-86.38457      3             21            11            2019          5 
-78.19346      4             21            11            2019          5 
-86.5876       5             21            11            2019          5 
-62.89238      6             21            11            2019          5 
-62.0648       7             21            11            2019          5 
-58.60435      8             21            11            2019          5 
-40.61182      9             21            11            2019          5 
-49.65078      10            21            11            2019          5 
-50.07607      11            21            11            2019          5 
-46.84722      12            21            11            2019          5 
-32.03648      13            21            11            2019          5 
-35.45791      14            21            11            2019          5 
-13.49014      15            21            11            2019          5 
-43.00801      16            21            11            2019          5 
-23.9833       17            21            11            2019          5 
-36.80625      18            21            11            2019          5 
 27.4335       19            21            11            2019          5 
 43.37119      20            21            11            2019          5 
 117.829       21            21            11            2019          5 
 99.52568      22            21            11            2019          5 
 113.96        23            21            11            2019          5 
 34.25488      0             22            11            2019          6 
 11.54561      1             22            11            2019          6 
-66.44736      2             22            11            2019          6 
-79.04189      3             22            11            2019          6 
-150.0271      4             22            11            2019          6 
-143.1422      5             22            11            2019          6 
-185.231       6             22            11            2019          6 
-115.5764      7             22            11            2019          6 
-112.4109      8             22            11            2019          6 
-5.812696      9             22            11            2019          6 
-17.48691      10            22            11            2019          6 
 29.27041      11            22            11            2019          6 
-15.95234      12            22            11            2019          6 
-6.885547      13            22            11            2019          6 
-43.29092      14            22            11            2019          6 
-47.32002      15            22            11            2019          6 
-81.33921      16            22            11            2019          6 
-87.17476      17            22            11            2019          6 
-114.8151      18            22            11            2019          6 
-113.6626      19            22            11            2019          6 
-63.55723      20            22            11            2019          6 
-52.92339      21            22            11            2019          6 
-21.97358      22            22            11            2019          6 
-16.35845      23            22            11            2019          6 
-21.83306      0             23            11            2019          7 
-54.8208       1             23            11            2019          7 
-32.16982      2             23            11            2019          7 
-53.47861      3             23            11            2019          7 
-37.51123      4             23            11            2019          7 
-36.03809      5             23            11            2019          7 
-36.42305      6             23            11            2019          7 
-35.54287      7             23            11            2019          7 
-38.97539      8             23            11            2019          7 
-48.7          9             23            11            2019          7 
-68.71836      10            23            11            2019          7 
-62.10537      11            23            11            2019          7 
-72.02657      12            23            11            2019          7 
-45.73027      13            23            11            2019          7 
-25.50381      14            23            11            2019          7 
-.4553711      15            23            11            2019          7 
 .8196289      16            23            11            2019          7 
 11.70596      17            23            11            2019          7 
-43.04805      18            23            11            2019          7 
-57.43838      19            23            11            2019          7 
-106.3062      20            23            11            2019          7 
-128.7491      21            23            11            2019          7 
-148.1836      22            23            11            2019          7 
-120.5206      23            23            11            2019          7 
-34.52285      0             24            11            2019          1 
 44.6833       1             24            11            2019          1 
 156.1463      2             24            11            2019          1 
 192.0679      3             24            11            2019          1 
 223.9106      4             24            11            2019          1 
 120.0277      5             24            11            2019          1 
 109.0793      6             24            11            2019          1 
-2.46748       7             24            11            2019          1 
-47.23711      8             24            11            2019          1 
-74.37295      9             24            11            2019          1 
-84.63467      10            24            11            2019          1 
-91.71104      11            24            11            2019          1 
-68.30117      12            24            11            2019          1 
-31.8709       13            24            11            2019          1 
-26.57305      14            24            11            2019          1 
-2.462793      15            24            11            2019          1 
-38.22764      16            24            11            2019          1 
-58.3751       17            24            11            2019          1 
-89.07041      18            24            11            2019          1 
-124.0369      19            24            11            2019          1 
-125.4352      20            24            11            2019          1 
-134.3335      21            24            11            2019          1 
-107.9928      22            24            11            2019          1 
-82.29102      23            24            11            2019          1 
-51.47539      0             25            11            2019          2 
-44.02842      1             25            11            2019          2 
-40.35127      2             25            11            2019          2 
-70.4998       3             25            11            2019          2 
-75.72725      4             25            11            2019          2 
-116.4549      5             25            11            2019          2 
-75.26973      6             25            11            2019          2 
-128.6231      7             25            11            2019          2 
-90.7458       8             25            11            2019          2 
-140.7976      9             25            11            2019          2 
-119.3679      10            25            11            2019          2 
-149.0738      11            25            11            2019          2 
-49.9081       12            25            11            2019          2 
-60.21055      13            25            11            2019          2 
 65.90137      14            25            11            2019          2 
 58.1209       15            25            11            2019          2 
 82.9457       16            25            11            2019          2 
 2.041602      17            25            11            2019          2 
-13.94463      18            25            11            2019          2 
-126.5022      19            25            11            2019          2 
-118.5486      20            25            11            2019          2 
-179.1459      21            25            11            2019          2 
-167.9092      22            25            11            2019          2 
-198.2475      23            25            11            2019          2 
-187.8622      0             26            11            2019          3 
-184.4389      1             26            11            2019          3 
-164.1889      2             26            11            2019          3 
-128.7821      3             26            11            2019          3 
-106.7088      4             26            11            2019          3 
-90.76953      5             26            11            2019          3 
-74.72588      6             26            11            2019          3 
-103.7204      7             26            11            2019          3 
-102.3677      8             26            11            2019          3 
-140.9427      9             26            11            2019          3 
-127.7618      10            26            11            2019          3 
-166.8876      11            26            11            2019          3 
-105.2607      12            26            11            2019          3 
-121.6239      13            26            11            2019          3 
-83.66533      14            26            11            2019          3 
-125.5183      15            26            11            2019          3 
-112.9126      16            26            11            2019          3 
-137.5379      17            26            11            2019          3 
-127.0041      18            26            11            2019          3 
-90.34873      19            26            11            2019          3 
-61.89346      20            26            11            2019          3 
-82.97793      21            26            11            2019          3 
-74.52724      22            26            11            2019          3 
-90.97324      23            26            11            2019          3 
-108.8365      0             27            11            2019          4 
-95.08272      1             27            11            2019          4 
-64.53369      2             27            11            2019          4 
-80.74404      3             27            11            2019          4 
-65.4291       4             27            11            2019          4 
-75.85693      5             27            11            2019          4 
-81.97109      6             27            11            2019          4 
-45.62188      7             27            11            2019          4 
-86.01377      8             27            11            2019          4 
-68.57119      9             27            11            2019          4 
-137.2748      10            27            11            2019          4 
-149.4941      11            27            11            2019          4 
-190.5871      12            27            11            2019          4 
-133.1664      13            27            11            2019          4 
-70.12549      14            27            11            2019          4 
 1.146588      15            27            11            2019          4 
 79.25367      16            27            11            2019          4 
 50.82603      17            27            11            2019          4 
 47.27285      18            27            11            2019          4 
-52.30137      19            27            11            2019          4 
-50.70039      20            27            11            2019          4 
-111.6383      21            27            11            2019          4 
-80.46318      22            27            11            2019          4 
-98.93086      23            27            11            2019          4 
-78.75264      0             28            11            2019          5 
-90.48281      1             28            11            2019          5 
-101.2831      2             28            11            2019          5 
-92.79033      3             28            11            2019          5 
-163.1766      4             28            11            2019          5 
-148.2316      5             28            11            2019          5 
-175.8479      6             28            11            2019          5 
-165.8417      7             28            11            2019          5 
-129.8528      8             28            11            2019          5 
-58.92393      9             28            11            2019          5 
-74.08467      10            28            11            2019          5 
-51.09853      11            28            11            2019          5 
-43.53643      12            28            11            2019          5 
-88.78194      13            28            11            2019          5 
-108.084       14            28            11            2019          5 
-110.358       15            28            11            2019          5 
-107.1541      16            28            11            2019          5 
-132.9937      17            28            11            2019          5 
-99.39209      18            28            11            2019          5 
-91.1333       19            28            11            2019          5 
-99.06856      20            28            11            2019          5 
-107.207       21            28            11            2019          5 
-114.0796      22            28            11            2019          5 
-149.5536      23            28            11            2019          5 
-145.9135      0             29            11            2019          6 
-140.2186      1             29            11            2019          6 
-136.7886      2             29            11            2019          6 
-122.7561      3             29            11            2019          6 
-113.0569      4             29            11            2019          6 
-88.32774      5             29            11            2019          6 
-76.06621      6             29            11            2019          6 
-52.90469      7             29            11            2019          6 
-56.81191      8             29            11            2019          6 
-46.43926      9             29            11            2019          6 
-59.19385      10            29            11            2019          6 
-54.95225      11            29            11            2019          6 
-63.61836      12            29            11            2019          6 
-59.20117      13            29            11            2019          6 
-68.10244      14            29            11            2019          6 
-72.68916      15            29            11            2019          6 
-82.58183      16            29            11            2019          6 
-93.32149      17            29            11            2019          6 
-97.32168      18            29            11            2019          6 
-105.8694      19            29            11            2019          6 
-107.6886      20            29            11            2019          6 
-111.6914      21            29            11            2019          6 
-111.9534      22            29            11            2019          6 
-114.5229      23            29            11            2019          6 
-113.0593      0             30            11            2019          7 
-108.3952      1             30            11            2019          7 
-94.48047      2             30            11            2019          7 
-83.8876       3             30            11            2019          7 
-63.64126      4             30            11            2019          7 
-53.05444      5             30            11            2019          7 
-36.55205      6             30            11            2019          7 
-25.75967      7             30            11            2019          7 
-16.5375       8             30            11            2019          7 
-26.83247      9             30            11            2019          7 
-36.0313       10            30            11            2019          7 
-61.88477      11            30            11            2019          7 
-88.22959      12            30            11            2019          7 
-151.1359      13            30            11            2019          7 
-149.4495      14            30            11            2019          7 
-151.0499      15            30            11            2019          7 
-125.2335      16            30            11            2019          7 
-77.71963      17            30            11            2019          7 
-21.19482      18            30            11            2019          7 
-35.35459      19            30            11            2019          7 
-34.21025      20            30            11            2019          7 
-57.09004      21            30            11            2019          7 
-70.21767      22            30            11            2019          7 
-108.6388      23            30            11            2019          7 
