-39.13946      0             1             1             2019          3 
-75.01304      1             1             1             2019          3 
-110.8563      2             1             1             2019          3 
-111.7634      3             1             1             2019          3 
-81.62534      4             1             1             2019          3 
-87.12646      5             1             1             2019          3 
-53.09409      6             1             1             2019          3 
-45.44517      7             1             1             2019          3 
-34.71352      8             1             1             2019          3 
-19.42178      9             1             1             2019          3 
-18.32437      10            1             1             2019          3 
-11.68325      11            1             1             2019          3 
-22.71519      12            1             1             2019          3 
-27.25788      13            1             1             2019          3 
-30.79711      14            1             1             2019          3 
-25.456        15            1             1             2019          3 
-14.77759      16            1             1             2019          3 
 11.09166      17            1             1             2019          3 
 10.47596      18            1             1             2019          3 
 50.72401      19            1             1             2019          3 
 24.4831       20            1             1             2019          3 
 33.51953      21            1             1             2019          3 
-4.47569       22            1             1             2019          3 
-17.1297       23            1             1             2019          3 
-71.59859      0             2             1             2019          4 
-59.68101      1             2             1             2019          4 
-94.5081       2             2             1             2019          4 
-116.1231      3             2             1             2019          4 
-106.7003      4             2             1             2019          4 
-134.4613      5             2             1             2019          4 
-121.0458      6             2             1             2019          4 
-114.4977      7             2             1             2019          4 
-110.4227      8             2             1             2019          4 
-104.1884      9             2             1             2019          4 
-95.10551      10            2             1             2019          4 
-70.40479      11            2             1             2019          4 
-110.3899      12            2             1             2019          4 
-33.24729      13            2             1             2019          4 
-80.08051      14            2             1             2019          4 
-30.26741      15            2             1             2019          4 
-42.57678      16            2             1             2019          4 
 13.71129      17            2             1             2019          4 
-6.0281        18            2             1             2019          4 
 207.3815      19            2             1             2019          4 
 198.0246      20            2             1             2019          4 
 345.2829      21            2             1             2019          4 
 330.6423      22            2             1             2019          4 
 317.9249      23            2             1             2019          4 
 150.1934      0             3             1             2019          5 
 145.2235      1             3             1             2019          5 
-16.08799      2             3             1             2019          5 
-10.48887      3             3             1             2019          5 
-7.700391      4             3             1             2019          5 
 8.857617      5             3             1             2019          5 
 46.44024      6             3             1             2019          5 
 17.51089      7             3             1             2019          5 
 113.8383      8             3             1             2019          5 
 61.43764      9             3             1             2019          5 
 103.7928      10            3             1             2019          5 
 61.18945      11            3             1             2019          5 
-3.086768      12            3             1             2019          5 
-76.34099      13            3             1             2019          5 
-108.9705      14            3             1             2019          5 
-136.3034      15            3             1             2019          5 
-119.8956      16            3             1             2019          5 
-14.88948      17            3             1             2019          5 
-38.4816       18            3             1             2019          5 
 63.6349       19            3             1             2019          5 
 58.10938      20            3             1             2019          5 
 63.58699      21            3             1             2019          5 
 81.55331      22            3             1             2019          5 
 80.66156      23            3             1             2019          5 
 60.94729      0             4             1             2019          6 
 35.1158       1             4             1             2019          6 
-40.45356      2             4             1             2019          6 
-19.00229      3             4             1             2019          6 
-14.23853      4             4             1             2019          6 
 27.30664      5             4             1             2019          6 
 79.78545      6             4             1             2019          6 
 125.3122      7             4             1             2019          6 
 72.61919      8             4             1             2019          6 
 66.0105       9             4             1             2019          6 
 8.928223      10            4             1             2019          6 
-36.32568      11            4             1             2019          6 
-33.67529      12            4             1             2019          6 
-31.91318      13            4             1             2019          6 
-14.62666      14            4             1             2019          6 
-34.34741      15            4             1             2019          6 
-19.29067      16            4             1             2019          6 
-32.48696      17            4             1             2019          6 
-8.652783      18            4             1             2019          6 
-25.49482      19            4             1             2019          6 
 15.64917      20            4             1             2019          6 
-4.614697      21            4             1             2019          6 
 12.10796      22            4             1             2019          6 
-3.497021      23            4             1             2019          6 
-18.21748      0             5             1             2019          7 
-29.57559      1             5             1             2019          7 
-38.2416       2             5             1             2019          7 
-38.3919       3             5             1             2019          7 
-52.2585       4             5             1             2019          7 
-39.69824      5             5             1             2019          7 
-37.77456      6             5             1             2019          7 
-23.45864      7             5             1             2019          7 
-16.07251      8             5             1             2019          7 
 1.096289      9             5             1             2019          7 
 5.894287      10            5             1             2019          7 
 17.83022      11            5             1             2019          7 
 14.8813       12            5             1             2019          7 
 21.53486      13            5             1             2019          7 
 16.6748       14            5             1             2019          7 
 25.39656      15            5             1             2019          7 
 26.59888      16            5             1             2019          7 
 41.64965      17            5             1             2019          7 
 1.464188      18            5             1             2019          7 
-8.709192      19            5             1             2019          7 
-61.69658      20            5             1             2019          7 
-65.5262       21            5             1             2019          7 
-90.92326      22            5             1             2019          7 
-46.352        23            5             1             2019          7 
-48.76694      0             6             1             2019          1 
-24.2582       1             6             1             2019          1 
-41.25938      2             6             1             2019          1 
-46.44668      3             6             1             2019          1 
-61.82965      4             6             1             2019          1 
 82.05497      5             6             1             2019          1 
 106.6786      6             6             1             2019          1 
 262.0611      7             6             1             2019          1 
 277.5503      8             6             1             2019          1 
 309.3692      9             6             1             2019          1 
 172.2576      10            6             1             2019          1 
 189.5334      11            6             1             2019          1 
 32.05166      12            6             1             2019          1 
 32.01725      13            6             1             2019          1 
-2.078185      14            6             1             2019          1 
 10.17523      15            6             1             2019          1 
-1.98321       16            6             1             2019          1 
 23.8862       17            6             1             2019          1 
 33.10936      18            6             1             2019          1 
 122.9697      19            6             1             2019          1 
 112.3435      20            6             1             2019          1 
 158.3476      21            6             1             2019          1 
 129.1417      22            6             1             2019          1 
 87.87596      23            6             1             2019          1 
-13.98647      0             7             1             2019          2 
-36.44971      1             7             1             2019          2 
-110.3044      2             7             1             2019          2 
-149.0352      3             7             1             2019          2 
-120.9185      4             7             1             2019          2 
-142.3308      5             7             1             2019          2 
-120.8525      6             7             1             2019          2 
-112.5408      7             7             1             2019          2 
-80.36753      8             7             1             2019          2 
-114.9727      9             7             1             2019          2 
-65.69888      10            7             1             2019          2 
-87.0981       11            7             1             2019          2 
-53.52246      12            7             1             2019          2 
-56.5016       13            7             1             2019          2 
-13.82776      14            7             1             2019          2 
-48.11897      15            7             1             2019          2 
-15.90792      16            7             1             2019          2 
-30.32968      17            7             1             2019          2 
 5.143811      18            7             1             2019          2 
-18.5591       19            7             1             2019          2 
-.7777336      20            7             1             2019          2 
-52.3961       21            7             1             2019          2 
-78.2093       22            7             1             2019          2 
-116.3779      23            7             1             2019          2 
-105.5472      0             8             1             2019          3 
-121.3618      1             8             1             2019          3 
-85.42588      2             8             1             2019          3 
-105.1654      3             8             1             2019          3 
-71.24834      4             8             1             2019          3 
-52.89985      5             8             1             2019          3 
-27.07368      6             8             1             2019          3 
 9.396289      7             8             1             2019          3 
 49.68574      8             8             1             2019          3 
 14.16221      9             8             1             2019          3 
 11.57583      10            8             1             2019          3 
-23.85806      11            8             1             2019          3 
-57.70332      12            8             1             2019          3 
-106.5757      13            8             1             2019          3 
-75.2169       14            8             1             2019          3 
-125.8497      15            8             1             2019          3 
-37.43105      16            8             1             2019          3 
-36.22607      17            8             1             2019          3 
 77.69453      18            8             1             2019          3 
 77.10205      19            8             1             2019          3 
 185.9054      20            8             1             2019          3 
 84.16216      21            8             1             2019          3 
 134.8241      22            8             1             2019          3 
 38.11143      23            8             1             2019          3 
 71.24941      0             9             1             2019          4 
 20.62026      1             9             1             2019          4 
 97.98051      2             9             1             2019          4 
 39.58125      3             9             1             2019          4 
 55.05552      4             9             1             2019          4 
 22.10039      5             9             1             2019          4 
 1.22793       6             9             1             2019          4 
-24.55435      7             9             1             2019          4 
-7.232031      8             9             1             2019          4 
-4.036523      9             9             1             2019          4 
-4.50166       10            9             1             2019          4 
-8.498535      11            9             1             2019          4 
-6.605225      12            9             1             2019          4 
-75.76714      13            9             1             2019          4 
-49.96655      14            9             1             2019          4 
-101.9243      15            9             1             2019          4 
-82.23979      16            9             1             2019          4 
-78.54043      17            9             1             2019          4 
-21.32832      18            9             1             2019          4 
-24.28975      19            9             1             2019          4 
-10.02949      20            9             1             2019          4 
 9.360693      21            9             1             2019          4 
-21.59287      22            9             1             2019          4 
-32.70464      23            9             1             2019          4 
-43.78701      0             10            1             2019          5 
-45.23706      1             10            1             2019          5 
-78.74033      2             10            1             2019          5 
-74.73633      3             10            1             2019          5 
-40.47813      4             10            1             2019          5 
-61.77715      5             10            1             2019          5 
-19.91973      6             10            1             2019          5 
-11.96846      7             10            1             2019          5 
-57.88652      8             10            1             2019          5 
-66.05342      9             10            1             2019          5 
-128.2688      10            10            1             2019          5 
-139.0963      11            10            1             2019          5 
-185.8353      12            10            1             2019          5 
-180.0706      13            10            1             2019          5 
-193.4325      14            10            1             2019          5 
-153.6826      15            10            1             2019          5 
-133.3894      16            10            1             2019          5 
-81.01194      17            10            1             2019          5 
-12.06896      18            10            1             2019          5 
 3.425314      19            10            1             2019          5 
 47.85915      20            10            1             2019          5 
 43.0508       21            10            1             2019          5 
 27.41442      22            10            1             2019          5 
 11.25062      23            10            1             2019          5 
-5.51729       0             11            1             2019          6 
-13.51826      1             11            1             2019          6 
-24.56025      2             11            1             2019          6 
-27.7459       3             11            1             2019          6 
-19.62998      4             11            1             2019          6 
-5.19414       5             11            1             2019          6 
-3.997119      6             11            1             2019          6 
 12.74302      7             11            1             2019          6 
 15.76724      8             11            1             2019          6 
 4.733935      9             11            1             2019          6 
-48.55434      10            11            1             2019          6 
 20.54414      11            11            1             2019          6 
-47.97886      12            11            1             2019          6 
 30.52573      13            11            1             2019          6 
-44.34736      14            11            1             2019          6 
 28.77227      15            11            1             2019          6 
-104.4715      16            11            1             2019          6 
-13.70261      17            11            1             2019          6 
-78.24204      18            11            1             2019          6 
 10.02334      19            11            1             2019          6 
-16.63818      20            11            1             2019          6 
 46.76614      21            11            1             2019          6 
 15.41526      22            11            1             2019          6 
 6.832812      23            11            1             2019          6 
 2.461231      0             12            1             2019          7 
 .1484375      1             12            1             2019          7 
 2.521289      2             12            1             2019          7 
 4.731934      3             12            1             2019          7 
 6.795362      4             12            1             2019          7 
 45.86953      5             12            1             2019          7 
 35.83911      6             12            1             2019          7 
 53.28257      7             12            1             2019          7 
 97.10258      8             12            1             2019          7 
 72.75864      9             12            1             2019          7 
 81.07129      10            12            1             2019          7 
 77.70361      11            12            1             2019          7 
 62.83633      12            12            1             2019          7 
-30.33706      13            12            1             2019          7 
-17.85833      14            12            1             2019          7 
-94.84727      15            12            1             2019          7 
-98.92836      16            12            1             2019          7 
-71.88158      17            12            1             2019          7 
 32.86823      18            12            1             2019          7 
 60.17369      19            12            1             2019          7 
 169.8827      20            12            1             2019          7 
 164.8568      21            12            1             2019          7 
 167.6633      22            12            1             2019          7 
 81.97096      23            12            1             2019          7 
 65.34316      0             13            1             2019          1 
-26.62178      1             13            1             2019          1 
-14.78101      2             13            1             2019          1 
-48.46001      3             13            1             2019          1 
-25.71865      4             13            1             2019          1 
-21.41543      5             13            1             2019          1 
-51.19561      6             13            1             2019          1 
-47.28628      7             13            1             2019          1 
-95.75952      8             13            1             2019          1 
-113.3188      9             13            1             2019          1 
-145.2086      10            13            1             2019          1 
-116.4331      11            13            1             2019          1 
-116.2914      12            13            1             2019          1 
-80.33311      13            13            1             2019          1 
-40.2397       14            13            1             2019          1 
-23.19355      15            13            1             2019          1 
-33.55781      16            13            1             2019          1 
-8.349707      17            13            1             2019          1 
-13.09912      18            13            1             2019          1 
 13.13272      19            13            1             2019          1 
 24.13877      20            13            1             2019          1 
 76.00781      21            13            1             2019          1 
 49.35928      22            13            1             2019          1 
 67.65215      23            13            1             2019          1 
 18.64097      0             14            1             2019          2 
 16.53916      1             14            1             2019          2 
-16.45147      2             14            1             2019          2 
 35.45605      3             14            1             2019          2 
 35.47344      4             14            1             2019          2 
 81.90957      5             14            1             2019          2 
 80.146        6             14            1             2019          2 
 81.50606      7             14            1             2019          2 
 34.95156      8             14            1             2019          2 
 32.24951      9             14            1             2019          2 
-10.36035      10            14            1             2019          2 
-9.136133      11            14            1             2019          2 
-30.19805      12            14            1             2019          2 
-14.26636      13            14            1             2019          2 
-27.85625      14            14            1             2019          2 
-11.82622      15            14            1             2019          2 
 33.73457      16            14            1             2019          2 
 22.05928      17            14            1             2019          2 
 47.66421      18            14            1             2019          2 
 29.68828      19            14            1             2019          2 
 15.72603      20            14            1             2019          2 
-26.66182      21            14            1             2019          2 
 5.839258      22            14            1             2019          2 
-37.4789       23            14            1             2019          2 
 1.406641      0             15            1             2019          3 
-34.15596      1             15            1             2019          3 
-35.61694      2             15            1             2019          3 
-64.26475      3             15            1             2019          3 
-81.14458      4             15            1             2019          3 
-45.36655      5             15            1             2019          3 
-40.2188       6             15            1             2019          3 
-71.99297      7             15            1             2019          3 
-29.22739      8             15            1             2019          3 
-52.23462      9             15            1             2019          3 
-76.48667      10            15            1             2019          3 
-27.16118      11            15            1             2019          3 
-6.603564      12            15            1             2019          3 
-44.13408      13            15            1             2019          3 
 33.84438      14            15            1             2019          3 
-5.589551      15            15            1             2019          3 
 4.340478      16            15            1             2019          3 
 10.35986      17            15            1             2019          3 
 33.28149      18            15            1             2019          3 
 38.04199      19            15            1             2019          3 
 59.84356      20            15            1             2019          3 
 61.70083      21            15            1             2019          3 
 63.17764      22            15            1             2019          3 
 14.3124       23            15            1             2019          3 
-26.28403      0             16            1             2019          4 
-70.15469      1             16            1             2019          4 
-107.3468      2             16            1             2019          4 
-108.3775      3             16            1             2019          4 
-60.22139      4             16            1             2019          4 
-63.35039      5             16            1             2019          4 
-20.43887      6             16            1             2019          4 
-23.09941      7             16            1             2019          4 
-87.92056      8             16            1             2019          4 
-23.20063      9             16            1             2019          4 
-202.2107      10            16            1             2019          4 
-204.6397      11            16            1             2019          4 
-312.8668      12            16            1             2019          4 
-313.5781      13            16            1             2019          4 
-367.9291      14            16            1             2019          4 
-179.9273      15            16            1             2019          4 
-163.2078      16            16            1             2019          4 
-42.40186      17            16            1             2019          4 
 38.05361      18            16            1             2019          4 
 44.64824      19            16            1             2019          4 
 43.27925      20            16            1             2019          4 
 23.29507      21            16            1             2019          4 
 41.34014      22            16            1             2019          4 
-13.06484      23            16            1             2019          4 
-7.183008      0             17            1             2019          5 
-41.09224      1             17            1             2019          5 
-38.33198      2             17            1             2019          5 
-69.16563      3             17            1             2019          5 
-60.89067      4             17            1             2019          5 
-78.76318      5             17            1             2019          5 
-68.38774      6             17            1             2019          5 
-49.47651      7             17            1             2019          5 
-12.9729       8             17            1             2019          5 
 32.3148       9             17            1             2019          5 
 42.52832      10            17            1             2019          5 
 53.90161      11            17            1             2019          5 
 7.611426      12            17            1             2019          5 
-45.02792      13            17            1             2019          5 
-80.31412      14            17            1             2019          5 
-100.1777      15            17            1             2019          5 
-79.86268      16            17            1             2019          5 
-34.79598      17            17            1             2019          5 
 .5101563      18            17            1             2019          5 
 41.16511      19            17            1             2019          5 
 27.8386       20            17            1             2019          5 
 21.54135      21            17            1             2019          5 
-13.50659      22            17            1             2019          5 
-32.70146      23            17            1             2019          5 
-45.27877      0             18            1             2019          6 
-28.31118      1             18            1             2019          6 
-37.87168      2             18            1             2019          6 
-14.87773      3             18            1             2019          6 
-21.67754      4             18            1             2019          6 
-22.6748       5             18            1             2019          6 
-33.21729      6             18            1             2019          6 
-27.7957       7             18            1             2019          6 
-31.30791      8             18            1             2019          6 
-20.96182      9             18            1             2019          6 
-26.22441      10            18            1             2019          6 
-20.27402      11            18            1             2019          6 
-26.15049      12            18            1             2019          6 
-25.02939      13            18            1             2019          6 
-22.49434      14            18            1             2019          6 
-26.77783      15            18            1             2019          6 
-19.64863      16            18            1             2019          6 
-27.04717      17            18            1             2019          6 
-27.39482      18            18            1             2019          6 
-34.52246      19            18            1             2019          6 
-32.14951      20            18            1             2019          6 
-35.48721      21            18            1             2019          6 
-39.89756      22            18            1             2019          6 
-45.99522      23            18            1             2019          6 
-72.11836      0             19            1             2019          7 
-106.5238      1             19            1             2019          7 
-111.6038      2             19            1             2019          7 
-129.2537      3             19            1             2019          7 
-119.9317      4             19            1             2019          7 
-91.38589      5             19            1             2019          7 
-61.86094      6             19            1             2019          7 
-62.99927      7             19            1             2019          7 
-15.57534      8             19            1             2019          7 
-13.63101      9             19            1             2019          7 
 3.432959      10            19            1             2019          7 
 12.84775      11            19            1             2019          7 
 48.49897      12            19            1             2019          7 
 17.95103      13            19            1             2019          7 
 46.96883      14            19            1             2019          7 
 40.65816      15            19            1             2019          7 
 66.7934       16            19            1             2019          7 
 57.48996      17            19            1             2019          7 
 63.53376      18            19            1             2019          7 
 35.15311      19            19            1             2019          7 
-9.182657      20            19            1             2019          7 
-43.04426      21            19            1             2019          7 
-76.22481      22            19            1             2019          7 
-98.48667      23            19            1             2019          7 
-95.17188      0             20            1             2019          1 
-106.8978      1             20            1             2019          1 
-87.18545      2             20            1             2019          1 
-128.1219      3             20            1             2019          1 
-54.37456      4             20            1             2019          1 
-118.0509      5             20            1             2019          1 
-44.40879      6             20            1             2019          1 
-82.9207       7             20            1             2019          1 
-48.93599      8             20            1             2019          1 
-101.3782      9             20            1             2019          1 
-51.78994      10            20            1             2019          1 
-83.95937      11            20            1             2019          1 
-59.32451      12            20            1             2019          1 
-29.68057      13            20            1             2019          1 
-7.508349      14            20            1             2019          1 
 13.29546      15            20            1             2019          1 
 31.85889      16            20            1             2019          1 
 28.83086      17            20            1             2019          1 
 49.50713      18            20            1             2019          1 
 15.65542      19            20            1             2019          1 
 21.28687      20            20            1             2019          1 
-5.038476      21            20            1             2019          1 
-9.644434      22            20            1             2019          1 
-47.89766      23            20            1             2019          1 
-32.49854      0             21            1             2019          2 
-56.51465      1             21            1             2019          2 
-58.82725      2             21            1             2019          2 
-45.40644      3             21            1             2019          2 
-67.01186      4             21            1             2019          2 
 35.39165      5             21            1             2019          2 
 23.93506      6             21            1             2019          2 
 129.7225      7             21            1             2019          2 
 173.1484      8             21            1             2019          2 
 174.335       9             21            1             2019          2 
 134.4718      10            21            1             2019          2 
 124.5558      11            21            1             2019          2 
 1.216113      12            21            1             2019          2 
-32.47631      13            21            1             2019          2 
-38.31358      14            21            1             2019          2 
-74.5291       15            21            1             2019          2 
-33.61724      16            21            1             2019          2 
 12.69646      17            21            1             2019          2 
 18.71693      18            21            1             2019          2 
 58.03739      19            21            1             2019          2 
 60.5704       20            21            1             2019          2 
 28.14184      21            21            1             2019          2 
 17.35412      22            21            1             2019          2 
-16.09707      23            21            1             2019          2 
-25.8208       0             22            1             2019          3 
-48.54629      1             22            1             2019          3 
-26.76699      2             22            1             2019          3 
-29.2542       3             22            1             2019          3 
-2.449878      4             22            1             2019          3 
 9.348559      5             22            1             2019          3 
 10.92036      6             22            1             2019          3 
 8.440577      7             22            1             2019          3 
 4.335205      8             22            1             2019          3 
-17.06404      9             22            1             2019          3 
-19.2698       10            22            1             2019          3 
-31.28061      11            22            1             2019          3 
-27.8186       12            22            1             2019          3 
-11.06011      13            22            1             2019          3 
 13.45171      14            22            1             2019          3 
 87.11768      15            22            1             2019          3 
 100.8545      16            22            1             2019          3 
 132.0757      17            22            1             2019          3 
 143.3958      18            22            1             2019          3 
 152.3742      19            22            1             2019          3 
 117.262       20            22            1             2019          3 
 180.2504      21            22            1             2019          3 
 150.8987      22            22            1             2019          3 
 134.5991      23            22            1             2019          3 
 95.31992      0             23            1             2019          4 
 33.42134      1             23            1             2019          4 
-53.46025      2             23            1             2019          4 
-52.76804      3             23            1             2019          4 
-59.93528      4             23            1             2019          4 
 53.4502       5             23            1             2019          4 
 63.50269      6             23            1             2019          4 
 178.5441      7             23            1             2019          4 
 179.1121      8             23            1             2019          4 
 166.9323      9             23            1             2019          4 
 113.5086      10            23            1             2019          4 
 86.95347      11            23            1             2019          4 
 48.25464      12            23            1             2019          4 
 38.63201      13            23            1             2019          4 
 99.60905      14            23            1             2019          4 
 135.1829      15            23            1             2019          4 
 190.1154      16            23            1             2019          4 
 210.8485      17            23            1             2019          4 
 225.5434      18            23            1             2019          4 
 166.4824      19            23            1             2019          4 
 107.7221      20            23            1             2019          4 
 65.33901      21            23            1             2019          4 
-.5665528      22            23            1             2019          4 
-9.408643      23            23            1             2019          4 
-22.40703      0             24            1             2019          5 
-34.50879      1             24            1             2019          5 
-29.52725      2             24            1             2019          5 
-3.060449      3             24            1             2019          5 
-18.1229       4             24            1             2019          5 
 40.97959      5             24            1             2019          5 
 18.93091      6             24            1             2019          5 
-11.24297      7             24            1             2019          5 
-54.73486      8             24            1             2019          5 
-95.70659      9             24            1             2019          5 
-139.9504      10            24            1             2019          5 
-138.3499      11            24            1             2019          5 
-73.82568      12            24            1             2019          5 
-57.33437      13            24            1             2019          5 
 23.22789      14            24            1             2019          5 
 55.08689      15            24            1             2019          5 
 79.47678      16            24            1             2019          5 
 79.86634      17            24            1             2019          5 
 91.17191      18            24            1             2019          5 
 57.96549      19            24            1             2019          5 
 46.18941      20            24            1             2019          5 
 19.18995      21            24            1             2019          5 
-1.719725      22            24            1             2019          5 
-26.59922      23            24            1             2019          5 
-24.56786      0             25            1             2019          6 
-41.62705      1             25            1             2019          6 
-28.04365      2             25            1             2019          6 
-32.75225      3             25            1             2019          6 
-56.20596      4             25            1             2019          6 
-35.84111      5             25            1             2019          6 
-16.27432      6             25            1             2019          6 
 9.864942      7             25            1             2019          6 
 65.35518      8             25            1             2019          6 
 92.77177      9             25            1             2019          6 
 94.06406      10            25            1             2019          6 
 84.08506      11            25            1             2019          6 
 73.30322      12            25            1             2019          6 
 6.894531E-02                13            25            1             2019          6 
 14.01397      14            25            1             2019          6 
-32.1266       15            25            1             2019          6 
-15.66203      16            25            1             2019          6 
-19.05969      17            25            1             2019          6 
 98.99404      18            25            1             2019          6 
 96.13246      19            25            1             2019          6 
 187.0161      20            25            1             2019          6 
 222.3462      21            25            1             2019          6 
 203.0565      22            25            1             2019          6 
 171.1218      23            25            1             2019          6 
 185.9922      0             26            1             2019          7 
 140.2309      1             26            1             2019          7 
 99.92944      2             26            1             2019          7 
 125.1271      3             26            1             2019          7 
 82.20176      4             26            1             2019          7 
 102.6401      5             26            1             2019          7 
 90.70454      6             26            1             2019          7 
 114.9821      7             26            1             2019          7 
 87.1541       8             26            1             2019          7 
 73.24355      9             26            1             2019          7 
 20.13223      10            26            1             2019          7 
-6.445849      11            26            1             2019          7 
-1.780811      12            26            1             2019          7 
-118.0909      13            26            1             2019          7 
-13.67954      14            26            1             2019          7 
-105.2901      15            26            1             2019          7 
-23.45942      16            26            1             2019          7 
-98.47036      17            26            1             2019          7 
 43.11982      18            26            1             2019          7 
-138.3569      19            26            1             2019          7 
-33.04702      20            26            1             2019          7 
-161.8237      21            26            1             2019          7 
-137.1536      22            26            1             2019          7 
-180.1313      23            26            1             2019          7 
-82.47012      0             27            1             2019          1 
-109.3182      1             27            1             2019          1 
-71.78398      2             27            1             2019          1 
-72.77798      3             27            1             2019          1 
-78.20488      4             27            1             2019          1 
-127.2463      5             27            1             2019          1 
-91.75059      6             27            1             2019          1 
-105.5333      7             27            1             2019          1 
-123.3921      8             27            1             2019          1 
-37.66103      9             27            1             2019          1 
-46.869        10            27            1             2019          1 
-8.410254      11            27            1             2019          1 
-44.47979      12            27            1             2019          1 
 35.3123       13            27            1             2019          1 
-84.4998       14            27            1             2019          1 
 15.00972      15            27            1             2019          1 
-34.91869      16            27            1             2019          1 
 58.45983      17            27            1             2019          1 
 21.86523      18            27            1             2019          1 
 73.50902      19            27            1             2019          1 
 21.06428      20            27            1             2019          1 
 18.0633       21            27            1             2019          1 
-6.841095      22            27            1             2019          1 
-7.938094      23            27            1             2019          1 
-16.71734      0             28            1             2019          2 
-37.0125       1             28            1             2019          2 
-59.56396      2             28            1             2019          2 
-90.57178      3             28            1             2019          2 
-117.3365      4             28            1             2019          2 
-143.4843      5             28            1             2019          2 
-139.3692      6             28            1             2019          2 
-157.5275      7             28            1             2019          2 
-43.57236      8             28            1             2019          2 
-121.8672      9             28            1             2019          2 
 2.224121      10            28            1             2019          2 
-54.95142      11            28            1             2019          2 
-33.22905      12            28            1             2019          2 
-106.1878      13            28            1             2019          2 
-28.667        14            28            1             2019          2 
-95.54182      15            28            1             2019          2 
-20.10048      16            28            1             2019          2 
 9.772393      17            28            1             2019          2 
 23.58935      18            28            1             2019          2 
 49.86539      19            28            1             2019          2 
 56.38389      20            28            1             2019          2 
 16.46791      21            28            1             2019          2 
 10.17824      22            28            1             2019          2 
-41.66408      23            28            1             2019          2 
-63.32072      0             29            1             2019          3 
-80.51936      1             29            1             2019          3 
-13.66699      2             29            1             2019          3 
-13.11675      3             29            1             2019          3 
 80.54614      4             29            1             2019          3 
 102.0984      5             29            1             2019          3 
 115.0815      6             29            1             2019          3 
 81.46777      7             29            1             2019          3 
 69.63403      8             29            1             2019          3 
 10.1771       9             29            1             2019          3 
-15.02266      10            29            1             2019          3 
 1.886621      11            29            1             2019          3 
 40.57383      12            29            1             2019          3 
 70.77483      13            29            1             2019          3 
 132.9562      14            29            1             2019          3 
 143.3646      15            29            1             2019          3 
 129.6745      16            29            1             2019          3 
 95.85134      17            29            1             2019          3 
 84.32251      18            29            1             2019          3 
 1.853387      19            29            1             2019          3 
-26.3085       20            29            1             2019          3 
-59.5093       21            29            1             2019          3 
-73.47445      22            29            1             2019          3 
-82.86723      23            29            1             2019          3 
-42.95134      0             30            1             2019          4 
-32.50947      1             30            1             2019          4 
-28.74619      2             30            1             2019          4 
 89.85616      3             30            1             2019          4 
 94.82925      4             30            1             2019          4 
 161.2135      5             30            1             2019          4 
 182.0312      6             30            1             2019          4 
 156.3604      7             30            1             2019          4 
-6.88501       8             30            1             2019          4 
 33.09644      9             30            1             2019          4 
-97.18925      10            30            1             2019          4 
-51.26274      11            30            1             2019          4 
-18.89746      12            30            1             2019          4 
 78.83543      13            30            1             2019          4 
 35.71766      14            30            1             2019          4 
 137.7909      15            30            1             2019          4 
 102.3411      16            30            1             2019          4 
 125.8533      17            30            1             2019          4 
 68.1848       18            30            1             2019          4 
-25.63353      19            30            1             2019          4 
-76.75177      20            30            1             2019          4 
-184.3052      21            30            1             2019          4 
-185.7682      22            30            1             2019          4 
-188.3544      23            30            1             2019          4 
-108.0092      0             31            1             2019          5 
-134.355       1             31            1             2019          5 
-54.24873      2             31            1             2019          5 
-100.9784      3             31            1             2019          5 
-86.323        4             31            1             2019          5 
-122.7757      5             31            1             2019          5 
-39.7854       6             31            1             2019          5 
 44.41851      7             31            1             2019          5 
 153.4711      8             31            1             2019          5 
 240.9383      9             31            1             2019          5 
 320.2191      10            31            1             2019          5 
 267.3887      11            31            1             2019          5 
 217.4266      12            31            1             2019          5 
 160.8125      13            31            1             2019          5 
 93.01954      14            31            1             2019          5 
 77.75907      15            31            1             2019          5 
 88.58064      16            31            1             2019          5 
 81.40134      17            31            1             2019          5 
 80.15021      18            31            1             2019          5 
 34.7402       19            31            1             2019          5 
 30.10739      20            31            1             2019          5 
-9.384829      21            31            1             2019          5 
-11.99621      22            31            1             2019          5 
-23.58604      23            31            1             2019          5 
