-85.67881      0             1             9             2018          7 
-88.83623      1             1             9             2018          7 
-87.5789       2             1             9             2018          7 
-100.9157      3             1             9             2018          7 
-86.9292       4             1             9             2018          7 
-95.18027      5             1             9             2018          7 
-6.529785      6             1             9             2018          7 
-13.96641      7             1             9             2018          7 
 51.14746      8             1             9             2018          7 
 19.77461      9             1             9             2018          7 
 4.890234      10            1             9             2018          7 
-91.28091      11            1             9             2018          7 
-79.48277      12            1             9             2018          7 
-128.9756      13            1             9             2018          7 
-96.31148      14            1             9             2018          7 
-61.68438      15            1             9             2018          7 
-82.69517      16            1             9             2018          7 
-65.252        17            1             9             2018          7 
-83.79356      18            1             9             2018          7 
-87.59209      19            1             9             2018          7 
-67.44814      20            1             9             2018          7 
-77.64297      21            1             9             2018          7 
-92.23867      22            1             9             2018          7 
-96.20219      23            1             9             2018          7 
-87.57017      0             2             9             2018          1 
-163.9439      1             2             9             2018          1 
-117.5396      2             2             9             2018          1 
-183.5033      3             2             9             2018          1 
-176.6611      4             2             9             2018          1 
-194.0985      5             2             9             2018          1 
-159.7349      6             2             9             2018          1 
-154.983       7             2             9             2018          1 
-99.65713      8             2             9             2018          1 
-61.76484      9             2             9             2018          1 
-64.30532      10            2             9             2018          1 
 7.965283      11            2             9             2018          1 
-34.36152      12            2             9             2018          1 
-88.23637      13            2             9             2018          1 
-109.9362      14            2             9             2018          1 
-177.4274      15            2             9             2018          1 
-214.2557      16            2             9             2018          1 
-145.2713      17            2             9             2018          1 
-93.0981       18            2             9             2018          1 
-135.808       19            2             9             2018          1 
-65.675        20            2             9             2018          1 
-136.9265      21            2             9             2018          1 
-179.2994      22            2             9             2018          1 
-185.7388      23            2             9             2018          1 
-158.5802      0             3             9             2018          2 
-131.6345      1             3             9             2018          2 
-92.79922      2             3             9             2018          2 
-65.42851      3             3             9             2018          2 
-66.33858      4             3             9             2018          2 
-60.78701      5             3             9             2018          2 
-86.58789      6             3             9             2018          2 
-52.3875       7             3             9             2018          2 
-1.47959       8             3             9             2018          2 
-91.85608      9             3             9             2018          2 
 139.6488      10            3             9             2018          2 
-27.00439      11            3             9             2018          2 
 120.2475      12            3             9             2018          2 
 5.502978      13            3             9             2018          2 
 126.9793      14            3             9             2018          2 
-98.20935      15            3             9             2018          2 
 75.3896       16            3             9             2018          2 
-154.2411      17            3             9             2018          2 
-109.4084      18            3             9             2018          2 
-188.9288      19            3             9             2018          2 
-188.326       20            3             9             2018          2 
-171.4075      21            3             9             2018          2 
-122.6304      22            3             9             2018          2 
-104.0924      23            3             9             2018          2 
-56.18476      0             4             9             2018          3 
-70.60508      1             4             9             2018          3 
-105.9096      2             4             9             2018          3 
-24.53164      3             4             9             2018          3 
-75.86045      4             4             9             2018          3 
 4.388867      5             4             9             2018          3 
-25.45215      6             4             9             2018          3 
-37.24346      7             4             9             2018          3 
-129.0899      8             4             9             2018          3 
-103.6731      9             4             9             2018          3 
-120.1553      10            4             9             2018          3 
-74.12715      11            4             9             2018          3 
-5.955664      12            4             9             2018          3 
 18.73965      13            4             9             2018          3 
 20.01338      14            4             9             2018          3 
-47.75283      15            4             9             2018          3 
-36.30952      16            4             9             2018          3 
-135.9373      17            4             9             2018          3 
-119.0797      18            4             9             2018          3 
-135.2309      19            4             9             2018          3 
-108.2971      20            4             9             2018          3 
-116.4693      21            4             9             2018          3 
-75.79848      22            4             9             2018          3 
-99.63027      23            4             9             2018          3 
-78.7585       0             5             9             2018          4 
-98.35567      1             5             9             2018          4 
-102.8861      2             5             9             2018          4 
-139.2288      3             5             9             2018          4 
-153.3133      4             5             9             2018          4 
-187.9444      5             5             9             2018          4 
-177.2434      6             5             9             2018          4 
-166.3096      7             5             9             2018          4 
-95.59351      8             5             9             2018          4 
-55.19146      9             5             9             2018          4 
 45.04404      10            5             9             2018          4 
 74.44057      11            5             9             2018          4 
 105.728       12            5             9             2018          4 
 117.4736      13            5             9             2018          4 
 103.817       14            5             9             2018          4 
 73.05532      15            5             9             2018          4 
 67.84253      16            5             9             2018          4 
 39.00361      17            5             9             2018          4 
 13.5835       18            5             9             2018          4 
 3.694824      19            5             9             2018          4 
 17.14878      20            5             9             2018          4 
-3.473535      21            5             9             2018          4 
 28.29717      22            5             9             2018          4 
-14.52422      23            5             9             2018          4 
-29.69014      0             6             9             2018          5 
-119.2245      1             6             9             2018          5 
-125.7805      2             6             9             2018          5 
-178.4599      3             6             9             2018          5 
-135.8194      4             6             9             2018          5 
-107.4337      5             6             9             2018          5 
-60.00938      6             6             9             2018          5 
-41.0749       7             6             9             2018          5 
-59.60342      8             6             9             2018          5 
-83.92031      9             6             9             2018          5 
-126.0002      10            6             9             2018          5 
-148.5844      11            6             9             2018          5 
-156.3313      12            6             9             2018          5 
-174.6441      13            6             9             2018          5 
-107.8356      14            6             9             2018          5 
-121.5094      15            6             9             2018          5 
-55.02134      16            6             9             2018          5 
-22.78066      17            6             9             2018          5 
 37.58213      18            6             9             2018          5 
 19.54443      19            6             9             2018          5 
 78.05859      20            6             9             2018          5 
 27.7165       21            6             9             2018          5 
-6.695313      22            6             9             2018          5 
-38.63545      23            6             9             2018          5 
-69.77627      0             7             9             2018          6 
-108.2507      1             7             9             2018          6 
-111.7107      2             7             9             2018          6 
-120.5241      3             7             9             2018          6 
-109.2835      4             7             9             2018          6 
-112.3034      5             7             9             2018          6 
-103.6354      6             7             9             2018          6 
-101.8832      7             7             9             2018          6 
-91.23662      8             7             9             2018          6 
-23.97021      9             7             9             2018          6 
 101.8379      10            7             9             2018          6 
 159.9154      11            7             9             2018          6 
 297.5052      12            7             9             2018          6 
 258.2582      13            7             9             2018          6 
 267.8474      14            7             9             2018          6 
 146.4581      15            7             9             2018          6 
 151.2017      16            7             9             2018          6 
 35.85234      17            7             9             2018          6 
 86.20093      18            7             9             2018          6 
 22.1564       19            7             9             2018          6 
-2.171777      20            7             9             2018          6 
-13.08535      21            7             9             2018          6 
-68.45889      22            7             9             2018          6 
-52.55527      23            7             9             2018          6 
-63.9168       0             8             9             2018          7 
-45.35713      1             8             9             2018          7 
-86.75977      2             8             9             2018          7 
-61.64307      3             8             9             2018          7 
-99.30273      4             8             9             2018          7 
-108.8609      5             8             9             2018          7 
-94.77226      6             8             9             2018          7 
-117.1598      7             8             9             2018          7 
-109.0024      8             8             9             2018          7 
-114.5395      9             8             9             2018          7 
-98.1604       10            8             9             2018          7 
-90.02734      11            8             9             2018          7 
-52.84111      12            8             9             2018          7 
-29.67275      13            8             9             2018          7 
-11.53306      14            8             9             2018          7 
 22.24546      15            8             9             2018          7 
 20.01865      16            8             9             2018          7 
 8.481934      17            8             9             2018          7 
-12.80889      18            8             9             2018          7 
-37.5249       19            8             9             2018          7 
-78.30595      20            8             9             2018          7 
-89.11611      21            8             9             2018          7 
-94.1125       22            8             9             2018          7 
-91.21016      23            8             9             2018          7 
-77.64961      0             9             9             2018          1 
-67.73759      1             9             9             2018          1 
-71.30049      2             9             9             2018          1 
-52.11465      3             9             9             2018          1 
-58.77051      4             9             9             2018          1 
-25.92588      5             9             9             2018          1 
-67.99717      6             9             9             2018          1 
-42.98047      7             9             9             2018          1 
-65.16997      8             9             9             2018          1 
-62.50078      9             9             9             2018          1 
-57.83628      10            9             9             2018          1 
-35.05107      11            9             9             2018          1 
-55.72207      12            9             9             2018          1 
-51.58589      13            9             9             2018          1 
-52.25625      14            9             9             2018          1 
-79.34448      15            9             9             2018          1 
-80.37715      16            9             9             2018          1 
-83.54854      17            9             9             2018          1 
-139.2302      18            9             9             2018          1 
-138.0607      19            9             9             2018          1 
-186.9469      20            9             9             2018          1 
-171.4754      21            9             9             2018          1 
-174.5105      22            9             9             2018          1 
-122.6719      23            9             9             2018          1 
-94.23759      0             10            9             2018          2 
-47.06113      1             10            9             2018          2 
-17.76592      2             10            9             2018          2 
-5.545606      3             10            9             2018          2 
-.7159179      4             10            9             2018          2 
-26.09131      5             10            9             2018          2 
-38.45703      6             10            9             2018          2 
-69.42558      7             10            9             2018          2 
-89.83945      8             10            9             2018          2 
-96.35195      9             10            9             2018          2 
-114.7463      10            10            9             2018          2 
-108.1592      11            10            9             2018          2 
-122.1038      12            10            9             2018          2 
-102.7672      13            10            9             2018          2 
-96.47793      14            10            9             2018          2 
-74.12315      15            10            9             2018          2 
-58.8082       16            10            9             2018          2 
-36.84907      17            10            9             2018          2 
-22.69683      18            10            9             2018          2 
-17.71045      19            10            9             2018          2 
-30.3959       20            10            9             2018          2 
-40.22422      21            10            9             2018          2 
-43.19834      22            10            9             2018          2 
-44.26494      23            10            9             2018          2 
-22.00361      0             11            9             2018          3 
 4.539844      1             11            9             2018          3 
 3.036328      2             11            9             2018          3 
 1.895801      3             11            9             2018          3 
-9.001562      4             11            9             2018          3 
-28.38516      5             11            9             2018          3 
-52.20449      6             11            9             2018          3 
-63.30361      7             11            9             2018          3 
-81.65469      8             11            9             2018          3 
-107.8098      9             11            9             2018          3 
-112.9052      10            11            9             2018          3 
-112.7612      11            11            9             2018          3 
-100.2396      12            11            9             2018          3 
-76.49917      13            11            9             2018          3 
-48.74761      14            11            9             2018          3 
-36.00396      15            11            9             2018          3 
-25.75437      16            11            9             2018          3 
-19.48651      17            11            9             2018          3 
-38.63212      18            11            9             2018          3 
-23.06758      19            11            9             2018          3 
-46.74329      20            11            9             2018          3 
-30.12208      21            11            9             2018          3 
-80.57065      22            11            9             2018          3 
-65.23192      23            11            9             2018          3 
-116.4576      0             12            9             2018          4 
-29.14082      1             12            9             2018          4 
-28.89853      2             12            9             2018          4 
 80.87217      3             12            9             2018          4 
 93.44804      4             12            9             2018          4 
 143.099       5             12            9             2018          4 
 73.19521      6             12            9             2018          4 
 101.7729      7             12            9             2018          4 
-17.40513      8             12            9             2018          4 
-9.526855      9             12            9             2018          4 
-25.93896      10            12            9             2018          4 
-23.02031      11            12            9             2018          4 
-15.33716      12            12            9             2018          4 
 49.85107      13            12            9             2018          4 
 36.14063      14            12            9             2018          4 
 9.90708       15            12            9             2018          4 
 4.443359      16            12            9             2018          4 
-98.61992      17            12            9             2018          4 
-94.31157      18            12            9             2018          4 
-134.2654      19            12            9             2018          4 
-57.49927      20            12            9             2018          4 
-79.12207      21            12            9             2018          4 
-2.513379      22            12            9             2018          4 
-29.4917       23            12            9             2018          4 
-3.861133      0             13            9             2018          5 
-56.85547      1             13            9             2018          5 
-78.46191      2             13            9             2018          5 
-113.0587      3             13            9             2018          5 
-174.6525      4             13            9             2018          5 
-177.9521      5             13            9             2018          5 
-151.2791      6             13            9             2018          5 
-97.52818      7             13            9             2018          5 
-9.158252      8             13            9             2018          5 
 73.8961       9             13            9             2018          5 
 138.0836      10            13            9             2018          5 
 105.8762      11            13            9             2018          5 
 124.7937      12            13            9             2018          5 
 45.03716      13            13            9             2018          5 
 36.39561      14            13            9             2018          5 
 8.881396      15            13            9             2018          5 
 34.39277      16            13            9             2018          5 
 23.90869      17            13            9             2018          5 
 6.185742      18            13            9             2018          5 
 .9574219      19            13            9             2018          5 
-39.10645      20            13            9             2018          5 
-55.28662      21            13            9             2018          5 
-74.63545      22            13            9             2018          5 
-51.9375       23            13            9             2018          5 
-89.87305      0             14            9             2018          6 
-73.60693      1             14            9             2018          6 
-96.59033      2             14            9             2018          6 
-80.84365      3             14            9             2018          6 
-85.72099      4             14            9             2018          6 
-91.58154      5             14            9             2018          6 
-98.62441      6             14            9             2018          6 
-132.2756      7             14            9             2018          6 
-145.7934      8             14            9             2018          6 
-140.6821      9             14            9             2018          6 
-45.57422      10            14            9             2018          6 
-49.52647      11            14            9             2018          6 
 30.8667       12            14            9             2018          6 
 23.64443      13            14            9             2018          6 
 2.953027      14            14            9             2018          6 
-41.65351      15            14            9             2018          6 
-31.45742      16            14            9             2018          6 
-65.29297      17            14            9             2018          6 
-22.90869      18            14            9             2018          6 
-40.26015      19            14            9             2018          6 
 16.98262      20            14            9             2018          6 
-41.41436      21            14            9             2018          6 
-14.08594      22            14            9             2018          6 
-83.05928      23            14            9             2018          6 
-51.64961      0             15            9             2018          7 
-114.5522      1             15            9             2018          7 
-58.11934      2             15            9             2018          7 
-87.44502      3             15            9             2018          7 
-58.93818      4             15            9             2018          7 
-68.90508      5             15            9             2018          7 
-40.51015      6             15            9             2018          7 
-52.41319      7             15            9             2018          7 
-15.104        8             15            9             2018          7 
-29.19082      9             15            9             2018          7 
-21.8751       10            15            9             2018          7 
-91.84121      11            15            9             2018          7 
-107.2634      12            15            9             2018          7 
-163.2099      13            15            9             2018          7 
-132.258       14            15            9             2018          7 
-117.6219      15            15            9             2018          7 
 9.349902      16            15            9             2018          7 
 86.3666       17            15            9             2018          7 
 153.9369      18            15            9             2018          7 
 208.763       19            15            9             2018          7 
 163.4621      20            15            9             2018          7 
 79.12529      21            15            9             2018          7 
-21.24014      22            15            9             2018          7 
-89.64732      23            15            9             2018          7 
-174.9229      0             16            9             2018          1 
-151.703       1             16            9             2018          1 
-147.3898      2             16            9             2018          1 
-103.8927      3             16            9             2018          1 
-58.66319      4             16            9             2018          1 
-94.5041       5             16            9             2018          1 
-60.33144      6             16            9             2018          1 
-127.8585      7             16            9             2018          1 
-125.9096      8             16            9             2018          1 
-139.2275      9             16            9             2018          1 
-60.88567      10            16            9             2018          1 
-61.9772       11            16            9             2018          1 
-49.96013      12            16            9             2018          1 
-97.37305      13            16            9             2018          1 
-180.6152      14            16            9             2018          1 
-241.2149      15            16            9             2018          1 
-250.863       16            16            9             2018          1 
-171.8428      17            16            9             2018          1 
-148.3887      18            16            9             2018          1 
-33.29326      19            16            9             2018          1 
-43.83706      20            16            9             2018          1 
-31.09854      21            16            9             2018          1 
-73.86621      22            16            9             2018          1 
-52.73101      23            16            9             2018          1 
-100.2142      0             17            9             2018          2 
-61.22939      1             17            9             2018          2 
-129.6768      2             17            9             2018          2 
-122.1206      3             17            9             2018          2 
-160.4863      4             17            9             2018          2 
-123.0135      5             17            9             2018          2 
-127.8046      6             17            9             2018          2 
-51.72817      7             17            9             2018          2 
-41.64873      8             17            9             2018          2 
 6.091504      9             17            9             2018          2 
-12.51138      10            17            9             2018          2 
-2.650098      11            17            9             2018          2 
-30.94136      12            17            9             2018          2 
-27.6209       13            17            9             2018          2 
-24.47041      14            17            9             2018          2 
-23.3894       15            17            9             2018          2 
-21.2124       16            17            9             2018          2 
-20.88022      17            17            9             2018          2 
-26.40708      18            17            9             2018          2 
-18.63301      19            17            9             2018          2 
-25.38584      20            17            9             2018          2 
 15.08184      21            17            9             2018          2 
 .2090332      22            17            9             2018          2 
 26.09937      23            17            9             2018          2 
-34.55176      0             18            9             2018          3 
-36.10127      1             18            9             2018          3 
-116.7557      2             18            9             2018          3 
-113.3364      3             18            9             2018          3 
-139.1378      4             18            9             2018          3 
-106.0301      5             18            9             2018          3 
-118.034       6             18            9             2018          3 
-85.50625      7             18            9             2018          3 
-93.32393      8             18            9             2018          3 
-101.8546      9             18            9             2018          3 
-59.8749       10            18            9             2018          3 
-75.64756      11            18            9             2018          3 
-30.1583       12            18            9             2018          3 
-29.28193      13            18            9             2018          3 
 3.529541      14            18            9             2018          3 
-21.13189      15            18            9             2018          3 
 26.50864      16            18            9             2018          3 
-51.58721      17            18            9             2018          3 
-29.72207      18            18            9             2018          3 
-90.00395      19            18            9             2018          3 
-87.83047      20            18            9             2018          3 
-108.1475      21            18            9             2018          3 
-71.20146      22            18            9             2018          3 
-78.5771       23            18            9             2018          3 
-64.29639      0             19            9             2018          4 
-78.59209      1             19            9             2018          4 
-94.8669       2             19            9             2018          4 
-105.5565      3             19            9             2018          4 
-108.9552      4             19            9             2018          4 
-96.33232      5             19            9             2018          4 
-98.49058      6             19            9             2018          4 
-95.19365      7             19            9             2018          4 
-96.3373       8             19            9             2018          4 
-112.1175      9             19            9             2018          4 
-113.7458      10            19            9             2018          4 
-119.8109      11            19            9             2018          4 
-112.5778      12            19            9             2018          4 
-145.5783      13            19            9             2018          4 
-89.696        14            19            9             2018          4 
-101.2499      15            19            9             2018          4 
-45.44053      16            19            9             2018          4 
-24.43706      17            19            9             2018          4 
 25.03838      18            19            9             2018          4 
-13.25083      19            19            9             2018          4 
 20.76397      20            19            9             2018          4 
-26.43076      21            19            9             2018          4 
-24.49028      22            19            9             2018          4 
-41.56846      23            19            9             2018          4 
-33.04351      0             20            9             2018          5 
-54.06348      1             20            9             2018          5 
-58.96025      2             20            9             2018          5 
-92.13232      3             20            9             2018          5 
-96.64414      4             20            9             2018          5 
-122.3716      5             20            9             2018          5 
-150.3415      6             20            9             2018          5 
-120.7807      7             20            9             2018          5 
-133.714       8             20            9             2018          5 
-49.11523      9             20            9             2018          5 
 23.54116      10            20            9             2018          5 
 132.0763      11            20            9             2018          5 
 175.0489      12            20            9             2018          5 
 239.3253      13            20            9             2018          5 
 185.8432      14            20            9             2018          5 
 145.2993      15            20            9             2018          5 
 86.43076      16            20            9             2018          5 
 45.56284      17            20            9             2018          5 
-8.683398      18            20            9             2018          5 
 5.576025      19            20            9             2018          5 
-31.75557      20            20            9             2018          5 
-29.75957      21            20            9             2018          5 
-50.54956      22            20            9             2018          5 
-35.07725      23            20            9             2018          5 
-65.99507      0             21            9             2018          6 
-49.98135      1             21            9             2018          6 
-60.69648      2             21            9             2018          6 
-60.9001       3             21            9             2018          6 
-50.44268      4             21            9             2018          6 
 40.36133      5             21            9             2018          6 
-6.327734      6             21            9             2018          6 
 75.93896      7             21            9             2018          6 
 25.42148      8             21            9             2018          6 
-2.760449      9             21            9             2018          6 
-96.95625      10            21            9             2018          6 
-9.422363      11            21            9             2018          6 
-94.37842      12            21            9             2018          6 
 23.83027      13            21            9             2018          6 
-33.36885      14            21            9             2018          6 
-19.91748      15            21            9             2018          6 
-155.0837      16            21            9             2018          6 
-151.6579      17            21            9             2018          6 
-239.8931      18            21            9             2018          6 
-162.0748      19            21            9             2018          6 
-196.4807      20            21            9             2018          6 
-86.31914      21            21            9             2018          6 
-160.2758      22            21            9             2018          6 
-121.6345      23            21            9             2018          6 
-174.4426      0             22            9             2018          7 
-148.3769      1             22            9             2018          7 
-159.9779      2             22            9             2018          7 
-88.49746      3             22            9             2018          7 
-108.68        4             22            9             2018          7 
-61.36641      5             22            9             2018          7 
-30.02637      6             22            9             2018          7 
-40.26221      7             22            9             2018          7 
-12.62783      8             22            9             2018          7 
-18.54756      9             22            9             2018          7 
-20.55967      10            22            9             2018          7 
-57.67266      11            22            9             2018          7 
-53.75342      12            22            9             2018          7 
-89.56133      13            22            9             2018          7 
-102.5682      14            22            9             2018          7 
-67.96484      15            22            9             2018          7 
-88.702        16            22            9             2018          7 
-50.42798      17            22            9             2018          7 
-56.24111      18            22            9             2018          7 
-32.57871      19            22            9             2018          7 
-61.08105      20            22            9             2018          7 
-47.34292      21            22            9             2018          7 
-72.33628      22            22            9             2018          7 
-64.53359      23            22            9             2018          7 
-50.6376       0             23            9             2018          1 
-38.83384      1             23            9             2018          1 
-4.692529      2             23            9             2018          1 
-64.96568      3             23            9             2018          1 
-39.54414      4             23            9             2018          1 
-114.7571      5             23            9             2018          1 
-25.19517      6             23            9             2018          1 
-130.8618      7             23            9             2018          1 
 6.066358      8             23            9             2018          1 
-97.00537      9             23            9             2018          1 
-36.61768      10            23            9             2018          1 
-170.6472      11            23            9             2018          1 
-28.43735      12            23            9             2018          1 
-135.4173      13            23            9             2018          1 
 3.926074      14            23            9             2018          1 
 10.89038      15            23            9             2018          1 
 38.99815      16            23            9             2018          1 
-15.30894      17            23            9             2018          1 
-1.859668      18            23            9             2018          1 
-59.47353      19            23            9             2018          1 
-70.88887      20            23            9             2018          1 
-74.87754      21            23            9             2018          1 
-85.62402      22            23            9             2018          1 
-96.44072      23            23            9             2018          1 
-119.811       0             24            9             2018          2 
-134.4573      1             24            9             2018          2 
-154.1766      2             24            9             2018          2 
-166.4946      3             24            9             2018          2 
-164.1176      4             24            9             2018          2 
-170.9984      5             24            9             2018          2 
-167.0364      6             24            9             2018          2 
-158.4035      7             24            9             2018          2 
-148.6814      8             24            9             2018          2 
-118.2016      9             24            9             2018          2 
-114.3071      10            24            9             2018          2 
-101.8241      11            24            9             2018          2 
-99.41602      12            24            9             2018          2 
-113.7933      13            24            9             2018          2 
-147.2296      14            24            9             2018          2 
-148.2002      15            24            9             2018          2 
-203.5472      16            24            9             2018          2 
-212.8126      17            24            9             2018          2 
-224.8533      18            24            9             2018          2 
-198.4275      19            24            9             2018          2 
-169.6187      20            24            9             2018          2 
-112.2963      21            24            9             2018          2 
-85.62978      22            24            9             2018          2 
-60.71748      23            24            9             2018          2 
-68.58144      0             25            9             2018          3 
-72.42061      1             25            9             2018          3 
-71.18896      2             25            9             2018          3 
-94.6039       3             25            9             2018          3 
-102.9466      4             25            9             2018          3 
-116.7599      5             25            9             2018          3 
-78.27568      6             25            9             2018          3 
-92.66933      7             25            9             2018          3 
-62.96729      8             25            9             2018          3 
-.7518555      9             25            9             2018          3 
-60.18369      10            25            9             2018          3 
 54.35415      11            25            9             2018          3 
 63.1081       12            25            9             2018          3 
 156.5933      13            25            9             2018          3 
 150.8089      14            25            9             2018          3 
 281.8908      15            25            9             2018          3 
 148.9491      16            25            9             2018          3 
 203.3938      17            25            9             2018          3 
 108.5407      18            25            9             2018          3 
 32.24907      19            25            9             2018          3 
-7.390918      20            25            9             2018          3 
-74.54253      21            25            9             2018          3 
-105.0533      22            25            9             2018          3 
-114.0555      23            25            9             2018          3 
-69.25039      0             26            9             2018          4 
-81.74121      1             26            9             2018          4 
-34.40664      2             26            9             2018          4 
-54.78799      3             26            9             2018          4 
-59.97734      4             26            9             2018          4 
-60.08643      5             26            9             2018          4 
-119.2993      6             26            9             2018          4 
-106.4772      7             26            9             2018          4 
-137.4283      8             26            9             2018          4 
-171.7597      9             26            9             2018          4 
-53.19151      10            26            9             2018          4 
-125.9675      11            26            9             2018          4 
-.5821778      12            26            9             2018          4 
-44.54263      13            26            9             2018          4 
-23.37573      14            26            9             2018          4 
-126.0476      15            26            9             2018          4 
-45.14487      16            26            9             2018          4 
-153.393       17            26            9             2018          4 
-48.01445      18            26            9             2018          4 
-1.152734      19            26            9             2018          4 
 5.869483      20            26            9             2018          4 
 54.37026      21            26            9             2018          4 
 44.30293      22            26            9             2018          4 
 53.12007      23            26            9             2018          4 
-29.33377      0             27            9             2018          5 
 1.406171      1             27            9             2018          5 
-69.3735       2             27            9             2018          5 
-72.886        3             27            9             2018          5 
-79.21979      4             27            9             2018          5 
-65.74329      5             27            9             2018          5 
-114.7107      6             27            9             2018          5 
-169.6075      7             27            9             2018          5 
-183.9821      8             27            9             2018          5 
-300.8272      9             27            9             2018          5 
-220.5874      10            27            9             2018          5 
-251.7358      11            27            9             2018          5 
-32.4793       12            27            9             2018          5 
-81.6323       13            27            9             2018          5 
 86.6993       14            27            9             2018          5 
-3.908447      15            27            9             2018          5 
 24.17969      16            27            9             2018          5 
-60.35606      17            27            9             2018          5 
 17.07583      18            27            9             2018          5 
-45.18755      19            27            9             2018          5 
 34.21885      20            27            9             2018          5 
 55.43701      21            27            9             2018          5 
 49.18877      22            27            9             2018          5 
 50.63086      23            27            9             2018          5 
 15.34102      0             28            9             2018          6 
-31.19668      1             28            9             2018          6 
-80.26475      2             28            9             2018          6 
-105.2482      3             28            9             2018          6 
-144.5782      4             28            9             2018          6 
-102.9729      5             28            9             2018          6 
-86.89409      6             28            9             2018          6 
 2.427051      7             28            9             2018          6 
 45.64751      8             28            9             2018          6 
-10.59819      9             28            9             2018          6 
-70.04214      10            28            9             2018          6 
-118.2131      11            28            9             2018          6 
-266.9819      12            28            9             2018          6 
-196.6089      13            28            9             2018          6 
-161.6524      14            28            9             2018          6 
-21.95742      15            28            9             2018          6 
-50.90361      16            28            9             2018          6 
 73.54307      17            28            9             2018          6 
-147.8437      18            28            9             2018          6 
-105.6931      19            28            9             2018          6 
-244.8103      20            28            9             2018          6 
-140.2567      21            28            9             2018          6 
-166.8752      22            28            9             2018          6 
-53.24599      23            28            9             2018          6 
-70.02495      0             29            9             2018          7 
-51.38076      1             29            9             2018          7 
-84.67735      2             29            9             2018          7 
-98.69736      3             29            9             2018          7 
-87.62168      4             29            9             2018          7 
-94.55235      5             29            9             2018          7 
-90.54004      6             29            9             2018          7 
-101.3269      7             29            9             2018          7 
-121.8021      8             29            9             2018          7 
-127.9592      9             29            9             2018          7 
-165.1755      10            29            9             2018          7 
-204.6809      11            29            9             2018          7 
-210.3992      12            29            9             2018          7 
-245.1762      13            29            9             2018          7 
-94.2959       14            29            9             2018          7 
-14.11509      15            29            9             2018          7 
 168.3445      16            29            9             2018          7 
 212.2284      17            29            9             2018          7 
 291.5555      18            29            9             2018          7 
 118.2073      19            29            9             2018          7 
 110.5316      20            29            9             2018          7 
-12.546        21            29            9             2018          7 
-57.27158      22            29            9             2018          7 
-91.28618      23            29            9             2018          7 
-109.8397      0             30            9             2018          1 
-153.2678      1             30            9             2018          1 
-184.901       2             30            9             2018          1 
-161.6571      3             30            9             2018          1 
-163.0063      4             30            9             2018          1 
-127.6689      5             30            9             2018          1 
-117.5878      6             30            9             2018          1 
-108.859       7             30            9             2018          1 
-113.7254      8             30            9             2018          1 
-135.2336      9             30            9             2018          1 
-57.68135      10            30            9             2018          1 
-68.61015      11            30            9             2018          1 
 22.31992      12            30            9             2018          1 
 1.475879      13            30            9             2018          1 
 59.59097      14            30            9             2018          1 
-34.73784      15            30            9             2018          1 
-12.27881      16            30            9             2018          1 
-71.36221      17            30            9             2018          1 
-34.47627      18            30            9             2018          1 
-65.25571      19            30            9             2018          1 
-22.40874      20            30            9             2018          1 
-107.8449      21            30            9             2018          1 
-142.6727      22            30            9             2018          1 
-210.0812      23            30            9             2018          1 
