-158.8949      0             1             8             2019          5 
-64.62051      1             1             8             2019          5 
-98.69346      2             1             8             2019          5 
-71.42393      3             1             8             2019          5 
-170.4484      4             1             8             2019          5 
-109.5766      5             1             8             2019          5 
-212.6448      6             1             8             2019          5 
-152.4109      7             1             8             2019          5 
-188.9154      8             1             8             2019          5 
-145.1458      9             1             8             2019          5 
-193.4303      10            1             8             2019          5 
-169.1293      11            1             8             2019          5 
-122.205       12            1             8             2019          5 
-183.1073      13            1             8             2019          5 
-98.26797      14            1             8             2019          5 
-151.6887      15            1             8             2019          5 
-109.06        16            1             8             2019          5 
-135.4909      17            1             8             2019          5 
-85.69678      18            1             8             2019          5 
-113.2166      19            1             8             2019          5 
-63.69307      20            1             8             2019          5 
-69.89365      21            1             8             2019          5 
-59.46064      22            1             8             2019          5 
-41.47598      23            1             8             2019          5 
-92.48389      0             2             8             2019          6 
-55.37646      1             2             8             2019          6 
-102.1116      2             2             8             2019          6 
-104.937       3             2             8             2019          6 
-63.08809      4             2             8             2019          6 
-95.43906      5             2             8             2019          6 
-23.88252      6             2             8             2019          6 
-26.64111      7             2             8             2019          6 
-30.99336      8             2             8             2019          6 
-48.23945      9             2             8             2019          6 
-62.45107      10            2             8             2019          6 
-143.548       11            2             8             2019          6 
-146.9671      12            2             8             2019          6 
-131.2573      13            2             8             2019          6 
-95.11259      14            2             8             2019          6 
-28.13325      15            2             8             2019          6 
 42.22695      16            2             8             2019          6 
 54.93604      17            2             8             2019          6 
 50.2647       18            2             8             2019          6 
-5.595361      19            2             8             2019          6 
-68.3437       20            2             8             2019          6 
-131.0454      21            2             8             2019          6 
-140.5243      22            2             8             2019          6 
-145.1471      23            2             8             2019          6 
-92.38481      0             3             8             2019          7 
-47.89287      1             3             8             2019          7 
-77.5481       2             3             8             2019          7 
-74.0874       3             3             8             2019          7 
-113.2483      4             3             8             2019          7 
-167.4263      5             3             8             2019          7 
-167.5918      6             3             8             2019          7 
-142.7159      7             3             8             2019          7 
-143.3516      8             3             8             2019          7 
-108.2522      9             3             8             2019          7 
-112.9994      10            3             8             2019          7 
-147.6175      11            3             8             2019          7 
-218.6655      12            3             8             2019          7 
-238.649       13            3             8             2019          7 
-229.4972      14            3             8             2019          7 
-182.9229      15            3             8             2019          7 
-84.10698      16            3             8             2019          7 
 20.59995      17            3             8             2019          7 
 34.50518      18            3             8             2019          7 
-5.540576      19            3             8             2019          7 
-33.15102      20            3             8             2019          7 
-133.807       21            3             8             2019          7 
-111.0187      22            3             8             2019          7 
-108.736       23            3             8             2019          7 
-38.28355      0             4             8             2019          1 
-59.28325      1             4             8             2019          1 
-27.20195      2             4             8             2019          1 
-79.08057      3             4             8             2019          1 
-85.61357      4             4             8             2019          1 
-127.7985      5             4             8             2019          1 
-132.2437      6             4             8             2019          1 
-137.4393      7             4             8             2019          1 
-135.0564      8             4             8             2019          1 
-127.657       9             4             8             2019          1 
 57.86328      10            4             8             2019          1 
-76.25688      11            4             8             2019          1 
 114.7797      12            4             8             2019          1 
-58.86348      13            4             8             2019          1 
-35.54512      14            4             8             2019          1 
-234.6899      15            4             8             2019          1 
-66.68013      16            4             8             2019          1 
-231.0829      17            4             8             2019          1 
-53.01289      18            4             8             2019          1 
-23.25156      19            4             8             2019          1 
-3.63125       20            4             8             2019          1 
 11.22314      21            4             8             2019          1 
-8.34375       22            4             8             2019          1 
-16.48848      23            4             8             2019          1 
-74.97646      0             5             8             2019          2 
-70.30684      1             5             8             2019          2 
-147.9936      2             5             8             2019          2 
-122.8378      3             5             8             2019          2 
-158.3933      4             5             8             2019          2 
-142.2539      5             5             8             2019          2 
-150.2589      6             5             8             2019          2 
-65.72734      7             5             8             2019          2 
-83.95332      8             5             8             2019          2 
 19.10933      9             5             8             2019          2 
 21.72778      10            5             8             2019          2 
 38.20893      11            5             8             2019          2 
 8.013184      12            5             8             2019          2 
-36.07256      13            5             8             2019          2 
-76.85616      14            5             8             2019          2 
-124.8355      15            5             8             2019          2 
-147.0321      16            5             8             2019          2 
-137.8691      17            5             8             2019          2 
-108.9409      18            5             8             2019          2 
-127.1512      19            5             8             2019          2 
-130.2469      20            5             8             2019          2 
-126.2126      21            5             8             2019          2 
-166.9086      22            5             8             2019          2 
-105.2865      23            5             8             2019          2 
-89.3875       0             6             8             2019          3 
 2.265918      1             6             8             2019          3 
-42.97178      2             6             8             2019          3 
-32.75723      3             6             8             2019          3 
-123.2224      4             6             8             2019          3 
-165.2139      5             6             8             2019          3 
-214.3037      6             6             8             2019          3 
-210.7382      7             6             8             2019          3 
-199.5197      8             6             8             2019          3 
-194.0983      9             6             8             2019          3 
-169.2036      10            6             8             2019          3 
-159.9464      11            6             8             2019          3 
-101.1712      12            6             8             2019          3 
-94.25478      13            6             8             2019          3 
-40.48896      14            6             8             2019          3 
-29.19443      15            6             8             2019          3 
-15.85977      16            6             8             2019          3 
-12.98506      17            6             8             2019          3 
-8.30293       18            6             8             2019          3 
-22.23418      19            6             8             2019          3 
-25.36103      20            6             8             2019          3 
-45.47246      21            6             8             2019          3 
-41.3917       22            6             8             2019          3 
-50.40176      23            6             8             2019          3 
-42.71172      0             7             8             2019          4 
-40.74941      1             7             8             2019          4 
-37.8251       2             7             8             2019          4 
-38.92178      3             7             8             2019          4 
-43.1293       4             7             8             2019          4 
-44.20244      5             7             8             2019          4 
-51.78574      6             7             8             2019          4 
-73.79746      7             7             8             2019          4 
-81.90254      8             7             8             2019          4 
-126.1143      9             7             8             2019          4 
-146.6391      10            7             8             2019          4 
-175.6022      11            7             8             2019          4 
-170.7512      12            7             8             2019          4 
-187.9362      13            7             8             2019          4 
-154.2461      14            7             8             2019          4 
-131.4146      15            7             8             2019          4 
-102.9757      16            7             8             2019          4 
-68.95449      17            7             8             2019          4 
-50.05127      18            7             8             2019          4 
-36.36396      19            7             8             2019          4 
-63.44834      20            7             8             2019          4 
-40.40479      21            7             8             2019          4 
-57.97627      22            7             8             2019          4 
-34.81738      23            7             8             2019          4 
-15.89824      0             8             8             2019          5 
 12.15908      1             8             8             2019          5 
-8.752539      2             8             8             2019          5 
-4.215625      3             8             8             2019          5 
-32.36485      4             8             8             2019          5 
-59.2999       5             8             8             2019          5 
-60.79092      6             8             8             2019          5 
-75.72041      7             8             8             2019          5 
-80.10567      8             8             8             2019          5 
-81.7959       9             8             8             2019          5 
-84.32725      10            8             8             2019          5 
-92.0792       11            8             8             2019          5 
-89.20547      12            8             8             2019          5 
-109.4192      13            8             8             2019          5 
-104.4633      14            8             8             2019          5 
-108.8969      15            8             8             2019          5 
-102.7899      16            8             8             2019          5 
-89.33496      17            8             8             2019          5 
-67.98701      18            8             8             2019          5 
-69.75723      19            8             8             2019          5 
-40.59776      20            8             8             2019          5 
-41.01631      21            8             8             2019          5 
-32.97344      22            8             8             2019          5 
-31.74766      23            8             8             2019          5 
-26.8958       0             9             8             2019          6 
-39.93389      1             9             8             2019          6 
-47.15322      2             9             8             2019          6 
-52.39414      3             9             8             2019          6 
-57.30371      4             9             8             2019          6 
-62.67109      5             9             8             2019          6 
-88.03428      6             9             8             2019          6 
-97.51133      7             9             8             2019          6 
-140.0688      8             9             8             2019          6 
-151.2972      9             9             8             2019          6 
-160.1031      10            9             8             2019          6 
-152.7045      11            9             8             2019          6 
-144.187       12            9             8             2019          6 
-147.574       13            9             8             2019          6 
-119.6226      14            9             8             2019          6 
-142.2487      15            9             8             2019          6 
-113.8475      16            9             8             2019          6 
-118.1332      17            9             8             2019          6 
-61.04707      18            9             8             2019          6 
-88.79375      19            9             8             2019          6 
-29.03955      20            9             8             2019          6 
-46.76416      21            9             8             2019          6 
-33.99473      22            9             8             2019          6 
-41.95771      23            9             8             2019          6 
-30.95645      0             10            8             2019          7 
-51.20644      1             10            8             2019          7 
-46.38203      2             10            8             2019          7 
-48.75898      3             10            8             2019          7 
-60.26524      4             10            8             2019          7 
-77.69922      5             10            8             2019          7 
-107.2044      6             10            8             2019          7 
-130.7223      7             10            8             2019          7 
-160.0042      8             10            8             2019          7 
-159.2166      9             10            8             2019          7 
-151.0526      10            10            8             2019          7 
-122.2088      11            10            8             2019          7 
-103.9992      12            10            8             2019          7 
-78.02988      13            10            8             2019          7 
-65.44981      14            10            8             2019          7 
-48.33174      15            10            8             2019          7 
-34.18213      16            10            8             2019          7 
-10.94277      17            10            8             2019          7 
-4.232324      18            10            8             2019          7 
-11.16133      19            10            8             2019          7 
-20.13262      20            10            8             2019          7 
-33.0251       21            10            8             2019          7 
-52.37012      22            10            8             2019          7 
-57.29678      23            10            8             2019          7 
-63.17969      0             11            8             2019          1 
-73.82881      1             11            8             2019          1 
-82.83789      2             11            8             2019          1 
-87.16875      3             11            8             2019          1 
-94.76025      4             11            8             2019          1 
-114.0283      5             11            8             2019          1 
-100.1098      6             11            8             2019          1 
-119.6554      7             11            8             2019          1 
-126.9298      8             11            8             2019          1 
-128.6668      9             11            8             2019          1 
-140.0843      10            11            8             2019          1 
-150.4922      11            11            8             2019          1 
-144.9954      12            11            8             2019          1 
-135.9353      13            11            8             2019          1 
-134.311       14            11            8             2019          1 
-95.21211      15            11            8             2019          1 
-92.41533      16            11            8             2019          1 
-67.09639      17            11            8             2019          1 
-73.39902      18            11            8             2019          1 
-68.10625      19            11            8             2019          1 
-86.2124       20            11            8             2019          1 
-103.9542      21            11            8             2019          1 
-135.0838      22            11            8             2019          1 
-155.4792      23            11            8             2019          1 
-174.788       0             12            8             2019          2 
-173.6791      1             12            8             2019          2 
-129.9026      2             12            8             2019          2 
-116.271       3             12            8             2019          2 
-76.56211      4             12            8             2019          2 
-85.05127      5             12            8             2019          2 
-107.609       6             12            8             2019          2 
-74.29971      7             12            8             2019          2 
-84.40498      8             12            8             2019          2 
-27.57881      9             12            8             2019          2 
-4.588379      10            12            8             2019          2 
 16.46338      11            12            8             2019          2 
-36.92266      12            12            8             2019          2 
-27.07314      13            12            8             2019          2 
-136.0621      14            12            8             2019          2 
-106.9608      15            12            8             2019          2 
-157.9416      16            12            8             2019          2 
-83.65352      17            12            8             2019          2 
-97.69707      18            12            8             2019          2 
-23.61045      19            12            8             2019          2 
-61.19941      20            12            8             2019          2 
-20.31016      21            12            8             2019          2 
-100.7501      22            12            8             2019          2 
-84.78886      23            12            8             2019          2 
-123.7829      0             13            8             2019          3 
-111.3187      1             13            8             2019          3 
-103.4325      2             13            8             2019          3 
-108.7402      3             13            8             2019          3 
-120.7703      4             13            8             2019          3 
-178.1982      5             13            8             2019          3 
-183.0625      6             13            8             2019          3 
-225.4646      7             13            8             2019          3 
-206.949       8             13            8             2019          3 
-205.1828      9             13            8             2019          3 
-149.9202      10            13            8             2019          3 
-127.4121      11            13            8             2019          3 
-99.15376      12            13            8             2019          3 
-56.2626       13            13            8             2019          3 
-54.99604      14            13            8             2019          3 
-53.40996      15            13            8             2019          3 
-61.55654      16            13            8             2019          3 
-58.40532      17            13            8             2019          3 
-72.1166       18            13            8             2019          3 
-54.30029      19            13            8             2019          3 
-15.93604      20            13            8             2019          3 
-14.34238      21            13            8             2019          3 
-1.706641      22            13            8             2019          3 
-40.18955      23            13            8             2019          3 
-34.84258      0             14            8             2019          4 
-55.73769      1             14            8             2019          4 
-46.67832      2             14            8             2019          4 
-28.50479      3             14            8             2019          4 
-41.84502      4             14            8             2019          4 
-83.38125      5             14            8             2019          4 
-137.5222      6             14            8             2019          4 
-167.7354      7             14            8             2019          4 
-199.2411      8             14            8             2019          4 
-170.3841      9             14            8             2019          4 
-125.778       10            14            8             2019          4 
-76.32861      11            14            8             2019          4 
-55.40469      12            14            8             2019          4 
-21.11518      13            14            8             2019          4 
-16.77319      14            14            8             2019          4 
 21.33701      15            14            8             2019          4 
 11.59775      16            14            8             2019          4 
 54.06182      17            14            8             2019          4 
 44.69067      18            14            8             2019          4 
 42.87368      19            14            8             2019          4 
 12.57222      20            14            8             2019          4 
 26.75205      21            14            8             2019          4 
-19.62432      22            14            8             2019          4 
-12.45713      23            14            8             2019          4 
-19.421        0             15            8             2019          5 
-32.19658      1             15            8             2019          5 
-34.32734      2             15            8             2019          5 
-36.09912      3             15            8             2019          5 
-36.41475      4             15            8             2019          5 
-60.41572      5             15            8             2019          5 
-76.56455      6             15            8             2019          5 
-89.95742      7             15            8             2019          5 
-124.7063      8             15            8             2019          5 
-119.8306      9             15            8             2019          5 
-134.2021      10            15            8             2019          5 
-146.363       11            15            8             2019          5 
-160.5817      12            15            8             2019          5 
-158.7002      13            15            8             2019          5 
-172.6224      14            15            8             2019          5 
-148.7058      15            15            8             2019          5 
-131.6959      16            15            8             2019          5 
-116.2295      17            15            8             2019          5 
-103.0701      18            15            8             2019          5 
-76.06934      19            15            8             2019          5 
-81.3333       20            15            8             2019          5 
-46.9502       21            15            8             2019          5 
-49.65498      22            15            8             2019          5 
-32.23682      23            15            8             2019          5 
-64.6748       0             16            8             2019          6 
-56.30947      1             16            8             2019          6 
-93.47031      2             16            8             2019          6 
-89.78848      3             16            8             2019          6 
-107.6272      4             16            8             2019          6 
-126.465       5             16            8             2019          6 
-139.6969      6             16            8             2019          6 
-161.1492      7             16            8             2019          6 
-195.4222      8             16            8             2019          6 
-183.7003      9             16            8             2019          6 
-191.7447      10            16            8             2019          6 
-197.2314      11            16            8             2019          6 
-162.1         12            16            8             2019          6 
-136.0623      13            16            8             2019          6 
-111.1314      14            16            8             2019          6 
-58.23833      15            16            8             2019          6 
-13.22412      16            16            8             2019          6 
 23.4626       17            16            8             2019          6 
 41.49141      18            16            8             2019          6 
 34.40757      19            16            8             2019          6 
 11.37622      20            16            8             2019          6 
-34.69355      21            16            8             2019          6 
-87.17871      22            16            8             2019          6 
-102.2918      23            16            8             2019          6 
-139.7547      0             17            8             2019          7 
-144.5053      1             17            8             2019          7 
-143.6806      2             17            8             2019          7 
-139.7408      3             17            8             2019          7 
-143.8462      4             17            8             2019          7 
-140.4097      5             17            8             2019          7 
-140.6321      6             17            8             2019          7 
-141.686       7             17            8             2019          7 
-146.7449      8             17            8             2019          7 
-150.752       9             17            8             2019          7 
-155.1911      10            17            8             2019          7 
-170.556       11            17            8             2019          7 
-196.0561      12            17            8             2019          7 
-195.448       13            17            8             2019          7 
-208.6121      14            17            8             2019          7 
-145.2719      15            17            8             2019          7 
-118.6236      16            17            8             2019          7 
-35.40996      17            17            8             2019          7 
-26.24014      18            17            8             2019          7 
-7.260449      19            17            8             2019          7 
-47.44053      20            17            8             2019          7 
-66.97823      21            17            8             2019          7 
-146.0412      22            17            8             2019          7 
-159.0225      23            17            8             2019          7 
-190.9411      0             18            8             2019          1 
-177.693       1             18            8             2019          1 
-77.59375      2             18            8             2019          1 
-67.84483      3             18            8             2019          1 
 30.24004      4             18            8             2019          1 
 3.999512      5             18            8             2019          1 
-4.339551      6             18            8             2019          1 
-103.294       7             18            8             2019          1 
-63.16436      8             18            8             2019          1 
-144.3592      9             18            8             2019          1 
-65.99219      10            18            8             2019          1 
-62.80166      11            18            8             2019          1 
-53.23476      12            18            8             2019          1 
-31.73955      13            18            8             2019          1 
-44.29492      14            18            8             2019          1 
-38.69912      15            18            8             2019          1 
-37.66982      16            18            8             2019          1 
-41.81885      17            18            8             2019          1 
-37.84414      18            18            8             2019          1 
-29.98057      19            18            8             2019          1 
-10.8584       20            18            8             2019          1 
-17.50791      21            18            8             2019          1 
 1.073926      22            18            8             2019          1 
-36.7751       23            18            8             2019          1 
-13.74717      0             19            8             2019          2 
-49.88154      1             19            8             2019          2 
-27.14023      2             19            8             2019          2 
-27.26123      3             19            8             2019          2 
-19.93135      4             19            8             2019          2 
-41.43691      5             19            8             2019          2 
-27.39238      6             19            8             2019          2 
-62.03037      7             19            8             2019          2 
-52.79873      8             19            8             2019          2 
-97.0416       9             19            8             2019          2 
-75.84121      10            19            8             2019          2 
-99.71934      11            19            8             2019          2 
-52.91284      12            19            8             2019          2 
-21.75405      13            19            8             2019          2 
 31.18145      14            19            8             2019          2 
 29.19687      15            19            8             2019          2 
 36.39893      16            19            8             2019          2 
-7.673291      17            19            8             2019          2 
-53.93608      18            19            8             2019          2 
-58.74599      19            19            8             2019          2 
-81.10361      20            19            8             2019          2 
-65.56348      21            19            8             2019          2 
-53.77851      22            19            8             2019          2 
-50.49434      23            19            8             2019          2 
-44.27783      0             20            8             2019          3 
-30.77344      1             20            8             2019          3 
-35.3499       2             20            8             2019          3 
-23.00703      3             20            8             2019          3 
-30.36494      4             20            8             2019          3 
-40.2168       5             20            8             2019          3 
-43.1041       6             20            8             2019          3 
-158.575       7             20            8             2019          3 
-162.8887      8             20            8             2019          3 
-265.6452      9             20            8             2019          3 
-260.3722      10            20            8             2019          3 
-263.7973      11            20            8             2019          3 
-138.5967      12            20            8             2019          3 
-158.641       13            20            8             2019          3 
-44.09356      14            20            8             2019          3 
-56.875        15            20            8             2019          3 
-58.73828      16            20            8             2019          3 
-55.19736      17            20            8             2019          3 
-41.0415       18            20            8             2019          3 
-36.03906      19            20            8             2019          3 
-27.30635      20            20            8             2019          3 
-65.05782      21            20            8             2019          3 
-82.217        22            20            8             2019          3 
-129.431       23            20            8             2019          3 
-144.0163      0             21            8             2019          4 
-140.7923      1             21            8             2019          4 
-104.4569      2             21            8             2019          4 
-99.90371      3             21            8             2019          4 
-82.5208       4             21            8             2019          4 
-93.42598      5             21            8             2019          4 
-99.64785      6             21            8             2019          4 
-124.0727      7             21            8             2019          4 
-101.9998      8             21            8             2019          4 
-157.3394      9             21            8             2019          4 
-22.54141      10            21            8             2019          4 
-80.31274      11            21            8             2019          4 
 64.89072      12            21            8             2019          4 
 43.7564       13            21            8             2019          4 
 131.9577      14            21            8             2019          4 
 56.24492      15            21            8             2019          4 
 125.3694      16            21            8             2019          4 
 59.82256      17            21            8             2019          4 
 59.92622      18            21            8             2019          4 
 52.48413      19            21            8             2019          4 
-12.31074      20            21            8             2019          4 
-19.84434      21            21            8             2019          4 
-101.2107      22            21            8             2019          4 
-105.8147      23            21            8             2019          4 
-119.6933      0             22            8             2019          5 
-114.1594      1             22            8             2019          5 
-130.0882      2             22            8             2019          5 
-137.8661      3             22            8             2019          5 
-152.4968      4             22            8             2019          5 
-185.4369      5             22            8             2019          5 
-150.9206      6             22            8             2019          5 
-115.5529      7             22            8             2019          5 
-47.79258      8             22            8             2019          5 
-6.707227      9             22            8             2019          5 
 35.30293      10            22            8             2019          5 
 1.460596      11            22            8             2019          5 
-23.50464      12            22            8             2019          5 
-24.6124       13            22            8             2019          5 
-104.7865      14            22            8             2019          5 
-35.6043       15            22            8             2019          5 
-74.74292      16            22            8             2019          5 
-24.54233      17            22            8             2019          5 
-37.72559      18            22            8             2019          5 
 20.85713      19            22            8             2019          5 
-30.78555      20            22            8             2019          5 
-3.380566      21            22            8             2019          5 
-61.44336      22            22            8             2019          5 
-95.10088      23            22            8             2019          5 
-116.7709      0             23            8             2019          6 
-135.7401      1             23            8             2019          6 
-122.3048      2             23            8             2019          6 
-145.6826      3             23            8             2019          6 
-141.2792      4             23            8             2019          6 
-164.4786      5             23            8             2019          6 
-166.4506      6             23            8             2019          6 
-163.2671      7             23            8             2019          6 
-121.5837      8             23            8             2019          6 
-122.6448      9             23            8             2019          6 
-89.21065      10            23            8             2019          6 
-103.6757      11            23            8             2019          6 
-120.3734      12            23            8             2019          6 
-122.3221      13            23            8             2019          6 
-121.909       14            23            8             2019          6 
-101.2942      15            23            8             2019          6 
-80.19893      16            23            8             2019          6 
-60.21397      17            23            8             2019          6 
-68.0249       18            23            8             2019          6 
-66.5623       19            23            8             2019          6 
-123.0566      20            23            8             2019          6 
-126.034       21            23            8             2019          6 
-163.83        22            23            8             2019          6 
-155.7561      23            23            8             2019          6 
-145.9914      0             24            8             2019          7 
-104.5452      1             24            8             2019          7 
-117.4454      2             24            8             2019          7 
-59.25352      3             24            8             2019          7 
-118.0278      4             24            8             2019          7 
-103.7408      5             24            8             2019          7 
-142.3522      6             24            8             2019          7 
-104.8221      7             24            8             2019          7 
-143.9657      8             24            8             2019          7 
-75.84795      9             24            8             2019          7 
-126.1251      10            24            8             2019          7 
-110.4269      11            24            8             2019          7 
-159.1812      12            24            8             2019          7 
-144.2142      13            24            8             2019          7 
-164.5442      14            24            8             2019          7 
-123.3041      15            24            8             2019          7 
-133.1485      16            24            8             2019          7 
-102.1684      17            24            8             2019          7 
-137.0582      18            24            8             2019          7 
-107.5259      19            24            8             2019          7 
-123.1631      20            24            8             2019          7 
-74.7627       21            24            8             2019          7 
-87.10195      22            24            8             2019          7 
-59.78564      23            24            8             2019          7 
-92.87285      0             25            8             2019          1 
-95.95693      1             25            8             2019          1 
-124.7743      2             25            8             2019          1 
-118.0672      3             25            8             2019          1 
-127.256       4             25            8             2019          1 
-125.0959      5             25            8             2019          1 
-155.0885      6             25            8             2019          1 
-117.8605      7             25            8             2019          1 
-156.2006      8             25            8             2019          1 
-99.46611      9             25            8             2019          1 
-102.1805      10            25            8             2019          1 
-91.5085       11            25            8             2019          1 
-108.5941      12            25            8             2019          1 
-83.9479       13            25            8             2019          1 
-107.0207      14            25            8             2019          1 
-84.84463      15            25            8             2019          1 
-45.23232      16            25            8             2019          1 
-56.25068      17            25            8             2019          1 
-37.09785      18            25            8             2019          1 
-50.08979      19            25            8             2019          1 
-80.74033      20            25            8             2019          1 
-84.92812      21            25            8             2019          1 
-96.77705      22            25            8             2019          1 
-126.3051      23            25            8             2019          1 
-125.0889      0             26            8             2019          2 
-138.1593      1             26            8             2019          2 
-140.6389      2             26            8             2019          2 
-136.1205      3             26            8             2019          2 
-129.287       4             26            8             2019          2 
-148.1066      5             26            8             2019          2 
-165.8446      6             26            8             2019          2 
-146.0969      7             26            8             2019          2 
-159.1456      8             26            8             2019          2 
-121.1175      9             26            8             2019          2 
-110.9013      10            26            8             2019          2 
-81.14619      11            26            8             2019          2 
-108.8067      12            26            8             2019          2 
-78.04922      13            26            8             2019          2 
-108.6204      14            26            8             2019          2 
-83.04502      15            26            8             2019          2 
-38.42549      16            26            8             2019          2 
-23.24541      17            26            8             2019          2 
 11.12549      18            26            8             2019          2 
 29.84053      19            26            8             2019          2 
 17.33008      20            26            8             2019          2 
-1.211035      21            26            8             2019          2 
 5.14961       22            26            8             2019          2 
-29.89219      23            26            8             2019          2 
-19.81016      0             27            8             2019          3 
-17.46982      1             27            8             2019          3 
-18.62861      2             27            8             2019          3 
-57.39248      3             27            8             2019          3 
-69.91797      4             27            8             2019          3 
-124.3744      5             27            8             2019          3 
-131.7747      6             27            8             2019          3 
-137.8218      7             27            8             2019          3 
-114.5917      8             27            8             2019          3 
-107.6066      9             27            8             2019          3 
-77.37978      10            27            8             2019          3 
-89.57227      11            27            8             2019          3 
-88.94131      12            27            8             2019          3 
-91.50952      13            27            8             2019          3 
-92.36265      14            27            8             2019          3 
-87.87569      15            27            8             2019          3 
-77.0625       16            27            8             2019          3 
-85.65654      17            27            8             2019          3 
-58.37559      18            27            8             2019          3 
-60.96709      19            27            8             2019          3 
-22.13272      20            27            8             2019          3 
-17.24297      21            27            8             2019          3 
 7.63125       22            27            8             2019          3 
-11.87354      23            27            8             2019          3 
 .4119141      0             28            8             2019          4 
-24.65351      1             28            8             2019          4 
-20.66455      2             28            8             2019          4 
-37.15899      3             28            8             2019          4 
-29.21152      4             28            8             2019          4 
-60.06855      5             28            8             2019          4 
-59.89141      6             28            8             2019          4 
-77.31553      7             28            8             2019          4 
-83.5461       8             28            8             2019          4 
-96.16943      9             28            8             2019          4 
-81.11739      10            28            8             2019          4 
-91.63184      11            28            8             2019          4 
-72.86806      12            28            8             2019          4 
-54.92617      13            28            8             2019          4 
-44.23672      14            28            8             2019          4 
-23.41836      15            28            8             2019          4 
-17.51582      16            28            8             2019          4 
-17.50059      17            28            8             2019          4 
-25.83691      18            28            8             2019          4 
-28.90351      19            28            8             2019          4 
-38.08945      20            28            8             2019          4 
-37.62891      21            28            8             2019          4 
-72.77519      22            28            8             2019          4 
-76.77373      23            28            8             2019          4 
-120.4092      0             29            8             2019          5 
-110.0984      1             29            8             2019          5 
-118.9518      2             29            8             2019          5 
-64.20488      3             29            8             2019          5 
-56.5335       4             29            8             2019          5 
-9.771192      5             29            8             2019          5 
-20.40762      6             29            8             2019          5 
-24.67363      7             29            8             2019          5 
-45.49395      8             29            8             2019          5 
-52.35332      9             29            8             2019          5 
-71.17012      10            29            8             2019          5 
-65.04024      11            29            8             2019          5 
-114.2629      12            29            8             2019          5 
-100.9966      13            29            8             2019          5 
-152.4181      14            29            8             2019          5 
-122.3073      15            29            8             2019          5 
-135.331       16            29            8             2019          5 
-72.31856      17            29            8             2019          5 
-101.8078      18            29            8             2019          5 
-56.51728      19            29            8             2019          5 
-129.3999      20            29            8             2019          5 
-104.5746      21            29            8             2019          5 
-144.7576      22            29            8             2019          5 
-105.2754      23            29            8             2019          5 
-91.5791       0             30            8             2019          6 
-61.00898      1             30            8             2019          6 
-92.29678      2             30            8             2019          6 
-49.20098      3             30            8             2019          6 
-88.82217      4             30            8             2019          6 
-68.36104      5             30            8             2019          6 
-42.5625       6             30            8             2019          6 
-32.36816      7             30            8             2019          6 
-48.44639      8             30            8             2019          6 
-39.76377      9             30            8             2019          6 
-76.44991      10            30            8             2019          6 
-92.34922      11            30            8             2019          6 
-92.96953      12            30            8             2019          6 
-104.1423      13            30            8             2019          6 
-104.9127      14            30            8             2019          6 
-90.17168      15            30            8             2019          6 
-39.13096      16            30            8             2019          6 
-22.68682      17            30            8             2019          6 
 35.06367      18            30            8             2019          6 
 31.69824      19            30            8             2019          6 
 48.25117      20            30            8             2019          6 
 4.69043       21            30            8             2019          6 
 26.26826      22            30            8             2019          6 
-12.12041      23            30            8             2019          6 
 9.069239      0             31            8             2019          7 
-17.45361      1             31            8             2019          7 
-5.03457       2             31            8             2019          7 
-76.96582      3             31            8             2019          7 
-41.11895      4             31            8             2019          7 
-87.479        5             31            8             2019          7 
-117.2534      6             31            8             2019          7 
-138.7911      7             31            8             2019          7 
-184.5467      8             31            8             2019          7 
-252.4904      9             31            8             2019          7 
-249.4993      10            31            8             2019          7 
-245.0875      11            31            8             2019          7 
-272.9295      12            31            8             2019          7 
-193.2768      13            31            8             2019          7 
-147.1978      14            31            8             2019          7 
-103.0759      15            31            8             2019          7 
-31.0794       16            31            8             2019          7 
 3.821094      17            31            8             2019          7 
-29.67129      18            31            8             2019          7 
-27.4541       19            31            8             2019          7 
-89.40078      20            31            8             2019          7 
-104.0073      21            31            8             2019          7 
-126.9847      22            31            8             2019          7 
-99.89287      23            31            8             2019          7 
