 41.757438     1             3             2020          1 
  -2.7210481639223172647708894401   -2.813273649595073337593173221   -3.0034002565004107771171210264   -2.2037276329069805479924319112   -2.4138549879425073923357079522   -.5445202361313450312732308912   -1.609271861937506798190061373   -1.7310865671404457332846905023   -.0689762863325091927335197145   -1.9315928817280408822016331558    1.9745481032624654798026641385    1.8664373039361274990098769948    5.2281009194098545988381758479    3.662226595415168909548521631    6.608173614482765920648675812    2.8822697407824685029766433467    3.1884666870606381550515623109    1.1642936523069255350388115286   -.8109146926111702542670362104   -1.3711839792470026537547634029   -2.2602995902191125806137819087   -.8869595878942573057283830488   -1.4189076925648551522725125042    .2145014500171203032140046523 
 799.2814477   2             3             2020          2 
   .1084920965568909701092765649    .1042772608320106764815129338    .1775242005282440387112215466    .1734270204805605673762218615    .1342350686466458816068927006    .0319676755584977654423793528    .0894893159422446582078974983   -.0005753458951453152814121048    .0854704437299051799322778151    .1021295692961446926875793166    .131951017133560824421972881    .0170326360497607731474936372    .0189928842258051074741591303   -.1154117617335508687048435792   -.0845953827585631823992603851   -.0954592781047981779647654895   -.0518417262395317323465007031   -.0543564349266704492282937797    .0063785316357218383613935094   -.0081604058479887572148385798    .0423096020773559611297356026    .0708359616789839322076885984    .0594570912871195871746742659    .0564299598467960286675374062 
 931.9157234   3             3             2020          3 
   .0467756996748189000456132877   -.0118813962700438755146772535   -.0101181853286026443279130534   -.0112779618758388683712169246    .0283405884639889959388574471    .0435410187650451225340920136    .1006353339096370911172459782    .1133163625727060031274068318    .1236329606926771593088886389    .0821420414720733104437284785    .0279304870026619404928048669   -.0098823024107804210056104307   -.0005421355035804517685638611    .0169513397009393135001589351    .0267676779923724162802337798    .0947248852910597859754922126    .0160940411492149312522265788    .0032199982516144334860140852    .0332875057487199383806426288    .0406457247676909407535810228    .0184561860779094565923921184    .1165431565032010275447617799    .0560797062306546334638225077    .0546172671218608607500183315 
 1620.251188   4             3             2020          4 
   .0226194063435551697925988498    .0441169310841449603677130586    .0553575647185391849254425605    .0728577771609077196985829335    .0697268428727114131886073951    .0431189747104817429086186851    .0154905240532371083192811706   -.0278351902063225026316104759   -.007354668268880787884353645   -.0346714512021700180972186394   -.0341071868419453984069536754   -.0375443946287666600988784462   -.0333932605022721945999893937   -.0342228602643061293036990509   -.0044921689018999194833486522    .0419318069341233527304162668    .0670689216615467156812231265    .0955218555902086460929661728    .1012776297992135772468879683    .1300211976761716776473056349    .1069573046966344825787592633    .1367099136482780964947516521    .1126608647794430748474785257    .0981836650873666879854187152 
 2044.19668    5             3             2020          5 
   .016463660434083084412405953    .0053589706446446239214124934   -.046450378737529306622296246   -.0374500510391201692001573939   -.032125866675412074341104986    .0253806448800220143200702195    .0461495906548483387616107468    .0904960377883012705020145126    .0992550775495829491318809891    .1070742371032517282045483021    .071858007322465664116037993    .0705606272680180656589267135    .0462708852457386830312237862    .0400916510636344444116796041    .0461994537629324395537126105    .049547825310038171082442028    .0353926609449341244405112721    .0658330489021242319990461975    .0151986060362841407217235085    .0627434244732263237997236156    .0257739680899980720054784552    .0672878991272014002096901948    .0324702073187986979804702549    .0966198125319330818989491755 
 1254.999478   6             3             2020          6 
   .0793318417619294021730262425    .1657783956464721334330307984    .0901885634091076490471655798    .0668996931646532525490022554    .0087780913005288118534181574   -.0005555125816554323698292407   -.0291014941760796493335274519    .0472102427440212847642315912    .0615347427260045442026869114    .0986605191241362412741975658    .050792730289884630533686963    .0812536592943507184470717366   -.0347634327860652703793395522    .0343480222547152326385270417   -.0221800968749088196831903383    .0430784880374268968421037064    .014790547984594460524548521    .0575782231520577572702384821    .0208438333709012108449657857    .0279539399139096693711931568    .0312668974671876317704731348    .0070871232665166096587013879    .0722339105227898748177806015    .0269910709875211597498369637 
 2022.281514   7             3             2020          7 
   .064775254628569976632837875    .0406973358705191625462289619    .0554547916418327107350495219    .0416980966379935963752275095    .0495185261333501958718888828    .0304179806689366790107541872    .0446183972781941772721955466    .0656778490435234231192205815    .0447650781423302868603485637    .1071187164103207047364623242    .0872510571740310137651784914    .1126284339856750527562801031    .0653834291045198171158281181    .082486191385914038474467309    .013524086439332402461945266    .0379695900241513061667634865    .0078505291622816070502833069    .036336276374625456819559297    .0120515763167877130681223247    .0317985500805997082362688304    .0029892559261163280356228386   -.0039593562738763184876742141   -.0201958776348681986715722903   -.0108557685208608399512868217 
 614.276362    8             3             2020          1 
  -.078633629727721803496648305    .0452695427013680204090288599   -.0568446259047161577088326899    .0480828041369431695631485165   -.0186181183380779350256033456    .0353031816646722928921689485    .0135323016059667293530008892    .0638255717220647341139263959   -.0068338166006133897107373961    .0222527527438863095956148806   -.1244434992600285016339274341    .0361313593896683265178287945   -.0036647739344396260522230546    .1745920999642828515677117981    .263763527335600128464653504    .3997718538288797119626100801    .2449570084547710465212398976    .3027826097596117494750677058    .1421913741163948613734871341   -.0091126817606567774782777658   -.0295807247748204903251673552   -.1447554317579291778119894511   -.1318284489026129903400059532   -.188140236462493082226074654 
 423.940965    9             3             2020          2 
  -.1306493700131101980201417903   -.1707391027899368016959625499   -.083705593301180507526560921   -.0706443171869460645304706517   -.0711091696458255691331928727   -.1404718225331208556361143349   -.057081107979267820933511344   -.1881645242752136491457012181   -.0333801900932126245454953852   -.0047513337145892471136871616    .1759960139733134777385808894    .3491644172673900480459584744    .3126807997901311565868610975    .3618845845670988648148215637    .2257750911143960810675609044    .1577785954230679264505613417   -.0082400859751781713286424208    .0354796097612317318756869839   -.0963924304885233254115935694   -.0321651624301039178886616914    .0257422162540956616447764136    .0470807769190222039523828512    .2152654910336395540355483222    .1806466143228220466969970689 
 2059.65487    10            3             2020          3 
   .0548456936379831442342570724    .0419833396650575734564694327    .0293751350681388673627635488    .0220014676536559739253790612    .0256443255466387919642090327    .023777328286073481815912197    .026523142685551002047250761    .0335308458741925048831118002    .0420177629080157492599718903    .0282168342116463424767859287    .0353565400983903677027209903    .0465146133924855089920963312    .0456137537256423936695763014    .0768909890228356559562816464    .0969732370744230561307584508    .1015525965279804378099521111    .06888328819866796421091656    .0696391429890387412333795516    .0284144935408523079403104074    .0154487484594931188641328049    .0221629607294352184354070932    .0308194061658495241001226579    .0072691062070996389798063595    .0265452483308526345484280092 
 963.934781    11            3             2020          4 
   .0238681811814403240212576166    .0122991412216715105749462525   -.0243818258903555426329201    .0060796146331812878116284093   -.0671536511348271393062224196   -.0183500277701879085946168385   -.0153370749675231399291110339    .0159843490490255481298998796    .0426939672799294914123448358    .0592544133958374098755546409    .1053581653051691263747438116    .0781876963935384752964941515    .1681539074996817652956958714    .1510876076583857596066968767    .1917475161631292978523616527    .1469997792309145861186639763    .1299308858531581505408922474    .0079218357408767471375223673   -.0172786274842384798230452066   -.050026382438419347791953987   -.0607012125232153024676469268   -.0073892488790691327902193416    .0537097125453760341074361544    .0673412779365204791795971101 
 2054.53968    12            3             2020          5 
   .0448138241846952306124357744    .0441632064268527537029608501    .0265687835242977638669894173    .027134793522216129697723823    .0239352301046821349296110942    .0789423059475784862913915588    .0542241170051288568931411439    .1119710669204500348223987575    .1011974614187057219551972829    .1003459811494125048974473932    .0285679515325788207702077577    .0881818938634468232806289728    .0241536829310592823400714266    .0772593985626989691432973443    .1040534782954398816965170514    .0993112968253793959335942346    .0554910187959961912246932121    .028080299719497264710896214   -.021832666673052525322849934   -.0547448662563674603743842027   -.0446165829223604968291486101   -.0299763497388378500433732193    .0135602929800800926852870517    .0192143818804219931152656054 
 1774.9478138                13            3             2020          6 
   .0626271933945013657054484381    .0699187317143194308826388324    .0402509918570767615657996761    .0314788071883536297803912369    .0303343791751991621287406664    .0003785597496308767249909553   -.0211581938961905945811870044    .0323798308621573739251533143   -.0142746281344218301771909819    .0222226758969064175423589572    .0142258774053427891266827735    .0512327457139799317743749656    .0090945378080951891927674657    .0809741553427974931259356443    .0651521126992584484739401413    .0916248910168380748817709268    .0958766216543960454326231865    .1073496913647681690504922269    .0796982868454856202150274172    .0592987011683824864462615109    .0389986677139566501884721497    .0167212240096565705575901028    .0087724325633353446371618613    .0268217068861745933997555371 
 791.960815    14            3             2020          7 
   .0384814241093481373822769249    .0883440678816918486049085648    .0755596474807910792909621419    .0747863137647788798742523644   -.0405046302701226448937375772   -.0245419086801662024149515529   -.1274994899842361518858732929   -.0496724323412390043565476153   -.0318170413519764863618915287    .0850088523634846756906779536    .0782483537395723297244195093    .1299869867930271272322987344    .0605964829206859180273963428    .0516073386787451093776653584   -.0031485838096674012842415695    .0667913601255637881528267279    .0685572176951709410016706445    .1511142947141898680934106569    .121163684089597286451603038    .1417138296166837496877923184    .0783576015689614643370960216    .0317412042665267472861015226   -.0178942312947642491630094098   -.0469803420766468098551062782 
 2343.425      15            3             2020          1 
  -.0255282887227028814662299839   -.0285762335043792739259844032   -.0130483074986398113871790222   -.017122122534324759700011735    .0170006891622304959621067455    .0247221353360999391915678974    .0439192207986174082806149119    .0438828637571076522611135411    .0446083830291133703873603806    .0510994377887067006624918655    .0497813243436423184014850059    .0576977287517202385397441779    .0855123590471212008065118363    .0931499834643737264900732902    .1078022979186447187343311606    .1251502394998773163211965393    .1168068532169794211463989673    .0865708524915454943085441181    .0560814619627254979357137523    .0185920351622091596701409262   -.0267091415342927552620630061   -.0306265188772843167585905246   -.0094315371731546774486062067    .1286642841140638168492697654 
 4081.3905244                16            3             2020          2 
   .0856816562662571952140635494    .1695555217916161828388058282    .1616248423316401229208479318    .1420889024299514542186503637    .0756674467081045786533408849    .064352185469586082131102034    .0001798368461954279926979682    .0131317867475764456645681725    .0223859906210351175283872328    .0395161891604846398510935887    .0356579697850390785309679345    .03524948155289542868033616    .0331046488181531683471754767    .02520738934070133697985708    .0218507980225956149622700878    .0329367893604746567632816255    .0341882010961234641121910476    .0189136862886572736808111163    .0299424667326990180729199911   -.0028453023376652204588040818   -.0076064688773108477107533121   -.0192713021529746363322546258   -.0044826536178352087909306658   -.0070300623840003738506253881 
 156.114942    17            3             2020          3 
   .447825871786186872490398773    .3058843656361861890196263212    1.0367265165431762451027909936    .4021876394125041535101745738    1.2744110041689667347793012664    .7406286580819406767611008048    1.1211252283589869315648210022    .4905565669684584067551970778    .8302837533642359486640298659   -.1246483504442515182179038314    .1581560975758489536510861337   -.1074547367797760191333895509   -.0639227537873985182020565334    .018952631709013478030821675    .1056982104890382625898807303    .1952419134870510985425085063    .1028420457024542852534897012   -.3492950085456906488810020504   -.7380485078744096128863821376   -1.0830103629670502647978436299   -1.4073649657442783407625389247   -1.1676921995077191265907141675   -.7539656261730539540539303406   -.4351179914604202331894662588 
 2268.374754   18            3             2020          4 
  -.0121417724083875075608428324    .0038705606225416490418231837   -.0131997545587213848880633416   -.0196128351021138194169833368   -.0007262305300722809931255301   -.0015704217275907841460661927    .0254721226720194753146154967    .0369494017036657603358250036    .0527167302444770552229484035    .0420970564196289763503513229    .0497829998331924655162160212    .0240106666255023926262582624    .029966926708266477206614159    .035969964775934902685837245    .0443490652603163295477234006    .0587535193490343350911760324    .0748550034338814546690198263    .0889046219741167159895132566    .089280970722706253501179638    .101812542038192689213821148    .0847510754830063674743225431    .0793439883258372747698108088    .0687124117058481422333798377    .055651386428717060214645644 
 1244.86535    19            3             2020          5 
   .0767390545491526453041688404    .0545615475601437536999483518    .052173337461758414273479457   -.0469653203858553858857104505   -.0505995849269963213290497643   -.1338829938515036987735259882   -.0925800529350423320883660229   -.0993951675175150469084869299    .0145209198729806400346832692    .053925984846473556356918441    .1224779852696518543150068399    .1483134702078421573867406624    .1325978749428602860542306845    .1028447775496361915768641163    .099079069073615070095733647    .1220797895933082240581280538    .1320368504111709752384063064    .140789363283346267128408707    .1324959362070765324137265127    .069337338371575688888762146    .0396278199887240816848183621   -.0183389633264352646653712387   -.020767217916379470277648904   -.0310718183295888185818650989 
 2006.520831   20            3             2020          6 
  -.0026704681642051689220663765   -.0059760007545119774537740645   -.007719217144773315338683369   -.0124427315252726623698829668    .0113926402591132631007307992    .0087541727594454263604901493    .0315523013874955380415883656    .0377924509072789187504826856    .0464917525693008865652788232    .0317289952919506969225180199    .051726898817329048701014956    .0025373327410025777100940548    .0141342863536909874223977095    .0149371885588961523220787335    .0436963517375015978590655359    .0707580991966287739975125132    .1359912619815707260903089025    .1323658822259194377633650393    .1399112810905076519487177953    .1061302213811903356212901435    .0637754156463078354156394004    .0277534571979731417998919344    .0297513133567861773172889626    .027627114128873950374652253 
 2523.69244    21            3             2020          7 
   .0378536062817543646483325044    .0443748605119251377556926073    .0348089444686849400713820738    .0489716171594982469416915161    .0344521101786872254528765003    .0416027715326515777810072609    .0277377341590800184827593334    .042029130934829760792880134    .0089117951314225912568014825    .0383028250463039783088623905    .0200618859879772037514999252    .0489197487154972021868084686    .0473016434601674362506708623    .0645087322922756784103216634    .051531318927277842144663238    .0356966833882499564804338836    .0505418560432823581307712758    .0318992158965297688968787338    .0504575747748406299461752162    .0491150181517364294993093532    .0563864271828622666872988691    .0401350411779971096636482376    .0513855008417745230476658241    .0430139577546937534115686458 
 1782.441232   22            3             2020          1 
   .0495426600409791238491727171    .0642757797245570001491078613    .039204753988769936623638428    .0791243478146829583663939839    .0615390836066566036439175011    .0981657049100399176582782282    .0944731848528064121891902016    .0924850688148802877333798122    .054525965992689738227509764    .0481930222763159240023684551   -.0054926927318745956837246234   -.014238780804864146006245439   -.0455727170925318899938912544   -.0242815859636711994552872866   -.0040912950559483018063397223    .0432647307611205439170406264    .0809565540840226703193769027    .113339837731042792663584434    .0865321095758853046999083334    .0560563165877213055852379429    .0206689058458674613963373576   -.0028565323268958131911077784   -.0051130280406350025457669619    .0192986054083829676579205165 
 1386.764692   23            3             2020          2 
   .0293378972183984620802560785    .0317585241779432324918177251    .0151582313288374376927098747    .0208329720007033464333399685    .0106285587490282021111624899    .0552510173081331955342283837    .071885144303919154007419739    .1097090954778938083895202028    .0766307367162186156957621762    .0415938337143645707991532856    .0145896705596251220390892387   -.0181772943495160749304684489    .0025355145110660201319864582    .0502598533133117871449239349    .0995098164786560631585506217    .1064020456038550482506804406    .1458935327436213670199212139    .1075473011826580309271387189    .0584454237027834567913847636    .0499094694285741160188119355   -.007516156172802242069197418   -.0206107280960395262212228288   -.0401388860858017864792882973   -.0114355738154314070176802569 
 1301.46429    24            3             2020          3 
  -.027915971478556664816366187   -.0207438346233840960784256324    .0337625245176723212282681994   -.031339699685498093843204872    .0260706961079969393551320567   -.0094876594731615724930877665    .0323644608028392388699347256   -.0227882625961254764815713845    .0570227631831527240751261796   -.0099596739607815132599604404    .0117123152107385136168430714    .0655866938923080248325522631    .0890815068003133608836858674    .1496522812777291031166133648    .1714101583225153261792530627    .2389464715931621911808275585    .1532682083808845803982835365    .1541915529622407081180844386    .0867760267167991217031394692    .0377546509555018217211322794   -.0511977013214861239104762529   -.0319339841433528690979296866   -.0490935559976063576819307121   -.0531399674439012076159231384 
 1750.419943   25            3             2020          4 
   .0215599463151226219775764975    .045601194341511224429645338    .0508254435490055428373281508    .0347597673594375861152994188    .0405379864893369762069718375    .0072189705393455974810040198    .0094051087945128605061831154   -.003050300598637546487323128   -.0154227790353734560941299787   -.0543610636867612516683946396   -.082275228053660263855894608   -.0590451453740092585313968855    .0327960100258067043743685226    .1878120740766720115002711666    .3223940644967845867373095851    .4167999815801915826321226963    .3084330146940059171846398462    .1967422168475602200105874822   -.0286893212116470955907064868   -.1277371758098165132708385738   -.1874412487769513489826595286   -.0936557542409124619988404691   -.0589843599605286261298040981    .0357765976390043906166807196 
 2737.9466     26            3             2020          5 
   .0201992580863337509942670175    .0155949170082426004948379928    .0044508647465951308181101852    .0250195675839696800514663069    .0195278132889808734764951223    .0469138441195310383336183401    .0539954650686028719479043163    .066732126915842697589500102    .0501519277256904864397282255    .0452524530609910361290464905    .0272404363182247601176735879    .0353424095269060397306507001    .0396036942429775657421514357    .0641646188424566059834768143    .0807619841818682658018238924    .0830599471881591846970280575    .060688510141140079211186953    .0597722395316256350653442255    .039621517819229929466118879    .0407707732502891035201343956    .0326065891862171453599569838    .0407390706597418664045529595    .0142885146116436310335636203    .0335014568947400215913633962 
 2613.2826716                27            3             2020          6 
   .0490040367204492046959777499    .0810226548781130332889014057    .1002219556446394185779286289    .1169299836258861450294552973    .0865232079396764481266458951    .0644800892881717449796294742    .0331310006915518246992840926    .0151927422285671118900783209    .0106136164684466428771309961    .0093971349777345686204028936    .0083692400510998742888537967    .0003292225557341808380894787    .0172655375135423601069272096    .0241748742631504923189037228    .0618464285384962639110165521    .0818850950666518780738545192    .1134708476899847362076695752    .0965854565765223053645261848    .0753832343285645502230712453    .0242028543974063980473072066   -.0042067894604257016189216444   -.0339510459255746438325711508   -.0232443817349498549363128146   -.0086269963234389817778486355 
-653.7519013   28            3             2020          7 
  -.0271199058308574283606446775   -.0161479300924520309307129506   -.0373055435120001845262702259    .0453709273212327099659633525    .0295933059032466327452040712    .0442349000324046935203919077    .0152164054593473042339892312    .0440952293105017391098178669    .0261507308292397313445488254    .0411993906961353261000451028    .0461563475991377587141558039    .0376529994804620845849920896    .0248338245253528565148969916    .0013057144435107128919029883    .0633266227106573464278198651    .0615175878189067379160523139    .1257339823204274021741954053    .080118604467299925541340831    .121001009469645423117639811   -.0167697103108983340558278542    .0776789480826248726658961382    .0080201128127870119281900129    .1160250698302634519619101871    .0881113766330242564145029126 
 1568.442133   29            3             2020          1 
  -.0679822976930957005858500487   -.0283873590636320912962875628   -.0312646982430941875239715969    .0096453223754350649033476328    .019912178679020477448497617    .0474280424090086592949234424    .0630241358097971983005891362    .0778587857534939097431145074    .0765145219418815497989430765    .0832417704504498923710053127    .0741291613848784563351181028    .0743911410852159248899748857    .0757639682713114159883385382    .0781151547909864775355406753    .0823785572202554443875042217    .0591359847128003669868259016    .0708938491644052257808098554    .0562903330269054943833238634    .0304653254300201842384452191    .0385567428517938187777565907    .049084520480680048143032128    .0043218763748933286275088862    .0335402938324406769809721759    .0229426889541483644905374395 
 1705.941515   30            3             2020          2 
   .0050385713252309238749020068    .0115929824241366211197457141    .0211254428613867222757633634    .0167343368743798933810459499    .0427216404309147725969960934    .0617277316215614812562903131    .0742262843635644801105622897    .0957961328469106398410147138    .0780504482886683251858138876    .0835917285241751092504481316    .0653160140721471333675820651    .0441441979914534174402807707    .0405220632666296300316016402    .0331398054991351799067976841    .0320445979650128861539546976    .0337124511563340434915202823    .0441457455239900179110184794    .0174141198504099948584696938    .0267761641289326381156742059    .0335208560769447011200732752   -.0025737828415530411662442015    .0331120964601180949629448463    .0671553502817474958981814802    .0409650210077688390155626173 
 2116.852582   31            3             2020          3 
   .0586446127876844283717816303    .0788633565792632035063460078    .0496048713514052345096178266    .0482717600974634142000918985    .0823229739670176050076972247    .0596426038702774438168221957    .0632233917175060043930824844    .0837921835031212390773841804    .0867042426858990410320410304    .0723285604779067227459866641    .0831800010530917546907383086    .061675763872346969128717533    .0375891361904954796705819924    .0044870800549681357074301927    .0025304279785695535032774427   -.0379024456791389359015837221   -.0095615680430976747156406378   -.007538418185419016580343052    .0235663647172195952188417436    .0519460830362158870447030496    .0499952150187093188901143802    .0517229687749697064167125833    .0092283988814862120616011796   -.0043175647079613217960021365 
