-635.571352    1             11            2020          1 
  -.0295939707490151318211082617    .0089930469364515976484729916   -.0247041814433448535924570747   -.0883158906130180644139542652   -.0918844435266490740130149856   -.139137690397348180035653967   -.1691517398663368326267795657   -.164499547802148262969536739   -.1627910063510855033000291681   -.135437476420428716868912619   -.1147543383925208762398718059   -.0364163833488832265680848372    .0113349964206693822159561402    .1276504356980520418421880035    .124410233015033692078682615    .260829251473247648833611997    .2055772331286574414386128593    .2333838671822325937686379546    .2119518124536236176988669559    .2207483071074606899525578365    .1722700364883658255257546599    .2176745373507646707147366831    .1818584170546440866013105009    .1800044946015754341300140916 
-2560.75115    2             11            2020          2 
   .0447664350360635394032723562    .0454104648161536508535786462    .0451365998605526351125528148    .0473310731501575231158248235    .0484500026486369048394257287    .0468430522817494390269042738    .0371721320910077498159085079    .0289126844676024064267236588    .0250508058934192024086370126    .0293960543569413216899268014    .0342283356975159417579486394    .0472381316708575919218077868    .0642382216639832417921593045    .0569470016639453622816883241    .0609422746915490011592887501    .0504804615630066201473735548    .0385360365844217232900588564    .0221648597131353431199279165    .033836489734662425124752946    .0230776231419441127655063242    .0351646820504210258775047314    .0447727613048226103500920033    .04623459800066867098741711    .0436692179167819567317191286 
-1431.306298   3             11            2020          3 
   .075128573213334662487455917    .0654920334878593540570028289    .0652477042338843953022276159    .0867397147441322863514710811    .089364869126007297146679641    .1106467568970342083969506854    .1002768591185225120835736028    .0976166318804250800550868533    .0630963897288740917703975617    .0665861179631307679748643152    .0319185348823218829992181031    .0395651022280347710731585141    .0198355306894625290050948969    .0187051856317619584735454018    .0028122184647859350088599973    .0023103964571530167332499224    .011282099451783450477069025    .0014672596654779758399414239    .0160001881022953481058461744    .0042791707187751087503424092    .0051375572162821573778892154   -.0037499890886388037118802645    .0081884709208482781370392601    .0220526242664517361049158187 
-2116.42935    4             11            2020          4 
   .0205371986548948586448208158    .0381642174826199608316715132    .0360995513504856658692623026    .0494369443515797019163432032    .0426452080717931831742930611    .0540428150838108534074147101    .0510204604750921640734192238    .0576374070790503826645571703    .0628479282807148747960804834    .0623372568519709859438492478    .0665395232777319025555944024    .0599475243527500693562012831    .0585522970563605158849266572    .0525655628429080328147972433    .0443053957837052297540666784    .0376674090254890861346257554    .0296278588274160911631659238    .0275355045515693684743126436    .0232502067692455691941713056    .0283667064057678088805563011    .0237476625430468538909649878    .0289346251978597820900565379    .0208097142481982684657061669    .0233810214359387900191423824 
-1063.2160043                5             11            2020          5 
   .0450137881732787230956846875    .0471747319426613713926014121    .0497115353665110362560406767    .0522987612819176220897298621    .0359821897387516592332770249    .0302232941096069240198513065    .0592774278651817318209268419    .0474832581486941411346473277    .0804256704697536690381439173    .0703778533217852540935458151    .0662998955197348885505296941    .0164504954113396240568610861    .017235171334788757186129953   -.00900473183368163488432169   -.0068622415111250785373453393    .0076346988449861504779457353    .0008009767503083098577093155   -.0027785040744800985686215935    .0010009339548087914349691848    .0150413367888766269580503906    .0424430405651296872601073957    .0801030549347986333730548416    .1084750413213846690776341994    .1451923215749885415828479549 
-2254.856253   6             11            2020          6 
   .0316074073037595093207034693    .0378489093867749981133719747   -.0064604473037332903544516991   -.0062139748293746333106050996   -.0228302358216889846237129512    .0191591902776606842085911008   -.0021796054597543340604249153    .0463550170264445677726313137    .0421419413648094755067297853    .0509261288151835016331748399    .0587178006685998710535096802    .0648120694193094534261648119    .0558004528371148455643926141    .0655455973316982880859501069    .0491908962500058756517105572    .047994500694231172349592788    .0475540291569974416457845927    .0528537461496442451934872852    .0527055770592397048912900258    .0612230601468855584737800135    .062000848086878024148708339    .0597328542876298376613189808    .0699632625317512867637332268    .0615509746199329008845691593 
-1573.62998    7             11            2020          7 
   .1040923228979153028083514271    .0758450852594966448211669175    .1081290406020353018439569892    .0755716410537628420119448919    .1097109880939101071269625913    .0837595887694005423053772781    .1046044509141850487622255392   -.0258233704978091482471629067   -.0079956725277946217064319021   -.1249777282458739124937108786   -.1088320012815210854078923941   -.1053763604580029671269989404    .0219263171384164910228769282    .0153444458398028232786973212    .1208894101013505093490910741    .1124700229719822699361637734    .1033283567716471695588819425    .0816032368676656757645148576    .0687870092561403793285636309    .0497319706631415347081783483    .0375606659451162718697059902    .0347938465178453196475069698    .0285077499603814106286917589    .0363489833868060902093387926 
-2372.17234    8             11            2020          1 
   .020333480492399637372046923    .0258974438594120020807594443    .0473109386310439822428753216    .0450750977055908172337933929    .0665608469239633744317244674    .0665291881786295510047132579    .0697573263163501855855886086    .0497296499123668223869434377    .0563152591181465339908650988    .030400708575836441967787214    .0322508355358363212345693231    .023497795274014534711251207    .0207093005729929386159186056    .0159788095328689314369123788    .0242844624012435791237663618    .0218141528452355194395361679    .0318271184293464951201648359    .034714294830703573586057411    .040185427674281034741345985    .0430402539808722329171075319    .0521290961515890536013922159    .0616805522654395337903653324    .0562237817847585222244012844    .0637541790070783811601141931 
-916.36659     9             11            2020          2 
   .1407396356517100868987377639    .1315170165686638575507210493    .1223462326360021484414878111    .1520129624106003253566894009    .1383342664206035708918632662    .1839903394993918318213674726    .1661565378545719350156578712    .1526815812872444422051659478    .0750127304401178571994860703    .0439718453724944293309514918   -.1550380617870409264920930825   -.1503909041467782015055786789   -.271955571841614173209872263   -.2146060344692400887291187689   -.2020844081624582144576004239   -.0459236079307518184398233026   -.0461021172760128672958275356    .0928888295676515225200429885    .0996328881872482932840229367    .1313648940431143392078491207    .144768918299389330638953129    .1438939409608986290082880477    .1227135528806217171230566143    .0440745335335719736355730734 
 486.266526    10            11            2020          3 
   .0148679471307058466944524987    .1490506052230294791050453677    .1803951440408217611919270791    .1937960459157741818321255369    .1422398958220702199846674208    .0914455296065351617479011911    .0715697012629654051078975566    .0162705359652907714235711138    .0696716886491997600509314104   -.0063662679507575234574135584    .0749004466739707269095467205   -.0093413442158261989845461828    .0520481642201297648030989491    .0437077381715557364933649576    .0839347308887143097322722148    .0809688882429879617088839054    .1075433475344753630028812635    .0573415987100045623950680907    .0528653292494988643326849112   -.0261484994753679590110218691   -.0799870398646358807762144828   -.1062487899897102931572139514   -.1048664822139124583706179273   -.1496589135975195627592922158 
 530.054037    11            11            2020          4 
  -.1129577850946544153950099997   -.1338194505629243985929683618   -.1657284236474931328558110765   -.1723687466227146195662311313   -.1112891439028885275710106515    .0229872223386160154837194458    .1126253284247696428732227541    .2567453325518205608912285296    .3027908265888747490097882228    .2389267719132568364911821245    .1399339026258562388800370555    .0848573482329689340711501835   -.0077959655271902023076186853    .0372559750922149848657788828    .0975144351178670487137521792    .1191561531301005825562649191    .1483356120538329189255849399    .161528983883580911204341983    .1156682823264677823781955273    .0865065951756914927524644058    .0375777913375273472353536664   -.0490227753892194202833700897   -.0963243866398474387999048482   -.1131038834065138909601399753 
-1021.39788    12            11            2020          5 
   .0369681401727601001090779628    .0249577569125167951200368656   -.0350399689492208462386861426   -.0555734460698116976706472114   -.0498441802131016759110563261   -.0278196093377440728582675343   -.0129743269097053539997557073    .0120901269150862149821575898    .0141892011759413481453476289    .0521226262972075093792048991    .0412109431830816018533345693    .1234835145731847416797066389    .1120200092837474853580075964    .1544179825397718663759121959    .0909911718242454155084010944    .103950969626057966754346504    .015951442938181935525458502    .032058212221862062216146366    .0198402115344120353960397881    .0547627629695099817516754587    .0677879123853282327157365942    .0728273882847691048663621663    .0880069772613978795413203716    .0636141813805213694001401295 
-921.13336     13            11            2020          6 
   .0625316078010680234184548478    .053293618635199576313249582    .0452247327140556498789708365    .0331914262664420274606057043    .048078716853768058080102538    .0491309423425941277384634077    .0617184030768356929337571706    .0968640523452543288628695415    .1190150142863135474759051176    .1443394689342268528847983532    .1515417919507333878343088128    .1463155128807841678863959503    .1023086819914979520446420484    .0859741416812870614087845    .0492033531387898056368298289    .0295247042187246372229966788   -.0256135658793206664450845641   -.0378331428578376533882129728   -.0949369698216119325001973656   -.1021033262762299695670559581   -.0848099671474280336562775232   -.0265815038986320069875658395    .0146215635920514267336925025    .0790007431714339387295668024 
-1915.8492     14            11            2020          7 
   .0513033854647850154385846235    .0506749957146940375056658948    .0548300983188029621538062599    .0551256330613077480210864195    .0597654554439879714958776505    .0619903174007641102441674428    .0659699103666405477007271762    .0637121648196528202741635406    .0643400848041693469402497858    .0608201835509809435940991598    .0606269533113566558370042903    .0556032802581748083304260064    .055613406316112980082148428    .0485209848457801376016442213    .039155999334394377177493928    .0144111394571138480001453142    .0086656872576401107143505867   -.0077342099785306693240783252   -.0054200925626087898776166725    .005643914980364842911435827    .0264633093251807083772564145    .0211345078725402813540856974    .0463030023448609629609679092    .0424798882918342424863084214 
 1140.758648   15            11            2020          1 
  -.084471180796167849871079829   -.0823945452132132335147548231   -.0986372535481317692364318592   -.0616692322458729236826263359   -.0454491316729426187966098154   -.0040933128214163667685822356    .0365844519988245576727812806    .1245598271370720303318708656    .1454881804235947374558058139    .2097299901424898073619512898    .2154989580232399868688087298    .2249718645130972524522996209    .1579944191665685272981599172    .1788680720130731807522532146    .1082276257264893423801596286    .1081544288235805686392657529    .0726838145346236288186350878    .058237910461144275278814279   -.0108104549736448721623015914   -.0263754827129743573944836752   -.0691352374477024345994701589   -.0789403263853231818760667419   -.0484900203009462523925569223   -.0305333648454620350158414929 
 609.87407     16            11            2020          2 
   .0204444665109306909867474772    .0661009903241172394819146845    .0693705833402623594080659963    .024834635123936323444608819    .0628912785224661215716221547    .0360428342198578798406694025    .1062039578105034044159313086    .152570087132905978442402052    .1665345437624524682611936592    .1453517936907860339102464219    .1100416845070983260527866023    .042978184004445376731625924    .0475556043889519683957050346    .0531619912943667206575941161    .1044233771079987053720778783    .1084202514135418152799970656    .1284098207356151410077165602    .0617958556591855102152482069   -.0052893378464180318405732515   -.045179753256274692905045135   -.1000183201755077076813578908   -.1117473481041750143599317151   -.1269383366307080410878921283   -.1179588435363385756013532433 
-1507.00347    17            11            2020          3 
   .0716113812266138975778204412    .0626380774027016673027302319    .0758228512904485880181815374    .0518812076789710378039142803    .048208900275458556177047157    .0223260998861535468130010344    .0187026510297285513217829552    .0171117057879103622767371597    .0365713690095219223350560699    .0380313523763817212710200329    .0593599628539674165448338351    .0594330549218974260225160596    .0565847668552481833369633847    .0540048192457048556099210574    .0501166596517524939740185203    .0337801411963570329403422011    .0394313292457116903652517801    .0347656133797754294487457285    .0103865653341859922857377362    .0275462603944767293734234069    .0150005029517284389530967702    .0194564250074354506960757031    .0327405616391845468013421363    .0644877413586844627504407803 
-2003.540456   18            11            2020          4 
   .0401117530516189387093663957    .0645262737834129364842733178    .065171032413632480201837262    .0503018542491562246747065436    .0530685565552662840764718753    .0419214444851719031122973241    .0472249710339764659087073608    .0392872126760788502890105854    .0663648191389453031339238403    .0598188569844381520190276607    .068591527357708618188241865    .0853137252547696995443150662    .0693297205873840363321318429    .0671997411366471553794269877    .0532861214158582480852086173    .0442216326277167023174899145   -.0068795566162503284136329913    .0029943573048569377128664279   -.024742734718205260937341412   -.0131698862985175478782545732    .0064944483456938989805953786    .0365887695356823880375889949    .0360197118974472058277220033    .0469556477975107082140197123 
-995.1735495   19            11            2020          5 
   .0686303610403584184087079175    .0299902564884236807180132956    .003642384789890358716773752   -.0002185352495645283426014128   -.0036623049334773341461282478    .04178604829368005625434883    .0596538362879790345553190368    .1072258201130977707923898152    .0770532436664204166531658808    .0896846083226813093669346967    .0218209477240532305767437401    .0225490217372382041992767011   -.0174176554518644790407987024    .0223619287421585555314239187    .0187911344804085350140226974    .050416382172946810218653224    .0236219702702216966428728419    .0325871603162017119105515374    .0022933929475383429089018407    .0394898658829356276013041281    .0469080393298777079283697341    .0857102663579183079965892924    .0784972229610087722694241483    .0985846037098677932657413339 
-1157.612856   20            11            2020          6 
   .0505170616384377818278134257    .0612150077918623253437676058    .0479818703741140898317736029    .0550310837252830232908194309    .0691246901632543721508220707    .0678943824722001877974997195    .0644549424388908134240692987    .0617476556428291774257904406    .0523024599167029292217881174    .0461767331996527170565562551   -.0019354717670827249347686927   -.0086172928611635944029287802   -.061116140541549065173823536   -.0708911010919180738607830389   -.085455694006217912977289879   -.0044084021471855526801440429   -.0034498191509372801920575768    .1005613399994928874563224443    .1203963823290504299651627228    .131983848665896295125457729    .1068505756124740204163731229    .1085458746840316707747412923    .0383375839081040751675964456    .0527524290037774079454418222 
-2605.53887    21            11            2020          7 
   .0165379340512390820713413498    .0193182188066916077133786916    .024856075165748726673189105    .0357031633920702169375043712    .0321753326980687108306313619    .043619959505727888066394496    .0408944580435293985846390386    .039603055317305628988755021    .0405645838628383233446062541    .0406842136267957499325273931    .0433373692099247016798486679    .0441859076928681551390557455    .0465496797597189559486402903    .0439056201836666516512186978    .0423005779222936712511987971    .0357036853570332650612116948    .0342734783304153892741580938    .0285270432369331722923020527    .0473490921284931742353933872    .0459607037065618598888912373    .0660992633742593139667879912    .0654744406096693541171389241    .0692001958120855053680316041    .0531759482060614969831557339 
-802.999937    22            11            2020          1 
   .0666460824392318725673822811    .0048033378612830451567021729   -.1214394491291224098813347728   -.156723175434072294329457712   -.190989056080087836918472884   -.1127349652581604125331332373   -.0831574660509593539357899103    .0200417325811072884305842729    .0845687363982943874128846912    .1021754501084101579450061651    .1298763489193150459736586505    .059396891334998946581486469    .0637806027623636040210548609    .0174875231652726767274951853   -.0021381608153227040664138931    .0189118072122588472880540214    .0661389466584727764430696338    .0431111615392318517703694415    .1313845682157257753309138803    .1068110793637584058739471607    .1865008863630832389467547368    .1716473360072007079123843069    .2396174534195511400145975354    .1542823284181652432682569438 
-1303.435545   23            11            2020          2 
   .1254915140433737365970021939    .0490212962544304405938231491    .0637165299953516305250061291    .0480628138769991883258024853    .0600024836671152772652060827    .0684824119937591543891800189    .0840936097074136489042885508    .1072518702871494884697194597    .1012528778321754298943872978   -.0073886392288005311378860702    .0088712787098344782365130299   -.1178505531702375049162864436   -.120088101479540363463081713   -.1167220738943405137842853595   -.0114648553642136558428748389   -.0349184278229883626504907076    .0927046223831497552109490769    .070798399164417447277763167    .0758719833745212157767264203    .0811302871136600774532353266    .0879622321485793146756635366    .0943259530336039746407253302    .0945792068299012054332153417    .0948132805446854681256985362 
-862.5749089   24            11            2020          3 
   .1422718174778570816830769977    .1438226393093266569048006771    .1432070406007146030491265545    .1553844177671744005907751718    .1440976299188987457457910761    .1438955605122865404971206438    .1207456870416277882993264517    .0898994617161881138970375631    .0566815583151493638351529379    .0362163444330162337741980661   -.0637022934855275616978939462   -.0639254393225024169260298316   -.1406270907586331253647250624   -.1407834829729302365984923678   -.1231276250957037315231834238   -.0358345804881086079085229464   -.0126512490537388502977819461    .0722095894018416885578388286    .0938528111178634818275085581    .0846593139291812293984986792    .0726437082199713866497328624    .055642251478432727223976408    .0249064629382706126150802066    .0005154669993438757675878416 
-596.011948    25            11            2020          4 
  -.0142403219071037817517040783   -.016789982203511128270200382   -.0432374218108795362605717428   -.0106188391377684260785993505   -.0196432639300043025311969082    .0410473314873882360492545025    .0216704045000118017768328362    .1173915224934383362395278693    .0757668703648202703480031578    .1163429696882519543047818229    .1002326382893250321216714937    .0985200719499670164330329834    .0683199055600140418661539986    .0838103165005678711662337346    .0447194390807749377534290638   -.005279311950974513014292794    .0212529128694581136148633047   -.0586391096978478693182170905   -.0258679042454363683326697337    .0017856319887063740540986605    .0243513071318496454034173154    .0739811511295407789375390173    .1364794116509892516450022576    .1686442701984222638436100613 
-1012.705469   26            11            2020          5 
   .1108339032777554793673183965    .1259734482583306756092970206    .1188664460545141975529313548    .074563861173341802106926313    .0748792342109885455748437357    .0222826583747816217234233185    .0125566715982650627909268257   -.0182876666186938504624585966    .0045891536505566160816299492   -.014335629108763112643958675    .0081131298798189861459116896   -.0119651669423343461770126967   -.0069616460222750115315117351   -.0324995776239853603476491149   -.0195685128663998554944112778   -.0138761865420517443655673592    .0257411071609409862878897912   -.0014492624409832233265050137    .0847017544841559456414864093    .051385216721881848551565391    .1045952680640653279616089444    .0971444442747449999206037664    .1327303980423156972207483951    .0699869529390287118119631681 
-583.979681    27            11            2020          6 
   .1664710659684750230205355381    .0956011002033476572278205686    .0855333012862137578379203916    .0579697052850028869411982161    .080031911247268207607380778    .0193019900635892158720501784    .0145456019727508293220907458    .0044441837352214314456601787   -.0094803435464049989780380732   -.0404636167469669205836632525   -.0576201212041827873117386767   -.0545021873800434505186148763   -.1862470622500990749368213035   -.1189397546864306054511509622   -.1816239561937772283553132733   -.1103839946787463654921240316   -.0566028769072874643390203845    .1171206845465570231030007361    .1395683491254895219547886975    .2886341862295034199999845543    .2717604827076166713410016743    .2208100798630355085933203899    .1562835197343107559250850031    .0977877516255569857746471833 
-1014.431906   28            11            2020          7 
   .0180054273647816436089107    .0284685840707380116650234777    .0225764685283863695825040424    .0331919272263110383675175926    .0396775177928995462806352228    .0467448132491999911524864834    .0537499162610131862315458363    .0583347779678373010479818248    .0634581578312462896844256001    .0554231384752994943753277413    .0464427821338655726390372426    .0556939797199162621763988563    .0367577062387862236659579199    .0450609151088747399867369708    .0358283387825540258588830308    .0296703404358419302320327452    .0041124268423789107437636134    .0093725492502401634831860267   -.0150649047113074536912288325   -.0060758873646862601736818794    .0348764464038850923129383511    .057685261725196565337525967    .1105678945393896157678620964    .1354414221273517396642293702 
-1491.682925   29            11            2020          1 
   .0724659364187600391014732571    .076716236461579125469978816    .0395701519476734641847562879    .0231834255259039048127469851    .0117919429827890535114893804    .0214682553934845101213449903    .0029254005170033035003065414    .028759858600647319201565574    .0110982902080212522376362255   -.0138179231353740943304020189    .0048490874828509550714338303   -.050757676937275393160379576   -.0269686401351010973059170735   -.0399161839303081115579572649   -.0069543465478764530337437495   -.000991434557045693876263952    .0569482820888360038042266925    .0759420102633406492871130773    .0918738142692087194066393165    .1350222601763709268174401071    .1231409818544379999523021959    .1360012215732777124870555182    .1077251722245194969969908317    .1199238772542764073001640077 
-2861.76964    30            11            2020          2 
   .0421494442858091121548134112    .0482952569166258958565232385    .0440405119400176458647454237    .042614855610810100005114318    .0326540398967961656061177587    .0305770907542369482960899676    .010774413694597724504478285    .013772380365318293054503157    .0040911084653200807595401005    .0452661521700957034403370077    .0341291900769483318720230745    .0795029749494442187177581491    .0625020258444002501892500334    .0731097280073178776192482076    .0406371282910108725592602205    .0632676010917496490038939682    .0378049296798046959503001786    .0600358594900741207108479912    .0598964003266174841382411199    .0613878201601160322603743885    .0439593034469399151218894055    .0376443996379806447314187036    .0191466878515071534548811553    .0127406970464610841283507362 
