 5615.9082     1             2             2018          5 
   2.92465964029689E-02    6.84078345761822E-02    8.73838400747786E-02    .108886020694636    .12899272746623    .164589499351675    .195886863250643    .23683251501261    .275477660225387    .306819225341971    .336580110574045    .360963554139605    .379273530865631    .405035135139629    .427855787978336    .459014614153927    .49789042733885    .547659889813659    .597539339090114    .668036270801889    .743580162098714    .822457218634957    .917405390124611    1.00000008750254 
 5182.12236    2             2             2018          6 
   .0924473539447648241173525667    .1540722207107436961407449283    .2088476351608185492555602257    .2347758149037607826766946506    .2503271651810244017472408737    .2638951581992363453185617176    .2854546645633431164292307448    .3098792132727641730173272095    .355409207280856255196567763    .4050805546783731289586917434    .4630010318783750216195203851    .5181205331477352456803046233    .5868908120494476321087871804    .6346363075842153599784934449    .6982314867609571457513789775    .7340500157545488756077924798    .775122183722423721388161124    .7982779472617470190341086427    .8248481419493151450788977511    .8460153380091164038048688607    .8802435919324760984609402392    .91527286901037203606284588    .9564642931356796445848492084    .9999999305303937284877233196 
 1147.739612   3             2             2018          7 
   .1534176377280947239799544359    .298916231881347665815336519    .419910748885087709249508764    .4620362445066503464027866976    .5074852291496932319871870032    .5234796235298011131117081284    .5280048659678045511249636995    .5890663639480624634919370544    .6745157977522169897887954049    .8089063845955331547797097379    .9690368689653625024488568405    1.1369991820061012235935619167    1.2878731243093141582709441242    1.3680315496508279440650690028    1.3744371837538356217333378923    1.3122924261326270230708043211    1.1740964465379103775325652871    1.0052515291247088194077246852    .8850317523065501724619399126    .7932819347529847214160627925    .7466751090926013974674945697    .8104259801394743531775916435    .8716044907231101125400558189    1.0000003380557714862593763994 
-366.07996     4             2             2018          1 
  -.3996217110600645826119517714   -.8479977980766824821549914942   -1.1229511170182601637084969087   -1.444033429199456861828765497   -1.661512965637343273311109409   -2.0263534775298817231077057591   -2.3650027168927793807669777936   -2.8396009440123409104393477316   -3.0147402769602575349931747152   -3.1188514115877853570569664616   -2.7397866848543143415990320803   -2.2951985680942491361723269419   -1.5953440882150446039165869664   -1.0547654670853875748893766269   -.5386522660240675288535324359   -.2421404875590567700018323866   -.0207679081914235349020470828    .1839405249060888227806843073    .3197257779420648975158323335    .5519553706244941678861634491    .6324437972512890353244138248    .7778806029152756681900861222    .9226454242401031730881963602    1.0000003824301117165768921085 
 4023.622437   5             2             2018          2 
  -.0110087168201164894736866684   -.0175459156780718588084560877   -.0163142021966013805683527656    .0098271173846722437888622401    .0271768044124762395045765573    .0855774380900242504537957471    .1302818811177635353264633364    .1943838946735647701628521364    .2409309559181186164560598905    .305844551587085207418530955    .337428777490436287672982772    .392318370999281710188952304    .4092098664276337019541279589    .4592046169664005181607451107    .4869119880593806321892721864    .5396709144556348441497668286    .5949251047980474317053819531    .6721413458506370288440659672    .7407625955635856794482826869    .8149850169453163331189566085    .8786212064757904122404117114    .9280120236092619243936281887    .9703865263538891037355053898    .9999998913913999530667196148 
 19422.74802   6             2             2018          3 
   .0047476695833692847342000373    .0075704066102588504878312271    .0082228786490738811530954516    .0103513313251540602543429382    .0097572495820290212466031879    .0149885278694976345576870641    .0187178508224296059214385051    .0268462320297352032475165685    .0335155715004740096504634569    .0415203811103141727315679813    .0529367419554259346252899594    .0887963432478284295838792435    .1482708315545556874294454241    .2519085865173058039806665833    .389542766667679808575305813    .5464443027871809871732043404    .6962140468524700553675823263    .8237227802948143277204499304    .9087261999087603876559996684    .9588087113535029014910733522    .9829705858481296407201188619    .9918385379948928565670595566    .9962936233366219616949960307    1.0000001019423203123035727876 
 4915.59836    7             2             2018          4 
   .0264251654604262663965898141    .0414824778320578656877898381    .0643819687497820712919271134    .0863183826109015139308493056    .1157420640037808133697888206    .1429697156949983195941989044    .1984060593591702638618343098    .2475051684247042510609023802    .306242473398497919589996771    .3670137118362941271711222558    .423104543472099294947278809    .4768404227395014429128420492    .5267834778917942351986625693    .5713155946288500267137366365    .610551713179430713293671129    .6477656974399348607480616053    .6886008074915217442622793942    .7375879261217753356073623558    .8049945724206808466751950011    .8601876496679439855619123447    .9188566008065801372754953885    .9577472883687755156627564665    .9872802138374869178693435808    .9999999267637480455176976664 
 3085.6733549                8             2             2018          5 
   .0387272359241254567570430817    .0819729345617003240630342198    .1173702652048006638474797558    .1756651264266973950788351476    .2269089496748403866511930388    .2708145691030479980633934598    .3144781343945745720189677877    .3531452861883737945485929049    .352924912894836365882766498    .336474046532267315978825222    .301892453561465596333720346    .2582197492598246760717102759    .2711431197574424762713564176    .3284822738578070352445911124    .4427105020143232400570903345    .6166880875379204902113795026    .7673145299842443799429393712    .9041141686529588666929056354    1.0070077557190757074064657666    1.0334865791727163090849166149    1.0467462457978396824118099073    1.0341681159908180921499650468    1.0096587168089818345924363674    .9999998849845854758331860268 
 6504.87995    9             2             2018          6 
   .0139750250117990263602020818    .0214612108252666523077032344    .0608702548000136420657540344    .0905577665580131113718708982    .1252972854633543237027764056    .1640036416044849528698834788    .198168914708410567976738756    .2465470557992388468291409436    .2963879448689902417030770875    .3582850133921380055599642542    .4090236899760156219331918647    .4672104671201503111521681503    .5010827294360751423244943975    .5400583910852958938927074281    .5706395857466977541991378334    .6032594037342687623312710022    .6650179608618295868780791258    .7193294935443043802829904647    .7960760290433953358355214534    .8625101528583936433753861976    .9238396474941862685721048549    .9596954975318184004302800392    .9908276631607936131088783583    1.0000000076865369360121703706 
 1867.879273   10            2             2018          7 
   .0317021666528230703269868127    .0686067894496091450552757432    .0962856661025757846181743032    .1635145827757145415896480158    .1994493998542270884762904053    .1837991378578780342834287663    .1756467908512414870615677098    .0766054862690261245808042113   -.0051374224976476838928979325   -.0916048496673906825882959514   -.0952046005170270980355805897   -.1139890586494023374710898674   -.0185355234144193001064475113    .0488341464668096887223181902    .1482124160815611770001154673    .2379238350272116328580300061    .2826157491175287536904961416    .3570836240014319169545172206    .3877182055973271673002819385    .46808656889036532501851901    .5392393472958677667172764864    .7076859940080292330541857241    .8182172274685335083751957239    .999999853844943864313654708 
 2353.67578    11            2             2018          1 
   .0929247782802098596604499197    .1859399683332765568926404978    .2356328363968634626473489904    .2869588945678830922073727589    .3237937469875311373599638265    .3544506032177464986277761672    .4023345135496954470084235646    .4514428066213945575800588813    .5304396682877027353359603335    .607640615650130027679513276    .6754422225477461470925277567    .7048175513791453468582660947    .71072150812547342438133089    .6574473906512306465591450323    .637659193654956163928406486    .6486713305942248341443187218    .7085368401930022834325975007    .8075708711248241675835233347    .9605766517255830367596339034    1.0092651758518754014624733063    1.0888377327823800778542234054    1.0668780387415976214022136898    1.0552613155580842149805356794    1.0000000934708178031215497319 
 3533.563668   12            2             2018          2 
   .0027464166240685945381980874   -.0089701312833398761332294749    .0240102564921436700712647241    .0628009909683053714259550169    .1334841662176610312600712421    .2179446225843411065998089722    .3133247633335129706795479764    .4202649618141817502975299439    .5140846948508980424574594081    .5926801373258855909201067776    .6624326656960635242755161812    .7153223310762204723913863832    .7651898349776670841636013788    .7986738785995464338694349514    .8279064069208671748206349285    .8456952472831458827417398044    .8279714970173278338110872833    .8155206105656619514461229173    .8032765974205732070029875573    .8057143630332345832801900996    .8302185203473175398293120553    .8937407944845328311203362758    .9358260698530591751601629837    1.0000000939561392388642818704 
 3133.9541674                13            2             2018          3 
   .0464330976865325551282661684    .0450795999091483076039320638    .0309787204324512100712605973   -.0084526124458216925230710698   -.0533220944129624733707265511   -.0772265920534470162143316353   -.0543838521229549491209320613   -.0126739696493239788149940766    .0275078911161998635423949563    .079964379379519575548467863    .0802005666242788334148246229    .0709213945475136370049519442    .0642419733173791531945681893    .0895099561180647022374830152    .1260484930217489689252690377    .2294031634152608635242672503    .3453943300319625472005873726    .4859244643208689957435655126    .6283493295735426331685031776    .7540062406083035431183696002    .8431906973905415512873974265    .9192431816544503815451682218    .9463137753735613230014973192    .9999999465850516445558405456 
 3837.252207   14            2             2018          4 
   .0283943025171084356613935749    .0673330774372006244310956754    .1128675876998459694937638484    .1630633500864385586631314172    .1685221781410001544889332316    .2105113910746914843067024914    .2098333016868599067301285678    .2191160639548757187020102481    .234489147822646623341951211    .2738480410756071004326351802    .3060567657913135444839422305    .3564876443368998497523048007    .4114712598561286070816767661    .4769569215860509634726753836    .5372951499614578239787823256    .6276076916723759148000146033    .7083018924432141189201744852    .8038520361974216202463962776    .8745244823570180306368379398    .9534726420446619343100165425    .9868444386042931787933948539    1.0215630322263047433827432026    1.0149869724213308661470528148    .9999999460551486236984787276 
 2017.3925874                15            2             2018          5 
  -.0343305316142057318634916285   -.0892302277327183957313275493   -.1124008293756259689526407546   -.1244270458649351533747982086   -.1010432482369296525551415338   -.1014370238485590263847719737   -.053302813082399253788395277   -.0062183880709940592101533167    .0469320005393809845422256457    .1462823358443752751145852654    .2593802035697913063522541225    .2745781378694878414620668294    .3294978895786935119577311083    .2735678238568707848916328382    .2556281822491641420413003348    .2515587710441886795642937138    .3870711654623382106316150133    .4946273750742938810899291004    .7268743868489540778016244237    .8598891513900682036381314008    .9637390422385369769897866732    .9910183136821413701998219209    1.0035309996896442447987156711    .999999708832081733265121444 
 4633.600538   16            2             2018          6 
  -.0018633634749461434908008464    .0157147491249708586769850725    .0226356370472261888363929571    .0378796787855517984662319633    .0559689593164493887582503557    .0675180558691483819056825222    .0799245634065488793328519766    .1096056070943075326447141396    .1354602527456802535445492906    .1876234027664471062783703432    .2431767673452389434265902185    .3228485036057288199494766202    .3883832853612293844221752376    .4745819114025663987869642292    .5303573279238081787360151588    .6007690946102872711639865577    .6516234999625684176748513663    .7145141176604378234384605901    .7708784930221362987937394788    .8313627746734347431138009765    .8854593671492706478099947078    .9337576609198848465775968019    .9676134062983398246489067548    1.0000000997064801359447701273 
 1951.46642    17            2             2018          7 
   .0699220332984259088608862662    .1241426434588610548574030805    .1813832902131106104300785253    .2621507061341081134258000709    .309089766453680509654888143    .3948678758202767332271082584    .4801504091471889124282241044    .5650181774585698482067654538    .6654985126518344087109631125    .7691313489268239624640838042    .8794960458504840682833784042    .9713638833713572176148437133    1.0691406106798394204497764302    1.1454401557163356159620722554    1.2458456753767764038696602322    1.3428957696335866235402605595    1.4675179499117386811093577516    1.60782115840865967860210477    1.6206679077777828224172056212    1.6085406173681430808325156833    1.4626036967625607413731464567    1.2873821318431910296463107984    1.0698826167862012199010834119    .9999997847772343425719823557 
 6625.845282   18            2             2018          1 
  -.0243655553561716867146129054   -.0063846631183682987785165129    .0299078218047651659609035827    .0830930057325174952674060946    .1469487527342477418264593882    .2258637104107375986265898444    .2997602442356576595958009875    .3646078194072748347038749946    .4130727301217414693022407945    .456359433597773525554531655    .4870077496023246260883638907    .5164966663645074832280093678    .5477965218808138176505039618    .611079013722131762870825211    .6652900592133083858507156733    .7594286895997581490161937047    .8435654263138588028382519663    .9242295494940293717531450201    .9793132383618492104717998454    1.0151608909844146282315802496    1.0162019657011363338984769249    1.0164917400496584671081669244    1.0072595594905712741029862158    1.000000108363532416089398207 
 4376.13416    19            2             2018          2 
   .006381696488025403681865183   -.0009022851803976686126094452    .0036464124308291316187618891    .0205618147684942090532251872    .0391540326999481204205128848    .073021824358328173375744952    .1194813917679342810641801713    .1762523203813294426055713063    .2405040525540012237650410608    .3097066841296291519545186887    .3872687486345254095226367557    .4648070478716767677890387163    .5340567529584147849799924781    .5781618907222899217513934719    .6159221590226566545665501261    .6295862739272143338493991692    .6498077746318453819980692731    .6695007266413422754845340482    .6889473425101756935166722585    .7277386578111672883447430688    .7714633227789341814877083202    .8334641641790982020532935398    .9057402847082732033974022405    1.0000001919502394780328215532 
 5098.6233     20            2             2018          3 
   5.57308667617749E-02    .126543139749361    .17304457921713    .213494604406865    .251962235072542    .296178535724168    .338990672675799    .379433455465505    .431536334707744    .476210091681146    .523709845116426    .55792078808558    .604017072133594    .627108524906861    .663395510822255    .700903721004207    .736075209722544    .776699256018409    .815455265885205    .858845214679078    .89396307372448    .936829845905413    .963374714430266    .999999950354246 
 4731.042179   21            2             2018          4 
   .0214683987496108941369892615    .0478309200041482022897855885    .067750653634576272924832869    .0896911048232698497782722896    .1099307045514294494308290968    .1743490057352118145214278801    .2480669069511586783086255803    .3482501186130304419761124265    .4619821420535257502298416943    .5525738095517410520215951767    .6146045395466342131717443731    .6430327367411111808648282186    .644225074451613761442222813    .6179046580848502724794667277    .627162449147126912562662232    .6370854213430592202716440842    .6845789738202205108685419733    .7573726600673369308382147907    .8386902610195477608317471735    .9031246897281149773490531377    .962939628866919049296431986    .9890958108069744182257479721    .9968070081752699588434592986    .9999999621647845807548442911 
 3123.1809166                22            2             2018          5 
   .017993911176038850160025981    .0176910468767046512889159858    .0508220638632727741994298019    .0703189171119437801190873222    .1127761437475222821038416689    .1333678102943362483787020716    .178848941164793744949075423    .2104408350174919866824342519    .2486836083916407470021232519    .2943793281757400451196135488    .338922729187375183899713253    .3862763740607571564591187154    .4330427971083870191447365352    .526419712435303627008592359    .6298949860841372432199882378    .7732747684143556475776655301    .9139563400981111130550764841    1.0211681888322921241558408413    1.0644205663305057350067697964    1.0758457770220610984889750591    1.0385635948144548162676231947    .9970251750224849590450395236    .9960492469282142769865309441    1.0000000267035443117371665616 
 4675.746352   23            2             2018          6 
   .0124688906563680937669477756    .0417980115444893577067159096    .0590564969123885443818446035    .0819474520546019558761557047    .1129370073237882087749314251    .1180328141118977447902417783    .1237416139462990271290917964    .1252516830279933029181562413    .1168695987467884784867389231    .1388465393813133001188940456    .1929085609218692708076992796    .2580599778437254288425096332    .3571395611067997471219542321    .4547376696536424951051322555    .5427293973965335406200836619    .5946821727852358061359612434    .6463440855185208729218081417    .6712586106509996588454805044    .7036478782885013091916325576    .7466745920694887172100391129    .8125348797791245114144720398    .8824584760110186575835027246    .9405514476034178168781898031    1.0000001385875005223123360734 
 4379.468782   24            2             2018          7 
   .023467024225039903481152386    .0226197776331129468021402601    .0014588595827556694751660408   -.0251332993746637466041423651   -.0557746183747086246498103249   -.0762638385214090561360690617   -.05342282629382149572313129   -.0385540595000866477234772535    .0102481493153842510938578943    .0546420380899977379950644434    .101576817222303926449132524    .1483266652498768742222307272    .2009857002789339668365285313    .2537268913908198284309633423    .3046810164475331565452862269    .3595319611528172779198041102    .4101922149516077998155713306    .471567238585695665771730577    .5465806743133898197062202509    .6297021710337653458354986397    .7260389691710331273689165893    .8283557163166461863364870539    .9192139961234229891583229922    1.0000000497777266722391263754 
 646.2060412   25            2             2018          1 
   .4504954789023721061430398772    .7037428792146674223942553882    .7995004179171700383663946471    .8355992757314383336965931169    .7994318639310176724482160412    .7989310948583561462377736743    .9210710857712111404507247123    1.0539655412927451907578978542    1.2130798074005997082900685206    1.2523436000338029647006029878    1.2404571435318856316504519859    1.1104223022543912422959254749    .8669620280238259091038655551    .7732866425576214498565415145    .6451521239662468200397876441    .7258516171235076345801268563    .8486621372056587947602740548    1.1106541168621931478160869908    1.3200449169678855054318857705    1.5657095964642306411170703862    1.6010094831035448388500766619    1.644439903450410515908374024    1.3330949342415401733325671051    1.0000002457420541985487089563 
 2187.88231    26            2             2018          2 
  -.1322013979810458817595174943   -.2530122381217114004637662617   -.3298269731885167077382695233   -.3183806079587525893931653024   -.2571566109513450017336627216   -.148242480190810629114689446   -.0056019512310970693848701578    .0948784123584782766491676602    .2142635359577453688539581455    .2822302174014104076740763995    .358542823082654752119642121    .4313455050514120204207876245    .4752554537542743786799025767    .5696988335720855113088784012    .6484466707900755411290838583    .7773859646042844050418781438    .9136003298093305576386327654    1.0847087108629714182386711651    1.2295748211429160465217162435    1.2830694718675247207424059295    1.3098789577945808245965478829    1.2225118269729965502577695781    1.1325028721494621893076140828    .9999998583104774040610986978 
 1285.804      27            2             2018          3 
  -.0742089540863148660293481744   -.1962184749775237905621696619   -.1777539189487666860579061817   -.1527126218303878351599466171   -.096246317479180341638383455   -.0533854926567346189621435304    .034964364708773654460555419    .0661135600760302503336433858    .1067451960018789800000622179    .0922800831230887444742744617    .1183370093731237420322226405    .0936026797241259165471564873    .2051829827874232775757424926    .2436110013656824834889298836    .4361574547909323660526798797    .5896635101461809109319927454    .8303326167907394906222099169    1.0148654071693664042109061723    1.2661463177902697456221943624    1.327920896186354996562462086    1.4079035373976126999138282351    1.3005419177417397986007198609    1.1747109201713480437142830478    1 
 6530.9695     28            2             2018          4 
  -.0210962553109457944949827128   -.0475126242742367729630340488   -.0555767562534168931580525678   -.0684565744794857792552851456   -.0805581315300890625809843393   -.0924344846504029761584401826   -.1049706632376709154743411373   -.1071976373492480710559129085   -.067448699614965281953927361   -.0059675397351036473221931292    .0952185582860247624797512835    .2132101520302613570619186018    .3173801378187419187916893503    .4000577555904984704032073645    .4661755042647190436274430619    .5196012628752898019199140342    .590047159154548187677189428    .6803008343554505958112344576    .7681331232675332506146292675    .8729399210944102556289690221    .9214066916098750729122222972    .9747320057152311000686804616    .9922428821632071624281816046    .9999999234416880985280975512 
