 1517.245235   1             5             2019          4 
   .2441232250763997291446428566    .4632427796024681534096233296    .6503050246850832917593575438    .7977774271935676898006537486    .9275316656374274261602805429    .9930240446594646909535359325    1.0334479646594507182617713082    1.0185696842870625327750658581    .9968408304146033452528852397    .9895110990412831977027102016    1.0013424098840554275986900694    1.0287262493857823847441511326    1.024475782914553032028470994    1.0212225184546386135132597731    .9787007174222563961454787498    .9529791009691323894650425447    .9258536244472041462697360193    .9138911548468300182204889245    .863507737429144076369434108    .8173504001810228127030499456    .762589971159144882732157666    .7636979001618021229112642427    .8380517339373947679591822874    .9999998451140299676077084533 
 179.95728     2             5             2019          5 
   1.8989234556112428460799140774    4.3797778005980085940396520774    7.0676996229327315905197055657    9.557507203931955406305318685    12.388306824819757222380778371    14.585500514344293267824452559    16.402215014585683891199066801    17.298527739472390336195345918    17.187329126112597389780507907    15.810302311748655014123351942    14.055274674078203449174159556    11.976886958949368427884662404    10.140979014575014692375879431    8.92471813310358991867403197    7.6310888895408954836392281546    6.7138712032100062859363066612    5.5261543184026786801845415756    4.1198299952077515285850063971    2.7737294095576461257916323252    1.9501428338992454209132300733    1.0526659438284463957223625518    .8140904330183252380787262399    .9069380244022359084333792998    1.0000006668249264492106126521 
-2545.810562   3             5             2019          6 
   .0038744913495256368568715208    .002128631281874617346331836    .0328842771137815713092323953    .093059712900979000651973884    .1526800563254164077900467128    .2421849092792003272394311011    .3450637345576383071035432369    .4330381122835486138579387353    .511722678602038104043343976    .5713767637358085562063121019    .6034101762831793923557459104    .6259876613710113125062916602    .6535883010450013208798997826    .6748416499027785870266964506    .7131634329357456723443352577    .7417570765817256437323241807    .7714878826086039311514176992    .7960136666288212217732169186    .8227898144763844372800587038    .8581938627372227863355058231    .9092062993805742565695271084    .9427323603035629168703244621    .9840276560216423518789690684    1.0000001720473654001597311309 
-373.212551    4             5             2019          7 
  -.0136697144464468988343320748   -.0410642138345449159345126097   -.0370597129248206875014768729   -.0167382366516392960214245314    .2478381012432778553580852108    .6158474557839829990069117477    1.0540583347101850280485341984    1.5507835908766101491586760704    2.0467942408507049378411713705    2.2975773395145009472095701305    2.5520334121882197900680998266    2.4823047818667813237610007387    2.4995815320262367060640465974    2.3721219922209958046132269544    2.4850169093053893570690767042    2.4318142505341413343840089665    2.5630220565652948793782661398    2.4314391291733380102750081414    2.3412765665536258988246083932    2.1047861276240948284721539282    1.8979669845026192594471454418    1.7603333495609047724657041344    1.3331625602269737171834823958    1.0000003992363054263949445794 
 6463.15032    5             5             2019          1 
   .0332688223782485071459702642    .0603875479721164832817937615    .0861357654451088180786734355    .0878612397800458399364599646    .0913375630724924869146475306    .0895546399731578577921733994    .0871812927290850942176446238    .1027255080151067877375316872    .1097403069529721227341034519    .1382482621880284535916534276    .1592305530656449284007988228    .1994511865229215340298630096    .2572154317462942746471661826    .3313835968463131768843030716    .4100299186604714463766332453    .4892182362238481867771257407    .5496946263196304553844881021    .5899995839799684560021187934    .625051994767777581258546374    .6624958090097461944843022002    .7194918530070642082791600614    .7990979235030386853202572581    .8919648645894406491229496887    .999999795765232952217642371 
 8549.7593     6             5             2019          2 
   6.62814697944735E-02    .119118836237844    .160892687353198    .18225664999496    .198825412994741    .220300384221233    .24226559220211    .2766517827401    .314776571080267    .357381765843616    .400111718550808    .451768017901978    .504165269216263    .564913450070752    .633109129056124    .693976728020285    .764586240493636    .807173045667642    .853268778663892    .871239919182579    .897085573234354    .910714143584136    .95322647663236    1.0000000544606 
 9485.23073    7             5             2019          3 
   .0685929017986049560230360364    .1458707794660046187405712164    .2280766869653153919641130332    .3141663165425180964469801569    .3992209686606115906260089469    .4750358877142464619835346905    .549233871931336772025997938    .6107570985782440739846926212    .6626777122162846954804651336    .7062624189849306912958985026    .7504003015433236593497183173    .7772074512308674224522527772    .8107921903972493033914842892    .839643887081279255291241608    .8542163317517949297159585279    .8889687810472481780103202613    .9022804234937150548366259932    .9275389550803262326123720978    .934233678889116490685514405    .9474732092257707261908640993    .9419764531125960285417326901    .9611423548365280514372896019    .973404470889449834184476396    .9999999230382453753974206171 
 10436.7909    8             5             2019          4 
   3.37045376576494E-02    6.14812364480763E-02    9.90287150610155E-02    .137284471817087    .179415877822805    .225677663613774    .266080530124327    .304312613864921    .331012640753095    .362803933253324    .387257082194322    .421532567604186    .451634069967091    .497560936391377    .538525545781031    .589165354023596    .641008883640061    .688907815179688    .732298487594137    .778943825359671    .823686198887054    .873392887972154    .935602484859594    1.0000000110786 
 8310.01583    9             5             2019          5 
   .087471181146955769397132424    .1766991820519793161452978845    .2638688114268008560460227186    .3519095582757752700935588952    .434066561820255882713523062    .5103079328309775313628975361    .579475189760258254526092762    .6339344121321607638862945463    .68352469071048688965012477    .7205805768001768054393706251    .7598252673845989532850264137    .7823112654648216235708422231    .8150013355630394749801577694    .830416348316390631953826254    .8531520450785952353594975041    .8672006344421127294049932032    .8871215351222742496267904221    .9066382247794105585957710504    .918590909591564520521497009    .9399911094994869582576956415    .9489269528864423354534091182    .9679127169604922401212802503    .9782475949868316917514223315    1.0000001407939556235478314366 
 7239.27982    10            5             2019          6 
   .0111665859049498655793084125    .0256790736954825984333894694    .032613133608641197682009203    .0371606439713501777584279095    .0392627867781466692912002951    .0446446480915279774335342656    .0491609536927666376625845083    .0599813808550917430899915124    .0688243046806277478579354044    .0942683411842477999420666129    .1358416340370166821373123825    .1979564315280190398828926604    .2760950052625538654755301336    .3673630618135161406152138487    .458510664393685503373732002    .5328321457257885080618419858    .6101374874054806186508204348    .6714136103113085632874459051    .735385167084203135554442486    .7979525786585771179653061125    .8604057523501004827853166201    .9117278464310003698682833895    .9588782548261824198971217554    1.0000000248643517691791612498 
 5846.3387     11            5             2019          7 
   4.11005445968728E-02    .085785371017361    .123600817662573    .159976759525154    .194459604091083    .227236194143075    .262526919465425    .299797549802943    .349555191181822    .394109839954192    .458124847837459    .512451132984307    .58184631935486    .636369834978942    .695865036918319    .734953670395029    .776787661914157    .806958704984027    .835141741680994    .868290326035592    .894167231910033    .928678347708883    .959378985721012    1.00000002859696 
 8299.50438    12            5             2019          1 
   .0239015959167431634032103493    .0527162683417970555971921784    .0774633364311809664952547444    .092078630844701114550167874    .1099604456139825544618846264    .1193667060875748341975090325    .1451520409945250248786542601    .1670049121656105445660358818    .215689265049824577597246837    .2553787434714264226944115427    .3068263938912458288262268499    .3517096764276904930074872736    .4037784482740401903372451742    .4543494198384891990381719637    .5080619042940971374003901664    .5708102295139700860065092224    .6198514711790537063371005776    .6746960714297496400622418853    .7141109551411550673824694096    .7663629909428398903983709928    .8101977771352173200491762377    .8712874490946409983098291949    .9306059309531926531738272304    1.000000074703255955146565029 
 11328.8824    13            5             2019          2 
   4.72356187596696E-02    9.87971551844392E-02    .149790911683122    .199628333856546    .261085582575041    .319347333738046    .38731354381821    .447426162611261    .505523614414516    .544854648529254    .585238457082933    .60965484184146    .634809496204696    .668492287272088    .697929284627626    .740373860570527    .777722915131726    .822945494992074    .855585209248001    .896146980041032    .925607596507048    .953671840817458    .981944864272313    1.00000012261249 
 11496.6235    14            5             2019          3 
   2.28255096188201E-02    3.59607324666347E-02    5.95906801479175E-02    7.78016199814831E-02    .107455027566762    .141179316624464    .176845900651151    .232471363630156    .281432261563852    .346029798784508    .402428915800256    .457826464969802    .499815695546936    .546608306547027    .586705040234204    .629191572054286    .684175574191414    .728494208130979    .780247259934623    .82450838717994    .867711629092664    .911440500878367    .954350008450307    .999999960586254 
 9817.743      15            5             2019          4 
   4.69862274918673E-02    9.66516688323566E-02    .130852828736643    .169807407698618    .197929995731007    .232979192262863    .268149865487796    .308886657984299    .358875970860232    .397125338452916    .439850519153817    .479223490206074    .521447992966662    .560943311067014    .621456161054532    .671442440121548    .724608399605566    .772556158019211    .809505364420315    .845864519854512    .880160486287429    .921291375535599    .958370687578092    1.00000001671082 
 7053.2361     16            5             2019          5 
   3.81068069098586E-02    .081792280929698    .109634422392342    .136600553063641    .170605005383628    .20663129531754    .25058676709205    .290478920200899    .338597450845559    .369293723247475    .408006352817078    .434495537356959    .462595864551096    .490294738720181    .518437260364873    .550643879489941    .587070047512481    .636274245869743    .679532868851328    .746635890828892    .800652264160702    .871844444145468    .93214014091879    1.00000010157128 
 8804.755      17            5             2019          6 
   4.47505927616491E-02    .086633111903206    .11887722196167    .144365949026797    .167541653119004    .182510732016216    .205715426014835    .226450182759912    .25164763821154    .285456329775786    .318255518209692    .361174443835675    .399438985223751    .45022017865808    .497286005722192    .560641553732898    .622152506301993    .698062194980156    .767819867822841    .833952346629747    .892194191607972    .934290308546348    .973388056723327    1.00000009760351 
 6183.2709     18            5             2019          7 
   4.43183376613268E-02    7.44754811236416E-02    .111606131049961    .14289305159732    .174692337019443    .208026634281815    .243443301005338    .287028765200652    .326300023573233    .375055550026019    .420024890959714    .459293010349708    .497184478583879    .527024515707779    .561082397811589    .589104233562389    .635957635277431    .679273699747046    .737868357248629    .796037060735726    .85877312208151    .915986785180923    .959036964005976    .99999993657281 
 4996.10084    19            5             2019          1 
   .0226079704187876239903916751    .047256372031113767511546064    .0843362080738146190019655408    .1173104024057288643517451501    .1653958209538460796960215078    .214486863719908423625812965    .2628003401148324300035545319    .2856109285416264736562042651    .3605637791730400701840117382    .4011532321273163093321391007    .4940404685666832937663443959    .5833993534846266233489394501    .6600731461617175845473927624    .7102957113251541175858251892    .7403267304748796863755856457    .7470583800306160353640900491    .7413631386991780574228761964    .7685525418658283126246907378    .7814592068962323026290237969    .8313248937545463954246367854    .8693693620483448848882721911    .9183141307452072964964414129    .95940017095411548979063441    1.0000000320249740996020408587 
 5183.106673   20            5             2019          2 
   .0411910295252377878274086604    .0746257841874828031346596983    .1092162935694223555873166958    .1430681918747382106986012248    .1808556063264337913039128377    .2187545176151538565874312655    .2522149518569246703211736117    .2893814645593345672590597674    .3010613322177326524801778858    .3218342020027338920253783478    .321271219184880550113269876    .3387674826656997109424531421    .350126500280886655793510812    .3907415239107505052115295332    .4376624181433280719206220358    .5000871414633144286822205637    .578064506294601589034283802    .6528669412936082166565125603    .7300735328701578509842874692    .7926468157411199011222819955    .8544294531057204039142105459    .9025610112115089783335431653    .9501704886095829731729698475    .9999998701550937576082567344 
 10501.4827    21            5             2019          3 
   2.19471673711288E-02    4.92447028474875E-02    7.13675612645572E-02    9.66858331816504E-02    .117246708622066    .138961171629959    .16533037866435    .193425683568146    .233087598274039    .271521275425469    .322452722742963    .36967745297082    .423932975168116    .473281614929123    .527557293320352    .593480555012484    .655839355382764    .730663424928201    .795223086390934    .856502844563797    .893550347478552    .936147847930797    .962226289662411    .999999880522824 
 9448.3422     22            5             2019          4 
   4.83129608149258E-02    .110023693247081    .165938644006082    .228403706308724    .279149706614669    .325701306875163    .3563315252807    .380765039254386    .394762332949266    .412348968494838    .432714851107028    .463349617268043    .504071150042597    .544826325871882    .587166911275716    .622464832210195    .648352361800438    .676577282669361    .706333195084213    .747736891180497    .797526596699551    .867298209567124    .930415474268333    1.00000006069186 
 8662.3666     23            5             2019          5 
   5.50486647711136E-02    .102461528951208    .135900699433282    .170346646670329    .201584543737736    .232834672685428    .265363258595521    .293766727431119    .324898807460423    .360311228252421    .404038593785892    .457319846976778    .513523758586655    .576177929611638    .629798772492785    .676042100517744    .717537429739466    .7524520637351    .784249259301003    .82323620754229    .871310540946743    .91298979931766    .963532717815533    1.00000006782211 
 8471.2947     24            5             2019          6 
   3.45430070942901E-02    5.67280570597229E-02    8.74945596813001E-02    .112514234140805    .146981708263666    .179874716023706    .227509229432449    .267994599511306    .321621013458397    .378947970212939    .43384207865682    .504181644048164    .551318887020304    .607109952652072    .64830963473107    .695172859487021    .72461800162834    .778157898675453    .811579936240443    .85165351527155    .892903055524086    .928656092390901    .962305287252904    1.00000002619139 
 6771.3939     25            5             2019          7 
   4.46321852482387E-02    8.80903931724549E-02    .124841443050226    .166620556214984    .199406904287831    .239167873239465    .27213462104023    .317205132378653    .361513771697361    .410186761223934    .461380623774708    .505230250614925    .540955562097691    .568680442197248    .595430078519358    .621186551874497    .660926699232672    .702236163780289    .753137983202026    .80047911184136    .849634441242039    .896752968118573    .949983633193492    .999999949004222 
 7606.1797     26            5             2019          1 
   5.75179925738541E-02    .112996708005934    .163547131560711    .218757863568981    .268451199164206    .322974142358795    .375407479269373    .422339276014525    .46200361523555    .487809690331468    .507580601544048    .52269831393643    .548596701923339    .56948554278832    .613968480108845    .646678185670692    .691726555497368    .730776834246369    .780338585454732    .823559570889937    .875124537510927    .917523244906704    .959741563412576    1.00000012674727 
 3042.55292    27            5             2019          2 
   .0791546462238691315844064267    .1559566957343177452440169882    .2201989637044669711118779817    .2815106663781545663304354292    .3546567729050379179600268054    .4401915217961106162123878522    .5603692178343441927708524458    .6824620818756375156163265683    .8089933239353483455597544709    .9397733006399113018550224592    1.0333144838118378562171401771    1.113418267183336288527070221    1.1689795029103388610903766959    1.2029729954540938600995640201    1.1924127847215883429892815143    1.2004520861382420917760076298    1.1675083699119356648692243618    1.1555470331802807229397344385    1.1294478979843019460118379798    1.107097259626300928892306662    1.0797853271193061121842377026    1.0475127578060334937411704905    1.0145276289886192020614057224    1.0000000262937086399141415756 
-3721.73499    28            5             2019          3 
   .012300314268211772918307652    .0324494893710849627151985908    .0445820834760725400278970427    .079841955646605563390745347    .1127727796653248543094144379    .156602230294747558046845243    .1886287180270188985164685248    .234051619027285980939765945    .2733950705071561261270781668    .3260027925846488064965635826    .3780505607681647424337432473    .4393641686991797339122203325    .4985062087937647596988091836    .5653140284445669249545357876    .5954042955648489093523555797    .6502972421472706738853536694    .6670485691943369670176328165    .6961661716811276774975318702    .7092305086451090919829302516    .7498615585200492741155651171    .7810166515913052691588876402    .8492522999333705917626338032    .9153870464054723036580312775    1.0000000026869188770477180053 
-3176.86746    29            5             2019          4 
   .0793169067242106474281429418    .1502205572025973031937567833    .2022118039510530917773950821    .244895013655999359822206747    .2727175467370615455263594787    .3230918547668966964079766803    .3665063194043354896524389469    .4201588567374479009583862211    .4862604497828184497190197541    .5543454431680949006289359015    .6359431186342284484225854358    .7116683426257889902652721936    .7890713199599457007249524977    .8526112700968645383776885675    .9042451522355924788879923873    .9464725985137573224411445859    .9951542013653915546102134207    1.0209289625195758088063264685    1.0528308285168434442650622887    1.0717296339457611492548700788    1.0638706343764180832397710416    1.0402574364874510691736569961    1.0190192196434912018646191806    1.0000001699787626645274020969 
-1432.5927087                30            5             2019          5 
  -.0032580648858917370532056234    .0860255669679020194499472396    .1690735953973936346616001732    .2892439682846195404484540498    .350827417274848231258487069    .4014273537116181191687786509    .3869566671905259571980397306    .3653449419513997279358064347    .3365643263936011682704161735    .2962534971891135383104438664    .2966063539340419093115826913    .3112918956600578152865758753    .3938967416022002262477381266    .4888107385632682440023366566    .6204612759802467923868751434    .7077692032371852319479838771    .7711766179534234844315594275    .7844183438709134901518433227    .7600269032417699334895407317    .7699229469071497864730127814    .7829831836976736666536407034    .8316515871989513777147705792    .923108146487804332352176797    1.0000002033376257124321911607 
-268.238365    31            5             2019          6 
   .2972788773149582834655288776    .5063787202848481424348079366    .5287267539078535615142151646    .3287774289855964488897775678    .2885372866032791394325714743    .2933567687083091190180793117    .3975512600518572352616300804    .747444907815479713351220285    1.1771970053575296732814487592    1.6144547406557596636111318379    1.9329240990564492890493125396    2.103935803515652952924910648    2.0820437076553161961004347756    1.9134179407930703723160555352    1.7843252958986683355306016721    1.6432843228820008651633408219    1.4863362293458655699754209283    1.3229487139171907791788098619    1.1092894933206142976602172474    .8821959528421670777780053946    .6778344328187356793648813062    .6587614713503044204731862275    .728237364554470051291879892    .9999997576782128089693657356 
