 6922.10807    1             10            2019          3 
   .0541631532198832024302677493    .1029074514290268802463235741    .1526534964947462890448631785    .2063666134007641981238238599    .2535877773430948471164218619    .3093678946275104890120561206    .3553449289040065507096308596    .3905417212014142969021863306    .4174005910890091029740308576    .4312872566868202622557437188    .4415575384104050834329143896    .4494622113000324769561131686    .4824731088025327521360122307    .5072425862891793886714051259    .5576947023885456327468172568    .5970751912863446525185498874    .6406496337755096620443257541    .6752691452851009880289257027    .7071007777548321345407714792    .7476338057230013746375964916    .7896114803073278224620379265    .8482680334691740806641292441    .9144997356275022733067500346    .9999999898874736868995459067 
 8990.44358    2             10            2019          4 
   .0643363806082636024951284995    .1371556352061552006313797478    .2020422000134502818380402983    .2588981265816474875202987482    .3083369552717887141226017237    .3457281025504194310287857899    .3876264801608376257670703274    .4208682214988106293193600132    .4551344951546873508103367687    .4809932859842272654582411606    .5068938989993639446208503986    .5121676098655857423221825057    .5352139699429602560277676533    .5511407702977876871343427084    .5852337488335586663010903406    .6267695191965155516831573287    .6825712152458666561144250015    .7332039783514218994742860063    .7907171583629469815325841798    .8438841679489189342090282046    .8898240591594925508669951522    .9326301784099511583832218432    .9642276182328258379438047705    1.000000046716271145322064298 
 11166.323     3             10            2019          5 
   2.66906134402692E-02    6.52430876865195E-02    .103988194814387    .153669899605716    .203621384446563    .258014936967165    .313334998878995    .374956706456772    .428990858340857    .480396387465126    .519971474369293    .548819289665116    .565338600537415    .58727808755006    .608236886148645    .640540658435077    .680748271219183    .73048610093045    .781556236103863    .835918566814698    .886922760126588    .931279419095704    .969800135863883    .999999934233051 
 2308.283839   4             10            2019          6 
   .1001934840475222856680928311    .1640902187159488231377770349    .1889703911755368833563973152    .1920190197198707675915067566    .1708898590958769867296202995    .1376287849147827439258001927    .0928522291664322482829634367    .0428879838464267825253356981   -.0024749382651636716675032788   -.0495419575651242082798293161   -.0864398895096193583842875053   -.1266201734214021848462978387   -.134336035612646335388565704   -.1109675923178353977116763065   -.0495351559752439959789537824    .0784607148133310653915642651    .2223177199136470668674988717    .390985711874578523183084158    .5461182800405162824518653141    .676704040295453457013091361    .7747578394755637328707217102    .8609833705983850628172248794    .941299749748843603977595582    1.0000000697487879435783720357 
 6906.4289     5             10            2019          7 
   3.35344068808371E-02    .05578434310172    .091138202285722    .125416116313653    .165243598477138    .208389451270676    .257390762536709    .312401551192759    .358261788565216    .421704538521981    .462961529752645    .52239335419695    .565332817399036    .617667540619292    .656659036236875    .701522127493776    .737883954239542    .775501687366245    .819638482391928    .85242984167259    .898659413369187    .930582794568406    .970358347929999    1.00000004332467 
 8251.146849   6             10            2019          1 
   .0380984614324369298350855227    .0746591366356131616583230683    .1308653233011924061563869035    .1874597590257964877968202066    .2731964466579814231106529662    .3533568185558783041845726336    .4476697685301370885830418942    .5346449506633911079480292013    .6195902331588717552831909367    .683472867857572171056145022    .7424304902223901747939912347    .7925840031307386079464503299    .8249888318040284099178320175    .8653816409612660864181887741    .8954407351137424896411512164    .9320380718871871819718233693    .9637476032757491891294783087    1.0032668369007717802163188721    1.0195552392840463431194472491    1.0318240792226142574619932086    1.0267303630678601197199465817    1.0119446608821347860124601692    .999158317125231908474060416    .9999998971052127010810882249 
 8029.593705   7             10            2019          2 
  -.0004470705656955777440547348    .017843455754278416506753999    .0353504187669231515618759443    .0549497292403787944834750515    .0777862894371689756623868928    .1071629937470167427356774336    .1384351488803006627344664633    .1751130943430468378848067755    .216791292804272716311740209    .2568301804256732314950921916    .307550804029131135222239741    .3582793981479539879160050228    .4065890653928174065688918939    .4538968139484462246524091097    .4952940517430576520060674726    .5330138930111657498864695047    .57364247423026991127193029    .6216894880859977460092421949    .6769018707155121244082922126    .7406930186637631374400904385    .8047204176690033409355423918    .8734691016349500338759668289    .9392329521360259161456538479    1.0000000367390942603116430036 
 676.931546    8             10            2019          3 
   .6355084240674462525343736898    1.1018973844661096648020596162    1.299512787072860096846483795    1.3473984266054576809454821891    1.2552765564274648237474812557    1.0967027676384873338433543766    .9458983021009926460126885563    .8298769695687959562162286938    .6913202712523608701787403478    .564273303936111732042105185    .4901934353049045227979373855    .450596669341806682473621934    .4610331751328959339117577481    .6664826047270664499361357877    .8317037421683403125077583546    1.0853809433782836292873843997    1.3230356973199768710439149781    1.487222756789650337849670844    1.5213753976831211231512026476    1.5603645689751914737919452789    1.4323101142637545214948514159    1.299084087890919475630405914    1.1417120454303661599484684084    1.000000079771729237744816224 
 6063.61744    9             10            2019          4 
  -.0183486179827334225755508745   -.0296716113409687666575482374   -.0444456139700000598982379073   -.0535126602578014882152591737   -.0657275634460210933096069464   -.083398714546872864723471077   -.0983636098256225082695850284   -.1121109480811836968395552342   -.1096305805202644842317097102   -.0927678082540774538045394895   -.0474099335659935696734852059    .0065355623754522349945612664    .0822873317680806723189317827    .1547017286763394492776575958    .2387581364301900945782621801    .3154021537348174128874462766    .4046849960903865993234559996    .4860283533982315348707091257    .5788348349364203952814015259    .6586355487492627833064613654    .7478415392907768930752333214    .827336989782125832793303662    .9169076141452617762772316322    1.0000000923541113108217460368 
 10602.4879    10            10            2019          5 
   5.21940208589509E-02    .100491136112261    .150988708700271    .19790433529403    .244842597163268    .29187757129803    .339122595262818    .387984325932949    .440386945937943    .491937622990591    .546416793496765    .598191290363911    .657122356719455    .702927173863481    .754185319339648    .790023523040286    .821261308483785    .843740554840671    .866848062495785    .886866672496981    .910264777483264    .938247412283064    .964305288785097    .999999759637783 
 12775.5222    11            10            2019          6 
   .031309060189012    7.20998536756486E-02    .11790951220924    .167554267309617    .219185099264475    .271050564179678    .322772894962857    .375624819677136    .432290265733228    .489445654763529    .547990534146229    .601052363440768    .649301751854222    .685060136059448    .719163591581994    .749420044988455    .781086742240955    .818480180696645    .855469480217216    .894444999917498    .925534268473973    .957923401337559    .978716490963673    1.0000000204248 
 6854.4326     12            10            2019          7 
   2.52994835395023E-02    5.04944062255993E-02    7.39998686129624E-02    9.44271636584843E-02    .123732420908301    .146631572817589    .17655332281807    .204385592123993    .239156570417431    .277453134994217    .316332177209041    .364825760192664    .40044563815811    .452579265607721    .495896923841023    .548793024082238    .601103530117504    .669803799660967    .723735740221955    .789647625360157    .852923570786333    .902202956298491    .953463695407662    1.0000000025075 
 8744.5751     13            10            2019          1 
   2.97126946896161E-02    5.93702701054659E-02    9.00525740332462E-02    .116463842691185    .146612535931527    .18228327024074    .221696321953796    .272853289805285    .32343908880647    .375777369415511    .424071932028107    .465328844547719    .50660298314909    .546753713196425    .602985451231358    .654036856983766    .724894571439069    .779560494936884    .840106347405605    .880086324266487    .92158588164278    .947943629395155    .976139347024992    1.00000001089961 
 7576.117      14            10            2019          2 
   2.32547363019003E-02    4.90805912202348E-02    .071899536308165    .104212213958846    .141823629718149    .185281842789032    .233473510485112    .278798487528308    .325970780736029    .366248850252049    .410988153421799    .44958301275698    .489599189424807    .527999570682119    .56083894233847    .603053220774244    .640242134117814    .690889059350093    .735042318058512    .788372879640223    .835487747838042    .889350666975081    .943511216522593    1.00000002474883 
 6525.6207     15            10            2019          3 
   6.99667367271357E-02    .129110261828115    .192960421900939    .24582156692988    .303284802016037    .360663353616883    .423653350587592    .484144520667494    .540320256252118    .587037742560068    .6192546177183    .65425282252748    .677101837320241    .706470750935616    .73926763407828    .763289011007413    .790544859347633    .809706111318652    .833282801741756    .851164392156979    .88748202814638    .918134344580432    .961427265910314    .999999910688572 
 1942.69411    16            10            2019          4 
   .1332308564007536935395351562    .2513802854943540236501772273    .3427846908950581005261811392    .4229744125800638784044081958    .4638638658352652338046157972    .4913037493071927829132091207    .4992520412799316100258316015    .5136545145545327256898925791    .5367123906089363703274932974    .5785795067860683429981676323    .6128273071255669787355251723    .6265149998318572140006127882    .6132416801325454165298313485    .5732945780125930376141409107    .5293880259924193624080118305    .5020285463263179399869596557    .4845773686934172050380077592    .4955136761082783125337215338    .5319730958570724240266523483    .5719150504862548844604259391    .6638502651351529551916951043    .7549644550062490280572271875    .8847136516000452587978454313    .9999999433776015308966989147 
 3219.304443   17            10            2019          5 
   .0866252337850111183162803469    .1588325705298944291240491417    .2435710924156296081004104028    .3341948607374999979149222701    .4356515591588614472644953263    .5782348432586560437956069382    .718593112568198322459805955    .8687771068317070005050156109    .9679712047041088123643483568    1.0183392276329672993278939789    .9803788538429945564486645229    .9231242501658610608142474458    .8385196391939996462148826973    .7699219020398811035965137517    .7371101559406011107722998287    .7079554109757118115467403777    .7197756661500063043276457218    .746156209370969392347090921    .8021791805417018771840336941    .8724552305412389976936393772    .9453464417189325141437081538    .9836348366758055010083431243    1.0030511426222387877467356386    .9999998623926354765074947589 
 379.89945     18            10            2019          6 
  -.0590232494413982436668439504   -.0153180742957116679163394419    .0450461036466359717025123358    .1014235740536081323623922067    .0262924097415776727236641169   -.2092597396495309482548605953   -.452442350206087426554579113   -.7627765715375476326696445599   -.9902991436286627948526906264   -1.1819451173198592417019819323   -1.308338824918014490413186963   -1.4723403784869917553184138592   -1.7067600387418302395541767697   -2.0041563629534078030384092422   -2.269049876223827120570982664   -2.4912563047932814854035719188   -2.560000810740842083346001159   -2.3149314904246373612807283611   -2.025158499176558428815835348   -1.4017695998243745812214258273   -.828896962077728725324556274   -.130930960810814545796262669    .4228126679309485707336507068    1.0000001316137730654782469414 
 5091.00583    19            10            2019          7 
   .0333599107271106778520424519    .061482428119710088801842916    .0829072513554752696089526969    .1010172482949209272463158817    .114478556784524444357196896    .1270701157299597906765704882    .1442806833320793898992647588    .1777711969345751073319827646    .2056240033808800411450324346    .2623033727698559716636584563    .3037307462678745351191239944    .3572252833189153900458212596    .3999046687400866716351805867    .4491876608202587738934095858    .4979536627244443756608308579    .5492431345339865776582699376    .6125913236284783433453659981    .65977669485403044608181091    .7225843227918676337481232073    .7639181980665694896680171352    .8126822357223660849746070709    .8570876062029573436964616479    .9250020835273724288781653192    1.0000000333922226131098341327 
 6990.47238    20            10            2019          1 
   .0684188813002648613569087587    .1371492580019320525517904986    .2011024325082878018609666547    .2521025624880589257116841652    .2945188662629405882868247596    .3337801615060526138578348835    .367938225084582910547169632    .4102616882094025239536101278    .4509665196617227747347168547    .5023619019005408043683594384    .5453876065525631903004529145    .5921159222146872998588401547    .6308377689348656005990828334    .6647104440744532345895628873    .6994374248568306338119027086    .7310523126621666159848270511    .7832885536699595685978520381    .8279011324839824343887901893    .8836577364461312698870859425    .9245815802794145365037548435    .959977185404457602620554235    .9766495923126728668942970632    .988625607015129927457062637    .9999999456402973442547240277 
 4067.49682    21            10            2019          2 
   .0030850767819407907982089092    .0151543916880062858905935174    .0207337076664266451719069814    .0263190617565129405559068145    .0349743850568025766766303213    .0589951045124603195141526872    .0884121895883866972513084841    .1364495473655957277429414192    .1923341884751614876493007314    .2611512797691627943301010374    .3182384786720005352087773728    .3967046740063585347806123177    .4526007226233061935128937605    .5268117210230541741394649695    .5747264480959077922524350001    .6310994485301158760340469055    .6730264634847335910148296072    .7067968648098414493659026389    .7546117761931034527520540262    .7925668150860410506725362357    .852941539607644979056185224    .8960496249386127362725264528    .9639982951480217752204659376    1.0000000442532613952971695255 
 7133.42954    22            10            2019          3 
   .0276418374772367906503496493    .0437414427731208795257827696    .0557135943898311778937119774    .0698749734899603424133632082    .0851161417653814801680931722    .1108846306765371092457724058    .1483289340795815865029207256    .1925514217667593307440168534    .2437336754012432566902455169    .2906467342775491969042424999    .3427819657135072788565035718    .3813409783816270791959066578    .4343754967543984460523598303    .473640761579597798901087905    .5263114998119123498064298537    .5725283998529548803814216969    .6240703682621641202893272007    .6838275997045875356049286778    .7439456674019380585344647562    .8149863915246578576284640782    .8765273372280340768600344232    .9369046070370241576676455123    .9734892538098862332072603608    .9999999243000863789284726011 
 4732.777957   23            10            2019          4 
   .0044186099981871598291844394   -.0005896175618956889931272134   -.0079258377090180484881767294   -.0097964557858508467524964007    .0183352865459603897491698869    .0720184642289991125396039787    .1642920092733182073515138289    .2607193938128798633601310107    .3729055146966405633130360694    .4611858024675971503642633281    .5287535191247933713278152846    .579017022327633360383317049    .6138177253178074671293944247    .6461177827869941628026391689    .6788112666997869893941445265    .7266233555101896363907528231    .7709222856321716932810672318    .8214416639280337148510768387    .8670459584799828376989713063    .9051738828490322095201560287    .9374760532421910111596642564    .9566715449439792934701584607    .9802790331919220439354324013    .9999997977931758694590285846 
 4725.8592     24            10            2019          5 
   3.02915488829424E-02    .065306069384877    .11495652929779    .16578728492856    .22560420463959    .288542650292366    .347535493354044    .39745908920845    .445736727338782    .482288808753814    .513037289005034    .550913172770255    .576674908941029    .616137134121558    .64455308754689    .688013169994702    .714647918298777    .760754210611321    .797012704952943    .838513094977258    .884598361433938    .925296152694837    .963865631400688    1.0000000370303 
 5884.73458    25            10            2019          6 
   .0254380716691558924990632288    .0423216878542719253788333135    .0566206505102903043759706831    .0741659447961032764199876624    .0934014087683798306498982321    .1272568694168701148115332671    .1736153068776128217493880582    .2308593499895793091147366582    .2905374875887775383745514653    .3517191764322529564281555074    .4037398743649029621995288019    .4528829573822512144634397428    .4946637712248357682089376408    .5469436142351895163978661549    .5930471379050709879255081034    .6550370195285850938072384566    .7068240620633054957595045858    .7660457644633481498497762324    .8096484106849896363550180712    .8464465019253255768758902972    .8778237879336947087934762896    .9077238620335532618023360367    .9481729250735383209075845864    .9999999014399048733307526675 
 6250.63654    26            10            2019          7 
   .0628856113268745586029547    .1217948276352667275707571376    .1857969172528466996738863335    .2311214211152965230641933949    .2634904444467986935615360544    .2913812038733578324488532811    .3133170497864206322897155687    .353475359807114940648908695    .4033766775375488397858436351    .4708480458215860364199003643    .5174682577208368605607645841    .5616319198108421770432999773    .5673670157119709923175280321    .564219496275494527474157056    .5565001224659272861832404672    .5648987870921702959871667726    .590732636007660109445429377    .6319225209661606720137338205    .7013556094560570946267178094    .7616744262017192892165827322    .8386901024323516337425692008    .9080943938551256733286239036    .9582915214583889403366268998    .9999999136087986328509192121 
 5732.83906    27            10            2019          1 
   .021654837803871647497461755    .0349529435420780851294297454    .0473746248861205603075136737    .0735992054868534893076171582    .0963692150115932262016090855    .1491833960536823442589368626    .1936668705295906213700686026    .2504732794644334564661579737    .3048892497603098594573139822    .3496883444692410395347815677    .3762917426117313678783091462    .4086481367226799490861688345    .4219865540757043334825450342    .4543776604815415836913447209    .4967999223756335486592222598    .5455225530088402656117822362    .6033319553889587125440775936    .6612868354270527873496591757    .7069816468910257529538950636    .7734811589146547574632245127    .8311695043467695044625934432    .8962097045159331579072795391    .9550093666854132828211647023    .9999999895339814406023112744 
 4958.14537    28            10            2019          2 
   .0374182453629833769879966226    .0884252814878640801126813271    .1135595989998171433202653354    .1619666710175542916766072956    .2058150626592055730709646377    .2003142759809803640347882741    .2059092511037045289376015209    .1740836614477884903160876866    .1447937376632424151775122318    .1254839569175439484945960751    .1458030666817661298220467465    .1563337381533853655444555874    .2184496256510526636696817947    .2795271006747428222339515632    .3592236344615285049619269231    .4335195601576320865315814651    .5146587704829638748571020619    .5923765401819995447208922799    .6643728156764391117479478017    .7374761583482978838113413363    .8176369786430848436378137094    .8799860985116698988597827256    .9440630822004317311898420598    1.0000001270636403304972076686 
 4560.6009502                29            10            2019          3 
   .0427141515180049176844553822    .0782542046315955705516574271    .1251161428572207729397056424    .1674689823424490150868188099    .2242204505867052257406250277    .3034383001519377265335202052    .3840325034189175221121278974    .4693284993299258730659201449    .5384917529108311152322664356    .6021267876724830841570349151    .6436079437889163293802797489    .6867814207385637885841091276    .7238559207543095424407035857    .7394700910747532036945809432    .7617441293230558078394008225    .7618228470192366711225091215    .7822583117787466885574039672    .790435523599562661863693088    .8450064020249346129691555402    .8724082732617766843528909634    .924806850249644979342047237    .9540742651051689025717030164    .9850616287318423845554019637    1.0000000109196135649219818908 
 4808.81027    30            10            2019          4 
   .0228272678347944053945800611    .0421596171645174930139217158    .0498425362080255247832849101    .0607213808832595094253947349    .0690481806012280039486773097    .0909733542055507213845640036    .1300873323912610925279861374    .1704704602537791535701407492    .2183833299790386614691704192    .2493947427042073756010340578    .2784915446456156399782435168    .2994539021394994650100845006    .3388457661067172858121516198    .3873326031638174820317874591    .4551138175804968907621302348    .523016475757110708383177696    .5920585009896845025661617546    .6601298079493579188350884968    .7197360273479868441555295547    .7939450270721535453716288956    .8567358179427611312267472761    .9160257428912869128438290413    .9639918690325039586142790366    1.0000001518046999180111133809 
 5858.15192    31            10            2019          5 
   .018496481736854649546200229    .0353402750265308926983238769    .0478860575537959077032607922    .0576213803618804068160799763    .0730878109422604390225509891    .0852899185311670783710231946    .1022117057012068748124920598    .1240547206566810920123764902    .1511735291426173870888619768    .1723424065793090596394092832    .2114977584944570710279565437    .2432021257652874253216703878    .2907355465100331505230065799    .3380818775351937271029324893    .4007685413525431412847347257    .4641672044585692478934551086    .532821962049765346474660903    .6073493908297277479959925655    .6803951236553114177346223551    .7564448755367887420714073936    .825284162313086615889606359    .8930932607155739313773207848    .9492217129118085418310558255    .9999998429538850197657557505 
