 4171.76772    1             4             2019          2 
   .0532575193328357217357250178    .0920159572067449623010170854    .0948784607787319472331503634    .1056238576964682971371186505    .0946161019722354052828233687    .1214579128101600057445192562    .1689930378002924860830938114    .222647846750202094185627382    .32200929921381145352934463    .4125721074422619100183267155    .4872579530866114472931393218    .5415148089788661579652857566    .5847545126505748982591964636    .5740717510513744518834332416    .5789365952522399785000493748    .5656278485226881232016436428    .5734744023571858885757906003    .5881482778240587182068708274    .6424995780925214120022962352    .7039085579769527532563581944    .7902371899075914993656454104    .8654014898029845247472215447    .9456545198062944885148111746    1.0000000671178308077037424318 
 3643.922524   2             4             2019          3 
   .0540168455019544756929085576    .0993076822069118174258965117    .1120010914919221811643545251    .1201077951348890973292274092    .1264410527296929982696854946    .1455414039423193839562544991    .163524442705741786512253519    .2131916348065582527187671897    .2471881863753917727368234243    .276493803961019671778290531    .2948484752141782913494238716    .368474903392320313778438611    .4354047018152244336795345103    .5700209009163884188005310071    .6993463728209606687016378507    .8447830544489370158738314602    .9133374757777918112509243899    1.0077280666135260564063518492    1.0065428054089988659704006374    1.0344141444210354457031260415    1.0091715660198268254948221835    1.0175504488854494646220420026    .9897213720233311963797394942    .9999998561989184597712923273 
 3479.780675   3             4             2019          4 
  -.0010591601437639456975258936    .0332251112349199996634845384    .0436646197536573192217064083    .0584841169623427487998219888    .0527705097390944042759246601    .0701451105104490529421081977    .0897690771847280288721070043    .1549533865377880460813812641    .2252388794589762471164939152    .2701726309230681614725617729    .3167340424407638852123920138    .3248069650251736052301629613    .3090964921230272652169378462    .3152687202046146198567528972    .3542059443157290365721109708    .3783209698984836163560796831    .4748951598795806290291556953    .5567428470186558524985198959    .6487282420464617356954544269    .7515677694255831224190587816    .8429479538965483794463569173    .910950228206552127024499899    .9747131548743370155074500493    1.0000000933966908704670014871 
 2355.83769    4             4             2019          5 
   .0504904478372616578691378352    .0684739872720178782775141016    .0844285668933329613212869516    .1162717623386015188508169253    .1362242404738842598277642803    .1496031757603810133456180506    .1941132031044125115427625237    .1798102652819006389188042916    .2005925119569676296332622134    .1665413970009113828211144716    .1526854339443053905806218764    .1225217684669948548110714707    .1356158793774965031652923424    .1312914728009126978522870988    .211070016457712755245035578    .2372037353727879275078581496    .3002662292918830074409752736    .3585596340467750985001008283    .401507923918137161648008102    .4928174826848958342287154766    .6103429816508284150934014474    .735084597445250992652214508    .8808009179953309941314335624    .9999997071105522554060165325 
 3063.450771   5             4             2019          6 
   .0398069723053499657494577705    .0864241405497029937420202141    .0874908787623537104327765285    .0991985256876843737600900393    .1196499396921433342661017091    .1504363655400160500898089999    .1788452111542026800208045517    .244269569168147732575396427    .2834105278331564218891768181    .3452724000048897798984738443    .387086683822542157639261767    .4280581272640924054202795609    .4575343639494704973014890338    .4885960676010484517754961501    .5378908045785600123815405683    .5803403197563575275745797189    .6490722876382073253822168243    .7113105980445343999947698197    .7890800867059208244740551765    .8433554814907779694821803944    .9109331954725901485687690197    .9477534378828116640885952073    .9827003027103646575948192379    1.000000074752302915332207896 
 3165.051      6             4             2019          7 
   .0115023012267416859949492125    .0462302819133088218799633876    .0750477006531648305193186461    .1196897617131603882528275216    .1727051159681155216772178395    .2013166612481125896549534273    .2211216817675291804144704145    .2629050843098578822268582718    .2836837384294913415297257453    .3309362155617713585025960087    .3697412774707263800804473609    .4061296326662666731120604376    .4289159953504698660463923014    .4565329279054271163403054169    .4881260997058183264661454112    .5394601856336596155954517005    .6014715086739518573318407823    .6715534757575786298546216159    .7386655064957879035756453845    .7814701880001301716781182989    .839981093511605342220393921    .879355182586315354792071281    .9408129600439297818581754291    1 
 1631.2547992                7             4             2019          1 
   .1155769166732637558146103261    .1925003378711898780600994415    .1843854192168558433504592138    .1346117112468814614353963398    .059233511556494306864381607   -.0314488208863257025873950299   -.0447529901740686937069886047    .0042740478087293525493279664    .075910519963360975839389886    .1753746258035836588145928687    .2818383738858397223466694338    .3358050503628519838165574054    .3908438462910117273112755787    .4144781062600290800726062318    .4289751670573966333438021495    .4310712221934041069210789667    .4312204324823910685111319549    .4801617750851242982200570006    .5322489168619146030954401988    .6385587343625575768359707272    .7240732720475419398845806013    .830765984973416040203365429    .914130030900938360286051381    1.0000001230954232891614103642 
 4202.079036   8             4             2019          2 
   .0284992973654291827556191639    .0640183817808609157250511078    .0795948855636898115687893501    .0995549575379286131066479065    .1073130695869186407183037097    .1012724882978617063784328116    .1134530302537603197999439057    .1386443460508009350064971029    .1959464096096073524686554706    .2675756430013040811353268416    .3641840115070125016087393745    .4350663051164942438745695215    .4971234434439609621850054131    .5113083265671350404366834951    .5166045144325552852357153998    .5021949806086417456903825833    .5012842409563854762297717048    .5213217031932095243912494558    .5781730850814011200335737807    .6505915230481638184970112495    .7472572441162432243218758915    .8504837651511512407450110608    .9372627135897593335985982154    .9999999914328122599357981233 
 1332.71319    9             4             2019          3 
   .1325971719391476871328931621    .173023574562205691083465603    .1899764344644926940356912052    .1799464444409077995243672797    .1632933489613020187786991138    .1741401688986060083940491352    .1857222558140960546807524281    .2479094545466305469671235114    .3230966746866218079525422871    .4484212390814560783329532441    .5682255609700989002742593101    .6515312570741496150420781834    .7455108927075299674943563814    .7876668497593244349896469472    .7447555163763330053032640879    .7172114804386381138765498374    .6447779660678529038944981103    .5458929238930996098267775079    .4812757949818145042895538537    .5009805598157244920791997264    .5308185626946485012277848019    .6623122714047723951767896887    .8195251673017507990597736937    .9999998574336913405951958801 
 2300.425088   10            4             2019          4 
   .0807961106708291993727378442    .1662629233158493531435525711    .235841498525684658156536328    .256117924931968051984659976    .2914836929477966117538707698    .2675828929231361260480219558    .2479493911692202862986686398    .2212165058773693916521918926    .2061997160761272309685400197    .2135267966613307948761163919    .2629733970280887494824608694    .3314407428337001339467221112    .4270881956230865101745925664    .5385595933824209797524169585    .6635886593147779129071991759    .7675798743505965450503728813    .8465261529959457649594195349    .8900281129258837225826672953    .8839353259565912019822312075    .8707981887563208491664650112    .8705443226326003274747801742    .8863866120382008283853318852    .9414525216654218648479632648    .9999999617462005352638546776 
 3114.01355    11            4             2019          5 
   .0241931798915903882306485147    .045104138997725298915285709    .0329651423642649210694667658    .0259108088980537672997601439    .0309504626272419399074226893    .0407450057498946977928211006    .0843971600573157428939254295    .1362950395639736378154166991    .1867260018826828804261304515    .2561191488713978139240916277    .2784355899800114871048008124    .3100261076256395865714842506    .3308575840975386892584330598    .3461352953971571510984594142    .3811987266400944209122018753    .4417800301479099215865647084    .497535086191259508167522264    .5764104655228619669943311583    .6477836295863259811441732487    .7270543186942780001711938601    .8013417282657617209147982031    .8777643244359036266878157932    .9418051504624955790574514359    .9999998233790601200177821962 
 2174.336951   12            4             2019          6 
   .0535843811817738822946582027    .1050750206378661685173191908    .1307255988402691685664132376    .157514363099282122258336215    .2158168262670526634489412216    .2559372868791392765140935141    .296696608914870986801346044    .322704767390029053505240274    .3160131642356474858987943493    .2853767442597262837943648597    .2771220439053284524713023653    .2745335766498685603214034695    .287418654092495344802701649    .3270574046368216275601527042    .3603885311518122657337850669    .4032038362760639116784250428    .4474968792451892613768122455    .498129785956988043662235495    .5782217882199804458918014313    .6428014753450234678001385812    .7297475210869467489448005062    .8181317063953074492914690847    .9184238896743101892858371425    1.0000000225356056141456798524 
 4532.7026     13            4             2019          7 
   4.64984390507012E-02    6.98059221585112E-02    .102715603858053    .140505725326852    .186986824165896    .253971412084881    .316975406465767    .386319286548893    .429658464264992    .476646445330706    .507266316902332    .538926533845806    .577610576720967    .619198753262154    .661797758775306    .708843075986416    .756347190084785    .804450411693953    .846467276240035    .888249733172435    .915804261981582    .944524796310263    .968397854440362    1.00000011582494 
 5961.543924   14            4             2019          1 
   .0207624067821931559083820985    .051385916786880995225893768    .061230380024622628277392526    .0715042286753769458597718788    .0698929682162650455043430793    .0750287518975260677790822564    .0884098325398835055199033035    .1347617010361559486515325724    .1778396693064439123974824881    .2382305688099464215236737389    .2944973688664882845539862871    .3449462129636067745594287095    .3922153438452129401772734469    .4548241251874738346723619645    .5136458003223797097699619331    .5846458642984243153586131323    .6548318774074673747216359518    .7210573393067899502739619503    .771279228773153630462121208    .8334949911206927811272803431    .8708556149522718839905674072    .9227227158143807043767409135    .9602702039908680541997127119    1.0000000127483754156434191526 
 2306.018688   15            4             2019          2 
   .0672146330845346557746543293    .1316507110631013238345447442    .1553363820787908549681276477    .1585707010540931054241308907    .1067646161243945651840268174    .0465766390181136294416708561   -.0393709558697210349754112661   -.1062447591057857029821260494   -.1347904948114626901063518181   -.1058928105269544112211461835   -.054103117485230024293714657    .0276098239495273335790069712    .0730657998899963815037391406    .1401612665508459227195993999    .15481600468278598789915791    .2063953785269584077195475009    .2584436124049312127690788254    .3037507040359249681848198448    .3672150639570185478045874362    .4607265351008291568537366511    .5614152247494708941404728113    .698083674853549148687558251    .8573356366485786259161486899    1.0000001352981229612654379321 
 3017.612494   16            4             2019          3 
   .0957620637423036862598567966    .1649640240388002582282521528    .211510325222029651365832395    .2304552030397313168070412953    .2365535672387761528137416308    .248391435775915103299542476    .1967725150862263098782092993    .1890500523623561057538489897    .1474423243158801688073869699    .1497681696700981381872552653    .1821766383500399173519593732    .2943968126346178894101569822    .4118023776978701759046998431    .5598184005928231022230119385    .6844705886215753453200011837    .7489006638504460009701961421    .7643459869635600733299455911    .77013698896754369018727956    .7668927022940673177104097714    .7838256252924965520771733655    .8322775058075432265889869423    .8992486627741275517134043255    .9396889115610879360310601895    .9999998362944211749409597984 
 3253.53297    17            4             2019          4 
   .0209821786437897999847224539    .0453887209263473362004996064    .0564869948129033405799480803    .0727925003938103630159309558    .098840184797635537715174898    .1260100954194418383287506688    .1652056717900725622583747784    .214963089800808135040967481    .2458597799302461041296901319    .2928524495634663877403400034    .3234234936921509051128502933    .3625465027944683775557375096    .3992727327425853625205463954    .4579126794587239114407990769    .5063704641050556189691847506    .5743912900934887406412236234    .6300836717815710347634805127    .7021321194725744549624158258    .7653805948676155570047903956    .8364387344751573241318651829    .904253630477271604227818844    .9566182450580791255974270948    .9927982995051683770089472921    1.0000000092207456560675332575 
-844.149357    18            4             2019          5 
   .0169876810082081244776687072    .1224851966569702664596118386    .1446984458225441733055777237    .1398588994009030560690221553    .1110356943623188710194089504   -.0099126889461102793921810687   -.1046001625989510763792478965   -.1378607932766570833270207656   -.1340038928679773904039116623   -.1583113212037902434841278923   -.044164186930725814673575591   -.0023272718076595063970415368    .1438084374445599441474194003    .3356610979447799306918147661    .6265078515009755554430873066    .8588877003669861232862373666    1.0986479967193767583477529084    1.2298439741629750480281417782    1.2957967579189899211165305668    1.3084047163468964177627158934    1.3362872229256463201926007035    1.3272153685950151117629767975    1.2352778466903458175589180719    1.0000000509388529925753411431 
 10105.03674   19            4             2019          6 
   .0366601042165038184710251731    .0834208149548994118748745885    .1411315007252511978496774867    .1984955672709409664155263625    .2582395360989058610785417095    .3114958491481941905339376332    .3714993915004805811324541508    .4263520371920983238305376018    .4809150253520008478464967956    .525599573426192213923608159    .5592387386015580186797024946    .5849636327002607216646299893    .6113323641414093463256423549    .6470030904608071716916884757    .6953593718452922715449721363    .760756759010061748672078554    .8257408869153700870166257307    .886618943653637819430629799    .9325337692933514262512221207    .9638098554800504367092484218    .9812795594051447258765731118    .9939439369123956297461220314    .998838525746913810824996565    1.0000003226113950774215591818 
-1695.934844   20            4             2019          7 
   .0323562076657232711470842331    .0880886435752716924542414791    .2009239336083833654637736779    .3142124250146015633133604041    .4461421986091347740479586491    .531168460384554726443252439    .6214472234759981144652984086    .660870907844853501930879604    .7162297562889155427954636682    .7623818831096555971226922914    .8426267111945722839338042399    .9256381549997801684414239206    1.0316080279791692280366874755    1.1060271605575903834664063309    1.1607910568998250972901173555    1.1915210110512948456173119349    1.1838680047781363940182126478    1.1872938439373205071078780194    1.1770469880150655127408892367    1.1627881855112117738881718501    1.1437562043509732853864284423    1.1185606609306742918715573014    1.0509631347606181974288158443    .9999995023393717123250520348 
 1600.922563   21            4             2019          1 
   .0608978112078741437539474544    .1014986007165169799658823348    .1374183892990706759125113286    .155074708632237573129887857    .2306666221931435168360482405    .3020543973681255437462405232    .4102159062393075910443021222    .5041715437425563974639290533    .5489271750616210160815879512    .5593887054235989301876058324    .5557347498012619364900537041    .5140784563981437245818866006    .4984024327227874793841605692    .4562286252192698966914366613    .4984480314304871221931800583    .5133623692953098818933942403    .615763199784448287521574521    .7287498014980503463614435922    .8831563953665134270457527433    .9640834826562438797984509386    1.0719669018744412561571224479    1.0900027523692287420150502308    1.0443053515762086239020668984    1.000000272967606366354897829 
-2884.51942    22            4             2019          2 
   .061632866385763490543599807    .1306897770859868227200217636    .2109007815242928751022241341    .2844237394664515727198674918    .3336060743179187887041509327    .364343880895071248991625787    .3402084912986995941251107958    .298671901470505613721955805    .2068229445305658576568016311    .1267515127355252820589434617    .0342504991698062480023102081   -.0192856631903001713886883798   -.0666351901350693627848759638   -.0189207809181607104590060274    .0401316070876028284808704807    .1693771227929538432436693389    .3142233654991305276079576542    .4619306740531495537651814457    .5591898563123558377707160661    .681758280552675218251780742    .7510283983458152623565973427    .8444879875345058345975705027    .9210515212963967495146903882    .9999998543951560568796586573 
-2482.00588    23            4             2019          3 
   .0432598894568291675441155683    .0996701103705685016346536617    .1248684793607338271092250595    .1776166622135480194752802117    .2243272687170265688492244829    .2848264807495137763331970833    .3308619075471328053421049913    .3591449187058332029414853763    .3824492148261953352020261934    .3971360454633572423285314699    .4140211787088916969044408549    .4469675148392476813955009647    .5095495583596280601881571691    .5734531136566042301237416891    .6411056528198071795059566902    .7153375478707568573528117508    .7295059268755640498321462478    .7523757357093771268583779503    .7662246150681963734912666686    .7970706338536152057786422327    .829915036301203283208982567    .9101469171378433640133036268    .9482040389042108151653532747    .9999996454480599377145714095 
-2909.62934    24            4             2019          4 
   .0308315903908227705732442195    .0627979301308530247361335723    .1066721096509151918298981684    .1914723268497148162521622084    .2709364004419889442000196492    .3770992356022915276211780295    .4656404104036151903802289813    .5369216547699508694121155652    .5785840061676034652578805794    .6138396995955505452801077405    .6184605630901426090238696864    .6301816436866147356075258713    .6397127546149916126430042117    .650146729686194324669547084    .6714642216248754214170798814    .7000922667352536388707160892    .7383229095428354458372350617    .7729097892585864562391304454    .810808431014790358142319255    .8397980342059652175489816858    .8719375231485670954912765624    .9118164858758263690041013953    .9464470137629283048128735188    1.0000002268330164693761302256 
 3611.651753   25            4             2019          5 
  -.0303998301909370164017582677   -.0498867865237393501266510398   -.0377276684793369113071295609   -.0134899329536769986582922908    .0462586404852638625925681822    .1105920025839213296930513887    .1776442037821247269074671497    .243149273534069883509059352    .2932220691323114950390954817    .3241993082603830990124811184    .3313126740434101870064768673    .337061844068663172686572143    .334473554654481660928840943    .3635375417658658187911950657    .4398361493963230402297316953    .5638024204046231032064845926    .6957243310938899374000636102    .8509474916697484814228710051    .9465112457646189898309389964    1.0150657512742757510264307036    1.0362992491984040965203214043    1.0433082306094643006961031328    1.0138073242965848041994208294    1.000000068389760943820432623 
-2365.647974   26            4             2019          6 
   .059855989376380477478429764    .1272516043420414672398759867    .2105732152352774360839877015    .3044797061593577574276907186    .4057239752274317040883615425    .5044507945035443384189671493    .5951337711584640023029901574    .6740229389683488047152699483    .7247312443960438553399069679    .7586132931543262657895354298    .7793902644282441323199171814    .7831647059758181924661965787    .7853116864462100226244397257    .7980811265032284131383615574    .8070228626501467796154864418    .8374584983792690027683721636    .8622724185589246086197269518    .8946584712776880809063267669    .9101620459443726178001494993    .922318546115179519097797938    .927965624694420404918622943    .9416295342681446652129823607    .9617961019588284693790201263    1.0000000109906462355163583608 
 306.19221     27            4             2019          7 
  -.640295192356461322121813615   -1.2487205340723723833470485745   -2.10410643693384622685208092   -2.8881675337200773331235304778   -3.5979916014192523056024188205   -4.0405502151736649341928065381   -4.4859763088028921441208448771   -4.7382622830280365395318189186   -5.010303821903241757848770875   -5.2551043019677084534580419273   -5.5196832081390966804805386786   -5.7622106062071272159406014934   -5.8836898561201148781675405785   -6.0236248335645116510312264313   -6.1918035079991094482776031435   -6.2991086546584578360109161497   -5.9083736976848627207073622154   -5.4672259624109966742785520246   -4.2959976022904044488917598524   -3.0392118728298149714520823374   -1.5612219527074186505267393968   -.4932084980215531936622424196    .5484401448358206108509422888    1.0000002939330167805379503287 
-1004.9218409                28            4             2019          1 
  -.0781559588053730000287030283   -.0780558614685394086751209748   -.0041170505323027455756435038    .1089074747365260493663134593    .2931453850541940191599631099    .4356504975629891297748188886    .5755259528263677127927372526    .570429636086537165439768481    .5256523228979807120042463792    .4778420375160143461859552067    .4162932707536101079480478829    .4423712192401609091149369207    .5386693551363134673014150826    .6449351318900168209091613147    .8055393634145861263467738807    .9763904614922575318464252119    1.1716244508583254536765835358    1.3854152067718284577289656557    1.5836943085789389573610569936    1.5881931659188799704791051477    1.5721531125097870285525804418    1.3311890990466779096551328622    1.1395602656763791310289950332    1.0000001583207703571367368019 
 7609.287323   29            4             2019          2 
  -.0013709733326099559087447012   -.0103753251321404991451391932   -.0368328317887070539260277056   -.0542325033190233760345022524   -.0605008038806054163240853614   -.0457062514841246979681174539   -.0086487784212166750901909661    .0456771686028236996827619989    .116870642709465736387991036    .2173161466779850231711377841    .3242500769477120715632096522    .4502102305488143018830779404    .5763015396652278575024706029    .6872680420665461051088765675    .7757534640803574765999146909    .8442981224511188036787975551    .8900929499045018515986980033    .9225247650699074541964171275    .9587226359490171140170520802    .978071097079533948885162895    .998271411967814321420124406    1.0018044629433951524345665716    1.0015725095520880490741852882    1.0000000889702243143960198176 
 581.415077    30            4             2019          3 
  -.0441322920836468091796663195   -.0460667276435282396366202248   -.1543357122127054851038890414   -.2551072475886276337481354994   -.5620129455294465987850535221   -.8804910987886198210852382144   -1.1712879953403753924324188105   -1.3863402100940013979032057333   -1.4680314181119868000946249971   -1.4094961283571942872062810301   -1.3245774498551574368615831405   -1.2984269412057231532714450059   -1.2143842289800131894412500761   -1.2315545783481634756437525269   -1.1483250545289866984305947058   -1.0400146537651619928665867741   -.8644110204249140928280399581   -.7096412121421474593098658155   -.6055272969813268189465957038   -.5352573614116993391968746624   -.3878599109668427122676765398   -.0994514457697835035674522076    .3731148513026950623779575637    .9999998675644938598659697296 
