 164637.677    1             2             2017          4 
   4.05309703482241E-02    8.25985773027215E-02    .125887491833051    .169909396141747    .214398068796853    .258839359944929    .303343525902033    .347112127772551    .390065017969732    .430383714658462    .467901469099931    .501510023811257    .5320226229261    .561847585167276    .593666793992726    .629964587328331    .672446984143247    .719905079807461    .770116854843621    .821025709837974    .870581214225951    .917640992043395    .961229131348835    1.00000006377641 
 151890.072    2             2             2017          5 
   3.58953671596373E-02    6.66323984933492E-02    9.29869847233169E-02    .119435060903783    .147440100627512    .180413950232541    .218192338469627    .257339328027312    .297494036509509    .335434972915807    .367092170777297    .39311543700664    .416892346945164    .439688361428916    .468594803467471    .508992183340331    .559417066031149    .619603171381076    .685715386157694    .753244692813102    .818800584198156    .881627939777394    .941745327666972    1.00000004032522 
 188397.811    3             2             2017          6 
   4.58702904180108E-02    9.09365661366416E-02    .135335832587646    .178666154990516    .219522314075613    .258206021399845    .2937199068624    .326360405203965    .356933428289674    .387661500615843    .419546574508766    .455077316755554    .494844647836699    .538442885291804    .585022596480699    .633286368836844    .682145540228703    .73096349232529    .779768962522606    .828062301636827    .874362766614098    .918994306282041    .960593034703572    .999999925025668 
 210398.303    4             2             2017          7 
   3.44791840664525E-02    6.95392372057297E-02    .105443283402457    .14346825108423    .18293851507443    .223550716596084    .265100722734917    .307519616585263    .351103933927642    .395841625443148    .441984093022842    .48965539452331    .538406678890846    .587949096659301    .637298910985038    .68569306022397    .732455185843395    .776391124219286    .816483162770567    .854543266563324    .889811641565379    .924904605219178    .961300009273364    .999999970888548 
 198893.674    5             2             2017          1 
   4.24861406571181E-02    8.74920989191441E-02    .133031250751344    .178756313788039    .223930949250553    .267376763702399    .308360148309694    .346857358444693    .383511168447218    .420098674179049    .458349207288011    .49894839635523    .542124967546731    .587744623290533    .634431510689978    .681806029939394    .729399848207339    .776318525595741    .820267023047701    .861754170849094    .898788798330509    .932834784378311    .965756111730331    1.00000006787546 
 197012.478    6             2             2017          2 
   3.67928467066119E-02    7.80150458287216E-02    .122293907603406    .168073824364566    .214714905646738    .259976374916466    .304565238470581    .348222748421549    .392043656176438    .435935625420132    .480516161456027    .524907186970157    .568720599958648    .612062516796525    .653994386525609    .695528518122593    .735343493065449    .774155596885594    .810575085756751    .84631036986906    .881447420934424    .918029653304498    .957216019586333    .999999953048659 
 191097.779    7             2             2017          3 
   4.68364920629193E-02    9.59496327728121E-02    .14565069035941    .193400583033464    .2385138182977    .279943852395584    .31754829258115    .353039858262822    .388737225001971    .425862280364336    .466291844959119    .51002109468525    .555555171444457    .600098345138276    .642030944273821    .678629232328755    .709993125430306    .739543606234168    .769837325660389    .804458181981278    .845759437109942    .893669955996715    .945238533489183    1.00000001177408 
 231881.499    8             2             2017          4 
   4.48586441492579E-02    8.91406114023353E-02    .132295154897739    .174058244805249    .214021494660081    .252954264637128    .290716177943114    .328329139898306    .366111167195793    .404533001358595    .443265776941092    .48261433715115    .522098237233666    .56169561122468    .601910622891048    .642799705961018    .684875211303511    .728132152535378    .772555974808495    .817625803234091    .863260642777715    .90891731459352    .954527087454269    .999999936928991 
 182740.251    9             2             2017          5 
   5.74333765604683E-02    .113991246857267    .168780325164241    .221241132892227    .270612161821973    .317564115055035    .360385290471665    .402296127482609    .443236880253601    .485706399598849    .530764292317843    .578569638374307    .623670283031952    .665316485542641    .699474258479047    .725331870781988    .745965324437472    .766393910802935    .78892640557334    .818134872075884    .85458979217994    .897818243940138    .94658555136821    .999999994527752 
 202928.269    10            2             2017          6 
   5.02648556877504E-02    .101308013254797    .152069051429202    .201864587185731    .249749310740437    .295017769616416    .336064370299734    .371855727318602    .402823643498876    .430179984866968    .456959536832692    .486076891472917    .519795086743188    .557765477280546    .599777551507622    .643544864183018    .68792811956623    .732398805781958    .777008318762134    .821727630392392    .86651546993189    .911289372896587    .955998982822842    .999999983368507 
 168423.475    11            2             2017          7 
   5.21790374215204E-02    .10350613702306    .152312496817917    .198182665933297    .240036684316126    .277816012769301    .312443455403114    .346350615427867    .380395681183992    .416064421096881    .452866372250068    .489975723767129    .526710136829204    .563339068009967    .601275529212896    .641670497536047    .684888845661212    .730520381734197    .777268615613114    .823710608779447    .869273400723979    .913549907457972    .956921051237068    .999999962891159 
 186440.663    12            2             2017          1 
   3.89518670294715E-02    7.78672676142543E-02    .116737145379332    .154953455620355    .19140351607471    .225623791193823    .257860379719042    .289165853467813    .321688809913747    .357736555705125    .398722241523567    .444632625890737    .495041760619034    .547691973652228    .601257063889544    .654086330204157    .705302482752918    .753476154233586    .79841287090896    .840160570282889    .879587239640958    .918534701574195    .95820868487257    1.00000004760228 
 206338.785    13            2             2017          2 
   3.97416186427942E-02    8.13088150605084E-02    .1236604039323    .166441741521111    .209147051231789    .2512830984187    .293868573351345    .336726677136826    .380200614307678    .424750451969076    .470429084018305    .516384074375547    .562198064823344    .607338140827475    .650567069831297    .692060193021879    .731679425901437    .77001686207467    .807247047616375    .844195157614212    .881517727629345    .919670773480613    .958997935119178    1.00000005755098 
 190873.512    14            2             2017          3 
   4.61511763317636E-02    9.37506899202442E-02    .142200120088559    .189590868952    .236007999796483    .280728653761555    .324566319507182    .368404640136762    .413845072961197    .459818458532371    .50530035369706    .550061016978616    .592577392954346    .632275353048987    .670587251257786    .707735052310454    .743122852740301    .777454570935961    .811693377470835    .845956824014429    .881501878453413    .919446673276489    .959105708706193    .999999937131141 
 181425.998    15            2             2017          4 
   4.31647724162581E-02    8.66323542457515E-02    .128309126501953    .168843904213359    .208178543408095    .24642995642361    .284650214346623    .325235567947654    .367885533141728    .41378329292696    .46244591107334    .513418398351597    .56463134179645    .61478514128113    .661776192902629    .704411775510806    .741949377343373    .775882806498328    .807930825051876    .840441325559086    .875421152430425    .914468667412264    .956225792678291    1.00000001102378 
 190416.117    16            2             2017          5 
   4.12085648314305E-02    8.17231930316986E-02    .119874183562413    .156972211876897    .193557342102507    .230809842963555    .268487974156095    .307001857214114    .345886966726666    .38608125671421    .427544190954697    .471781517777195    .517672788104906    .56471704316132    .611426669243024    .657104344862258    .700293596996309    .74211023849415    .782695284533084    .82333128804953    .864870248220638    .908134787771142    .953140661669936    1.00000004201325 
 204278.164    17            2             2017          6 
   .044716356444796    9.02637545856345E-02    .135827487874573    .180876527752619    .225004469885484    .267828984801577    .309150838192378    .349282506095463    .389205321218278    .429434588882442    .470905193946721    .513831419899094    .557886468166514    .602291682347899    .646337666687664    .689283703249849    .730740043145287    .770735446178183    .809603403695169    .847804149052368    .885666660754793    .923640463720831    .961755465087301    .999999962061535 
 181464.661    18            2             2017          7 
   4.31769297167039E-02    8.63007542243996E-02    .128423894267215    .16994974601074    .210270753144052    .249947211140466    .289444011222659    .329674705058689    .370212707351874    .41178528177726    .454467145878613    .498028098154053    .543114786547889    .589676667472462    .635934511926815    .681125602535361    .724321900477361    .764744113180252    .80323852284385    .841438970312793    .87948029589078    .918256268640647    .958567836522176    1.00000005992902 
 189104.475    19            2             2017          1 
   4.14348374547654E-02    8.48928259431724E-02    .130302516968464    .176398667158723    .222485893710342    .268028117294686    .312731394907498    .356847426865493    .401282644157416    .445569216764965    .489548874041717    .532829719524088    .574995688560517    .614624245737707    .652439445179708    .688647026332931    .721383146802845    .753523036009592    .785643673292237    .819918873548603    .85796786406033    .902280257381535    .949592397932413    .999999966949486 
 205226.749    20            2             2017          2 
   4.63233333651599E-02    9.08353127861515E-02    .132716370314622    .171309049088674    .2074438900567    .242567787484174    .277811312500984    .3147164713955    .354860425930637    .396999677293529    .439535479363852    .481800848850361    .521978778762899    .560847067321132    .599424442899985    .639476368891854    .680685513368435    .723878743749919    .767908396531682    .812744474405722    .858488541861568    .905182244908046    .952540076172039    1.00000000487266 
 181282.339    21            2             2017          3 
   5.26057863805475E-02    .102774970866715    .151005945137877    .196211672541913    .239383624885268    .279330850866835    .316618055765212    .350384574176583    .382601519927984    .413948901001327    .447851946777342    .485104696616365    .526193227584624    .569862203317004    .614609650419394    .657767596641061    .698702146462265    .736732429985913    .773333830522785    .81073077877156    .851177700079212    .8962425905427    .946332446510413    .999999940010703 
 193177.291    22            2             2017          4 
   5.17445655659391E-02    .103019223979981    .150941523501202    .193989424784407    .231956228132685    .266206238496222    .29805689851376    .330364332103353    .36472931942606    .401855715211888    .441238821971574    .482111331282205    .524698505775713    .566914906874328    .610139691898361    .652691600859544    .695148753923669    .735946930609975    .777508816370139    .818817210895664    .861424444682786    .905685761350696    .951887248486159    .999999949528229 
 201832.624    23            2             2017          5 
   4.80829114886427E-02    9.76227851579881E-02    .147006148613269    .195510312421048    .240862866525483    .28249755429157    .320637139198319    .356580152337018    .391268354862195    .426728507354688    .464110154523384    .501991287345102    .539833518812102    .577303419800458    .613532309511568    .649256642845807    .686577325204869    .725981184786063    .767017817446599    .810799530976717    .856077843490753    .902433859007848    .950414518963    .999999927538969 
 210706.412    24            2             2017          6 
   4.87005101943694E-02    9.77997720472787E-02    .146446176671168    .193371065696378    .238090223465767    .28012851834808    .319813846599979    .358080361242163    .395939911524857    .43429066660297    .473847594929859    .514559343951052    .556012349484172    .597976655902622    .640072625079867    .682092214284395    .724087925478034    .765982711290248    .80727965696649    .847904533038131    .887378296181134    .925729199569874    .963089239662056    .999999972710845 
 184376.274    25            2             2017          7 
   .041773342179557    8.36968475164272E-02    .12571872876252    .167000943509413    .207382295837045    .246547576059054    .284647990757748    .322166248462099    .360153019878252    .39868665192247    .438027990249982    .478010213979593    .518681204136385    .560112570395039    .602447108379031    .645780453020761    .689685488627458    .733400271311481    .776632430211709    .819411287159431    .862520311317279    .906469414416087    .952304860412788    .999999954576585 
 203997.525    26            2             2017          1 
   4.46591183367298E-02    9.01134171235656E-02    .136297800978223    .182453500354968    .228582487551013    .27468782632902    .320743359815272    .366627073661801    .411716660226638    .45627364994992    .499323728008465    .541804405776492    .583399043383002    .624490304784335    .664709427847225    .70365421712837    .74040795654261    .774846410514049    .807267529961454    .839592983419774    .873665011376976    .9112698640584    .953402881358487    1.00000003063763 
 189400.679    27            2             2017          2 
   5.27364185244684E-02    .106160883189732    .157176088120043    .203935094195201    .246173384890558    .284844976882316    .321663746681975    .357421212373267    .393747515947395    .430466629293341    .466579966695896    .502254213473543    .537060302394692    .570667420231371    .604213572737509    .639139323650471    .675558395173441    .71538888530067    .758691924356829    .804800441079728    .852658803034175    .901656779435305    .950749957448674    .999999962381339 
 189594.993    28            2             2017          3 
   4.94039275851947E-02    9.84318583771883E-02    .147148264715778    .192663192126071    .234987498456776    .27273935248385    .306478252764302    .335737538438054    .364655553891658    .391832893432476    .420559505822498    .450886074757786    .484701000582331    .520792654516462    .561330051514071    .604347859149424    .649784597687134    .696172706285551    .743593608508427    .791981209519599    .841454430576656    .892693751807043    .945612063183546    1.00000011933332 
