 5021.76152    1             7             2019          2 
   .1490364679842462929223289759    .2847922973450957503852154254    .4034367207465479165167524721    .4795289442577910390296670241    .5260056634469571545882569111    .5370655275561552353445888048    .5306532357992181197804072544    .5616196605051049895336328118    .5874715452437494483011610635    .6714140021527744710585141447    .7533961907454338851200564379    .8654795698064132683066956951    .9441270719681646690382859917    1.0174121131901142131496519174    1.0451165351237149150802366258    1.0388050048222919195892042281    1.0003846220080956771519488643    .9391439599863754581480006243    .8875959127585174534532655386    .8356856420374179775864784595    .8450787603310959298600862273    .8698411867236578769276164273    .9248621189004610477799033356    .9999998964506781277817430088 
 5445.472657   2             7             2019          3 
   .0599827821337272761922528555    .1302751560212269008185013461    .1863331365176662937378513771    .2514584290933480303764933586    .3079960373768524461071405578    .3770231032857796608343157089    .4410234246448443786575788512    .5343359857403099985853073764    .6143925809083352817209821131    .7073892832880677523894139351    .7880812686633236729885576212    .8472267313782969565280841699    .8934315359651984016931223019    .9412613601890316130183444607    .9621374176335341756909312124    .9998795959430340410209868032    1.019200049212550843591537292    1.0299583439814524809209780226    1.0284952937557280622298054448    1.0321407073406226819660257088    1.0187609688699241227316661192    1.0239849414783316209753947902    1.0139340233216416644289836529    .9999998793493161414656608384 
 6414.587053   3             7             2019          4 
  -.0176389998397610023050068349   -.0385605960222050789588060486   -.0630254444533453898080569084   -.0774141025598456399964925381   -.0922350254367964222559908565   -.0986942720972065043077684147   -.0978032248711302975281330242   -.0710597106616272154284847306   -.0288368056231288626959413407    .0413004918026794140383458913    .1356581324425280973733789625    .2305906814856036532457984244    .3239207735170166066183403311    .41378033816824716495121202    .4803347393280750289320299914    .535965756110847810798273689    .5896600932761555898086273894    .6334707076895289583655136654    .6743581409464114415846559718    .7295793106138082681656920059    .7789502206012075770639634969    .8462842510588654723803933073    .9203451369857027022562414042    .9999999917375819266163445736 
 13503.1888    4             7             2019          5 
   4.03695515078076E-02    8.16872478357205E-02    .118327401392102    .154322651579205    .18288471649517    .209064622017282    .241785734194041    .299707237891005    .362766236117686    .450910093258398    .543451276880058    .620679779727289    .679533282607846    .723575903141486    .749430690146501    .765366162181077    .794478570915412    .816066064382141    .849378146631742    .877880528741293    .911541848521551    .94425410139048    .973493939515791    .999999903726444 
 4184.82426    5             7             2019          6 
   .0696468434256304946960902965    .1136014490606112095134910157    .1229930262352283342956915472    .1258874608034316834131524558    .1048886578572835935528628387    .0813767027817794193345648402    .0633814429282628943658436926    .0433871505036629662436529653    .0238501198136334642640405645    .0012339901699958124406399804   -.0109901460951672078100598662   -.0248495500740573512159863076   -.0073534939792190938981031428    .0361823079280275439810225149    .1228227442936874964493730019    .2425781674282303075732981915    .3925980872611362657317418629    .5416351701230101356753270208    .6778136484995429652761571402    .7940701433421722708135896727    .8641156176054093129349235803    .9249834065911288709648227857    .9550393879622557913578908568    .9999999378707482449932079107 
 9083.8505     6             7             2019          7 
   1.71551035942638E-02    4.92650441997828E-02    8.15487856761912E-02    .124912478391941    .168066817882598    .210031221001938    .253138620970466    .287337603798907    .326685447716046    .355093520647233    .396547743704267    .42755166762019    .470291332111174    .510295845564059    .553812343692386    .597002939361315    .646254847751512    .698781315258326    .748266402746143    .810401106887437    .858761849703768    .912475821273424    .956010971579453    1.00000000946047 
 4077.689737   7             7             2019          1 
   .0897553819946257475645700408    .1904434986687659311731494789    .2919579656091917127632116362    .3878186183835202369149744852    .486882555576836914210768459    .5565852593948836769971251003    .6303105841227959026545231242    .6881538765782758228522868119    .7375607743547164338854650824    .7810964554510930903618182758    .8118010965776428320740578208    .8198330956046448219510527218    .8206806343392967173166760235    .8136854969355899281358198146    .833679906824161595107646612    .8592382515541054270260189734    .9185632653738118379063914543    .9697927638087978442975883528    1.0236740088693020638220273697    1.0361278744832566941323422224    1.0520447303958280531631335344    1.0359412492005396535150854711    1.0165778338618115417445748644    .9999998192604029402642116712 
 6912.007157   8             7             2019          2 
  -.0059090303398538567225039695   -.0128923636761216970481791415   -.0117872042301764069194814348    .0048733398613290816648961985    .0278677518157552451735691974    .0722216121397456475463542406    .134867800166544300932065716    .2026966940537848172832845347    .2727436411999073976074588142    .3380580990333022596434791278    .3811535405214280220109442228    .4092531931387292688244535624    .4356070431655659814878863558    .4507988677130358474829918351    .4850327732379111597612600678    .5201706130119969145165050355    .564965705518004283513215118    .614166609434255827406111582    .6652419327059443899820603152    .7226640376003302798663464983    .781606106198654215311310911    .8557427481841943353184522752    .9183468500277190902220010534    .9999999772859031488413141989 
 6468.61804    9             7             2019          3 
   .0656301697479729379723895399    .1532007754781576189649311864    .2232391820123607112841678931    .3052979767530067365053448109    .3663759376956503680034878053    .4208003909286317978360645329    .4501524099883319127001661703    .4786520058618270186192660094    .4950839545938006876040558425    .528250698815414984681952252    .5636656821369530113730443729    .6185421639148135573019550247    .6679941485615991016220212625    .7318147355010622949071205323    .782432811568512398979117957    .8389062341359082627175803999    .8857545714663962443514441919    .9278411498230926616900694294    .9535469495737918079330589135    .972234248661867195361561339    .9835346530987938808642347972    .9910716570923083904951048864    .9948925659552469108223925987    .9999999938162989756618865071 
 4325.7605     10            7             2019          4 
  -.004410780485882193431652076   -.0150681596912265484878323707   -.0525695770720547288736859103   -.0918873340306288339356744323   -.1578883296937035695804240665   -.2240087494441728801213104609   -.2898195588960600107195023858   -.332017456814819035866641253   -.3522125184692957458000737674   -.3328496804203561431567928923   -.2736776573737727735966889522   -.1983620914750134687299493349   -.1205530911847754862988831675   -.0382415531326803691512740939    .0376517840042230724516532989    .1103077944329095427266488748    .2016220500418365741700216644    .3089847438386845503813722466    .4171039982449328852117448481    .5525650345182078388297271659    .66914684712664975326303895    .7827194778814037439197107653    .892679795841679168321963271    .9999998844133881198462097012 
 9231.41415    11            7             2019          5 
   .0492912778699241870759313729    .1036087195806289332171279522    .1615233566354511350788004674    .2142827705330499119682546146    .2755695886528934464499136354    .3251931883047409372268278095    .3801544317021027596297366856    .4244995334761359395840777006    .4748730723992054890095034898    .5253294805325140785715913309    .5695782807014459426024126542    .614196038426030317359339793    .6431337499899730963754886893    .6677214238080738691590388673    .6743824834248174208498705477    .6935300373236964999560766104    .7048751030198336405479110695    .7396530898789759096660179632    .7797091413128724161942187373    .8270879061362445752691097712    .8778304026149666354206413759    .9212535438029286119721971308    .9659863434899624777423727653    1.0000000920769002656001518467 
 5020.9619     12            7             2019          6 
   .0762025300371229664180483027    .1331392895054630866647285254    .2091830252685247422411231601    .2721864907997011488973855786    .3373305820145737413382881874    .3884875127214169858568335283    .4301018496077414967040478837    .4509633901026016548741387582    .4591307494287100644997923605    .4555718696053041151337953789    .4431395904438151582070359865    .4285963611872856473975634031    .4198960362555230701909926861    .4106974004323753183628021555    .4133970823399396836689798423    .4327437736581908737447300686    .4667878479619612329661374248    .5290715310944701651689490016    .6039782934819720500169499394    .6945185144703049827962247632    .778112058567901102774749197    .8646632032798336908312329556    .9327868032617415400025242175    .9999998207514779190019346691 
 7867.5619     13            7             2019          7 
   4.05462448986559E-02    7.78094409732853E-02    .120951077345909    .155193303267417    .199970932723929    .237158385289245    .281285117842146    .322348859991175    .371263643602934    .412739574427832    .461618858239457    .516232073492647    .566413213174084    .627577010428415    .682974696789484    .735659006818555    .782491559583408    .827086756063527    .863243736939172    .894945368772694    .927829168775749    .949310954301167    .977570346773344    .999999952137332 
-587.530957    14            7             2019          1 
  -.3143299902748784010031321635   -.5056783756842960702069014552   -.6862686896683811675305476712   -.672298872585193838560578179   -.6614667625079711331704347963   -.6015711951668276093918230763   -.595795329300409952696330859   -.6731803580521800487867739708   -.8089791598845063069587327294   -.9291260205034608925296169543   -1.0550965742559161865576386982   -1.050841649523499065599023406   -.9696527361025505929213530786   -.814076933821888809852107929   -.6035549204260908417120223335   -.3714767662872273128580014551   -.1310713402970526368366322526    .110630987568541005406120243    .3341873269156096569733601288    .5369494087781318389321909382    .7019665859070639574826692919    .8040269101939423423436733054    .9083735820919475397106607269    .9999999029838354543078144561 
 3302.47511    15            7             2019          2 
  -.012416674958679703720764757   -.0295922987289372788035940716   -.0487283006350954754054149404   -.070298273951260756057598266   -.1005241187116774363819505062   -.1356396596733169625614528856   -.1509227423064514784488413601   -.1290937511410948983654868484   -.0605931288911364422062215028    .0522144132071899248924240946    .2112593968951971904490750272    .3601326158064519069153559798    .4942341563930817937337913805    .5887447854224706026626193104    .6491942947603320468325952046    .6658911654901162903843959629    .6966075211388951240271421758    .7207524419464890380354751561    .7420186128215815682559375898    .7942249109032649151442052806    .8223156600868371116959001093    .8743569304296740029026289921    .913880014072233234787347118    .9999999666916490401649083133 
 3492.95655    16            7             2019          3 
   .0903383410251696374522608934    .2285279500542312786570448464    .3824198729297105055601106747    .5632328864783617191001130547    .7315584844592469952138396912    .8826803184826332866923294537    1.0014000889876514496007687241    1.0915993214974288758329959759    1.1516902493390591990043506267    1.2116781126292567252232209988    1.2443555875322869389829655911    1.2751873480934081473186375593    1.2663089095683139831785196412    1.2237810401620942006850901137    1.1481121916618172648039380851    1.0481112340203602017322545853    .9484672805334495214376485731    .8594369718111724006415138488    .8079041235139326310829718165    .7624392006822987821019416918    .7899760447921976011983315395    .8241336411699710378590309118    .9118833728406956565205484735    .9999998425402686443379892601 
 8517.08863    17            7             2019          4 
   .0367039740432993474672811994    .0602157406456389077167557901    .0812806734876023005527887761    .0934647430104293748555250152    .1043608019845156877274388537    .1336351010826571614530680304    .1588506423702673151588420185    .2075735121239427562467434368    .243229710291273556936086504    .2865387582564113812679673852    .3119346428592935752976894876    .3342348687053641709021407706    .347441259396639623791257882    .3667842540696914175472188317    .4026198562641938833504894501    .4434791234525406130474892099    .5135089218861398651430964386    .5871730608021158986107674214    .6686005332787055897996449522    .7484497669246398343514713431    .8242487902817561732946296697    .8906390821484265803630600472    .9450434707992465730628424845    1.000000043442074642353463451 
 1860.95159    18            7             2019          5 
   .1734572257196652815670503283    .3894493569281939247006419979    .5509493129802479171422186216    .7016394230867660560691962976    .8369121520243307350085339942    .9432281900465771922632334568    1.0769764301069218033769486717    1.2025320873607464447798988688    1.371598279996095975822777851    1.4944757375445752460438801635    1.6227993335388160204640250744    1.6801366659946269746866440518    1.7247804925436023835525995601    1.7338317758174461701069827399    1.7537694250284071064954462357    1.7732282869324934991995143732    1.726415677476059439031404358    1.6681911644998782585204164285    1.5245345527768403690716102937    1.3580777778319316731930678541    1.1951842336747728080341950217    1.0803327774904665843564474453    .9940140355827310908178970953    1.000000220317391491091931091 
 5773.28941    19            7             2019          6 
   .0124258260595323247444821929    .0396560407318988015187688296    .0833075506602742785416676348    .1410031512693558177261028735    .2168832897639198725012470837    .3072258939466538886017841257    .4088727989127432293403770313    .5179723009936548460680754267    .6307442328618686032578436077    .7414714032151733062001476902    .8565541494307315523958810165    .9596742180295444430179709283    1.0513841536310579656182522816    1.122357730547237540963670484    1.1668103782103658648908785607    1.1845420373616780108724880293    1.187299217691565543740860204    1.1714503673218765591035908245    1.1517413259211614683283303478    1.1285574890311968614786626468    1.0987188671007573826097174643    1.0689838256350290951376366216    1.0332244889140244919750177568    1.0000001021947728755901741638 
 3433.33113    20            7             2019          7 
  -.0624559624110593725342186846   -.10308929916701626155121251   -.1436038882739516010504934897   -.1622781138503235486056947848   -.1819582721110853062401819658   -.1953021059171767099551507576   -.2263154267907738919432452179   -.2672148025524121234411782472   -.2958403840296056733683010645   -.324006615697449491275838576   -.3090692274706401534884868504   -.2694741535169082278411054398   -.1975905248614921683944886493   -.111606770652500389614327704   -.0164760804763972766005823621    .0829263736061484987030656725    .1738891115929153038029279745    .2841123862119294039663456522    .3800827681890386145189555311    .5096059581063478721319839604    .6193600091232679907574193113    .7515983464140844463202126385    .8666740513315999322209273767    .9999999621358980309015518698 
 9093.2859     21            7             2019          1 
   4.82040145402431E-02    .103920332574375    .161063363777416    .223359203057376    .288479928773602    .351619050996049    .413772325010492    .470652402501581    .515885649556559    .550131759421943    .571834864463708    .588325665265017    .600603031531759    .628081721279241    .651895382916532    .69507332748454    .727527088574907    .774322163619644    .805853519387585    .850783647450533    .88309135297698    .927077274776712    .962757467710325    1.00000002560268 
 18304.7364    22            7             2019          2 
   1.75922992205637E-02    3.15438131128745E-02    4.69678242718712E-02    5.82420952629438E-02    .070315699906091    8.11510982966477E-02    9.88353566985639E-02    .120458278287471    .147631727888813    .180809429482552    .215724282325468    .27154873039786    .350992980394681    .45454061243679    .575486938929642    .697069413957799    .794656327822071    .861307718268344    .904889601414856    .925470532349485    .943903261596545    .962435435733726    .983429937906672    .999999889372895 
 23037.9073    23            7             2019          3 
   1.41665650106427E-02    2.92508176084083E-02    4.48854154404494E-02    6.06089170392958E-02    9.41164624744638E-02    .12707880106245    .175295592213605    .225675354229114    .276371966228081    .312040145813287    .350454860196058    .376891354447698    .42393805047616    .475681616462403    .548548189693862    .622831500628532    .696825164961381    .752545108692446    .806857513214753    .845271189057827    .883354990781867    .923855326016309    .963221321566174    1.00000003920169 
 7202.34504    24            7             2019          4 
   .1073182964308524713500812785    .2112363392132071473210064371    .302772914639479699239735396    .3946343842477171851794537186    .4846629786012029215417871733    .5603256963651383188939806749    .6330654772407293611137519177    .6920205811189517796275975137    .7604519041481522801356931381    .8210803519071616152396942094    .8989038936684988365955874838    .9591664883636288549708248912    1.0196565089861343271607548533    1.0447930442388247481128729706    1.0638232349945844860551140716    1.0556049394712142255267459388    1.0467465746406395437006167091    1.0332805438601980668229690923    1.0231163543367258617201710736    1.0138303510102315231484661001    1.0039095544358980057972896006    1.0022346832747685190044713548    .9975438499680654010988621006    .9999999944462532997447175899 
 4789.151455   25            7             2019          5 
   .0008829770868042008915752697    .0061905037413355305966200645    .0013282985639049913905886278    .004290824834647038741438174   -.0004713626247178269704565023    .0013640028012018676072544463   -.0009141773947092679698934266    .0152095962477762148785499205    .1019620499765547715383329843    .1887825449863539552645031144    .3521291852733857630735547494    .5262172273480542911750532642    .6984638158619270477842927187    .8139139128561971945403843988    .9479641733318287800944060977    .9984856492704092190794997524    1.0469963305848300844768334853    1.0798687509873291321917485694    1.0921713479199208161187710861    1.0781513277491450727151831117    1.0613347787724119908836752376    1.0439511147178785557952248975    1.019935378092986203126875218    1.0000001137988650225303847694 
 732.64035     26            7             2019          6 
  -.0894758389979476287376200342   -.1770265588020097446175330092   -.2833416150229781911411240181   -.3535519167078362528080797079   -.5224171723547576925021942895   -.7448525050524449001478010323   -.9774659558404065514546120754   -1.2417244013382555301520043224   -1.4680559158391972268521655953   -1.6028792298977253982803431452   -1.7189975954777811514203387788   -1.812961844102635078725871432   -1.8863853185263410621596257973   -1.8356250785259097454842611385   -1.7361397034711506129849386537   -1.427442537119338294703533596   -1.0614793465852651986749023583   -.5911410694210331167263719504   -.296201676579784337567539107    .072120488586248355008019965    .2697438108616321773705202014    .496628802931752257434360529    .7172322681927087417448411079    .9999999317536906068577849964 
 9342.9445     27            7             2019          7 
   2.34816879517806E-02    4.57970082397471E-02    7.65774888757634E-02    9.93869776922642E-02    .132432298745594    .158906649382256    .194890363901404    .229939633316015    .273985602225361    .321129794955166    .37206562412551    .428488966493647    .475482618444726    .528188928420799    .568964862084566    .612426018873119    .648864987939562    .689530439670946    .727197252880904    .770895156667419    .817278022268569    .871318163785919    .933042914261398    .999999982439958 
 6700.544719   28            7             2019          1 
   .102073343091138020655004004    .2059350482487243288257203556    .3167772306602525340149140194    .424743527482157230864979173    .5459527774849255505729876765    .6539714581076583663346788866    .7649409436021107465427244767    .8554994019733218647891244676    .9332166655449494060752943391    .9778896007394887740917112742    1.0154677396161707491172703865    1.0237715421178133025157711808    1.0265392275490311521343045603    1.0332209231241756301753591804    1.0346194661371679444797687947    1.044898033460912120210565824    1.0596304177878288106982186981    1.0761777291856023504288472759    1.0771195929093238844780553729    1.0821806739739482962474651309    1.0647785067039711521698449544    1.0454123200069340511776979904    1.0200803496794034306033858439    1.0000000419368889820553110169 
 5540.684696   29            7             2019          2 
  -.0248296388529956514962821483   -.0343804079191731721670956459   -.0408442299853981801096880175   -.042807958404713380210726216   -.0424902720362270547798737256   -.0463265668564945172617344692   -.0529164383260548562354070472   -.0650851690334121839009624091   -.0415254995769930742148118078   -.014340839509846744760514342    .0505572714148901282290184303    .1337669513183213268340797857    .2153302462530165242956463661    .287256916306576273005808306    .3610288456666944759853918242    .4288581881794199104521648095    .4958311383398742313128731049    .5879621705151077595266215091    .666691609913620682955390465    .7511766556585879399768681585    .8204448095163724508751580474    .8829504417625138941853261523    .9430433758073570768662270761    1.0000000548668651402357294507 
 1997.60156    30            7             2019          3 
   .1550969954188461887264445268    .2912046184024806228124891933    .4134539222125957891222311621    .5083165834131607306113637596    .6029570781873037784371774319    .6958394646027408989408278195    .7827707142959980467776567015    .9156630814805731329124512698    1.0260684818447979185598953978    1.1861249247322373937273056595    1.2372557418307182339204821206    1.3168226600704096366444567654    1.190381529337612251364080833    1.0847032978888943198462460151    .8248266486135503418409424951    .6561954226747800497312386961    .4394273200307272487312234578    .3777113089559261257284961271    .3331937726360205685862600147    .3781168452832005197272673335    .4795996955468937459179797597    .6164812967006293287035678927    .7999608290253838207855624622    1.0000002202641451681685711139 
 4568.6626     31            7             2019          4 
   .0956152244641571912095237674    .1804978988818303194462204322    .2631520655519626246858325673    .3592602789271416103259627883    .4511639795856231536992904663    .5704376155945505802945483433    .6874451617416440426132584183    .7963523066903649221109039656    .8605608126982281423014253668    .8973006673769255799279202627    .8795606836889202542555889332    .8412175151651601499309666685    .7955369696155719619128801501    .7472466887793377431723673357    .7055419238006325965064699678    .6685696159747055954624445237    .6293331882288703044081215365    .6055380408262146563416611242    .6084382331056795483212089245    .6531357776343562774804162601    .7223757342028277597036822111    .8311701546969128339658962778    .9263980229137516086217441402    1.0000000875529744744118333448 
