 215959.165    1             4             2017          7 
   4.20708016504532E-02    8.44686960263993E-02    .127588944665187    .1714952757967    .216488554676529    .259463873934223    .302472529210557    .342006352219411    .380366902928153    .417514550725365    .456541496224529    .495367919150363    .536870629280772    .5787012732245    .620573627889328    .662533093930049    .704557459392844    .746637897377497    .788725353471338    .830804489126451    .872820895908724    .914815741901947    .957044645454153    1.00000003183472 
 184466.939    2             4             2017          1 
   5.12324877647181E-02    .103593427654806    .156822202805404    .209051688118487    .258031734449445    .303310914361191    .343898937765753    .380074331029584    .41427456514308    .447429557756688    .479910098551589    .512566017995235    .545376182558111    .577497368647723    .610393083770962    .644433185870233    .680264259304482    .718654353287664    .759816454833676    .80350771893602    .849619979193128    .897861262553937    .947959162481685    .999999991868462 
 153017.801    3             4             2017          2 
   6.49480833319844E-02    .130118771483652    .1948725095757    .257682514459543    .317639820709487    .374198523191756    .429052052332787    .481517353412365    .53226078578923    .581367000562242    .628193098674186    .671702180748239    .710868528704709    .745320811155167    .77357962505944    .7964193901205    .814846320968238    .830765782113154    .844786924496451    .862397518540996    .884700683451855    .914889777268463    .953448812305177    .999999973042352 
 217197.15     4             4             2017          3 
   3.55595733566543E-02    7.36557201602323E-02    .112419807160223    .151816617845814    .192272536149761    .233385133909446    .274387808495646    .314382794042187    .35299956744368    .390540273548709    .428497256121915    .467424807081953    .507878908919845    .550004699071788    .592664098608108    .635304218425518    .677591620101829    .720162678239563    .763026313305677    .807565413496448    .853733218299596    .90155317991051    .950342810667635    1.0000000287757 
 253011.591    5             4             2017          4 
   4.27379251161956E-02    8.54601178750937E-02    .128167053026436    .170870429484592    .213532120599566    .256123919289136    .29860372335669    .340904342204623    .383050015088044    .425097372317618    .467093904306542    .509082408007149    .551075913948938    .593055401264205    .634995735234913    .676925200138361    .718818846524703    .760711998862534    .802213679510833    .843306287991367    .883598723150988    .923083388993827    .961772080928103    .999999949113003 
 113031.1875   6             4             2017          5 
   8.44913896828254E-02    .169041287830405    .254211037025732    .340368898462205    .426661695693501    .507409874155308    .580484285587108    .639620273497525    .68419390887139    .715191023052819    .737761259475399    .752672934848181    .765055371885746    .774043281196174    .779615719997633    .784060497130493    .787019719115134    .790559809543716    .797780369245435    .812017452041721    .83615113970204    .875729610577612    .93114186128939    .999999930881908 
 228334.677    7             4             2017          6 
   3.94449520719317E-02    8.15620200343025E-02    .12431318839385    .166405783986547    .208439375592521    .249547448009835    .290002969522671    .33006621460305    .369734788192071    .40935132057274    .449776801203963    .491192091247708    .533435729519087    .576509084623182    .619579907807871    .66229010355269    .704637618950012    .746528225539741    .788781717767731    .83105293343157    .873567623940012    .915909185905214    .957981337959455    1.00000011441539 
 214267.455    8             4             2017          7 
   4.52489389954251E-02    9.12703956399958E-02    .137827798994252    .18488269135413    .231123782599182    .276566459457177    .320826509501875    .364343274857117    .407408246506685    .450343962350699    .493086396100145    .535530939883054    .577918786126433    .620083014356987    .661612157221917    .702328355815866    .741474087256975    .77893705030939    .81472388095523    .850071278323626    .885405622496426    .921965654443415    .960154054310301    .999999845403494 
 138094.612    9             4             2017          1 
   6.36013228379975E-02    .12856847218087    .194084158493454    .259702497480496    .324389126963187    .384384594282723    .438322337478308    .482439452905664    .516371691876726    .541096701604115    .560360328812105    .574570581816038    .586938913753565    .597261659908208    .608862232438149    .622287810548322    .642333397120519    .669739313399135    .70632185264042    .750197455658154    .80294344910792    .862094132155569    .928277131569043    1.00000009413836 
 220029.464    10            4             2017          2 
   4.69598462717134E-02    9.44255818223054E-02    .140932492483143    .186193991103391    .230426703500491    .273838449853016    .316251253286696    .357634347325411    .398044915361881    .437495313695806    .477008842779347    .516922069752895    .55782159929272    .598995204342269    .640552280761816    .681742573917282    .7226233204613    .763130466472436    .803424359793923    .842976875133414    .882200741306173    .921160438312934    .96037201919921    1.00000009260123 
 177515.465    11            4             2017          3 
   4.95113222424029E-02    9.88668041894265E-02    .147978931458873    .196419572338388    .244853732708584    .292756447304464    .340238225863871    .387207373030851    .433565789958075    .479893927833274    .527264580511337    .575815896167131    .625513590815876    .676262778358494    .724060374472162    .766840317968916    .801552434459724    .82680287531568    .845534517936226    .86290201884664    .884044895046187    .913673475575776    .953280412075647    .99999993310442 
 78592.9       12            4             2017          4 
   .116177325058943    .234160310799385    .349901348833673    .462750929155178    .565513372550192    .655834031286541    .728292369603361    .779051417573979    .808546617283495    .82401094954188    .828096878423496    .828096878423496    .828096878423496    .828096878423496    .828096878423496    .828096878423496    .828096878423496    .828096878423496    .828096878423496    .830878916463828    .845180611893695    .873778933116096    .925372930474636    .999999880714416 
 194059.815    13            4             2017          5 
   3.89301355478657E-02    .083343957071303    .132620645292406    .183531565061525    .236029151308322    .288605100153012    .339808324691024    .387819496207909    .431241030954812    .469806459866511    .504546835855739    .536632102645774    .568232660636103    .600581135576678    .63479747049898    .670831664711213    .708408352084639    .746865647455142    .78586489879422    .824970592829845    .865294339144866    .907390573751706    .952150049715342    1.00000006763379 
 220722.593    14            4             2017          6 
   4.44466280803434E-02    9.02766385586998E-02    .137217365221194    .184331386332073    .231321011336162    .277070197085579    .321411648602733    .363225269999886    .402412114252844    .439093268025807    .474393729428958    .508809206948742    .544398634012967    .581609864922165    .62136883569957    .663703508480439    .707979248979736    .752952414685523    .79734141953017    .839957554209233    .880910260396406    .920649339123159    .960185249930441    .999999932607715 
 205053.679    15            4             2017          7 
   4.31444334372928E-02    8.61949890173636E-02    .129281086929438    .171858905205256    .21440508161402    .257211003271002    .299620630069261    .34153130215235    .382736442514645    .423468459812418    .464088120859807    .505694528102078    .547736987323207    .58998072768058    .631007561073801    .670924624083433    .709377055361196    .747711910718754    .7867906261755    .828037523896365    .8706278960496    .914203680905428    .957520234860063    1.00000004145256 
 170745.013    16            4             2017          1 
   4.98373244398945E-02    9.95624338527533E-02    .149859142134213    .201072490474436    .253128481013088    .305410182755967    .356888557595823    .40619103616221    .453931220746693    .499311023435279    .543212607620932    .584315199003792    .623403730831073    .658185035834692    .689558572934719    .717160037933289    .742713858940056    .766889665688215    .793837698351986    .824006496751972    .859797256567605    .90157638674343    .949132589014474    .999999923863076 
 207910.364    17            4             2017          2 
   4.40068841622898E-02    8.82457737292019E-02    .132357030732244    .176374196706712    .220289568513285    .264047796277727    .306945902778565    .348940261943844    .389331992367634    .428868073106255    .467727066686777    .507324960421405    .547465042435306    .588640463950128    .62978206680452    .670609682184963    .710448740544747    .749608645050518    .788607572732642    .828259426018801    .869034960662182    .911341428486942    .955105856339129    .999999902602258 
 195311.336    18            4             2017          3 
   .048456863787402    9.72639396619559E-02    .14538960647553    .192557827583034    .238318940304622    .282780265279891    .324648554801499    .364879014562165    .402996881732456    .438995056270057    .473281220604625    .506644539439329    .538949891968892    .571589246489    .605398527981499    .640765138755182    .678577164102753    .71880636385591    .761250216807692    .805859362663926    .852263959220472    .900397846083035    .949813020581663    1.00000003968024 
 116351.517    19            4             2017          4 
   8.38624681672608E-02    .166385145304981    .247120555914196    .326458900241498    .404548536634035    .48155138686331    .554735327387266    .620828551380211    .676078556199658    .717681674597332    .745490521838233    .761756424929122    .771068387208909    .777393643157227    .785140439982403    .795678012088145    .808922360247353    .822387684790564    .83516758638394    .84884690416198    .867061105872818    .895576661239406    .939394982275994    .999999921036698 
 211407.926    20            4             2017          5 
   4.08787317208958E-02    8.62258962354373E-02    .132933110943295    .179125741778007    .223698448278614    .267012572739349    .309607781983065    .351002501852745    .390894646790584    .429956643099086    .467892077754928    .505226778075009    .542851498268802    .581294172066661    .62053757861472    .660850784515998    .702058513998193    .744067345776809    .786379944548531    .829023656733665    .871675129389425    .914379447154692    .957164399905233    1.0000000543972 
 206017.466    21            4             2017          6 
   4.36956324691543E-02    8.73836711495131E-02    .130160867571175    .172479725274846    .214075352808922    .25491139289496    .295011925712163    .334782635917384    .373764957263381    .411483770749806    .449493101169879    .487099515205667    .525998105786817    .566579237267194    .609643016262514    .654309890526466    .700827487728638    .747224721956341    .792910548055183    .836799803177853    .878642432676072    .919177754933652    .959282212630457    1.00000008919147 
 221385.288    22            4             2017          7 
   .039914576437437    8.20120518521086E-02    .12552793078723    .170236636134331    .214654338277438    .257848724177643    .299323716522211    .338901105072529    .376174746930338    .411575910873084    .445687750206328    .478847523395502    .512357612037888    .54753451339323    .585385168243429    .626199088825631    .670060545644749    .715985853472793    .763107746007946    .810628264851095    .858164028609706    .905538238611411    .952876171360583    1.00000011066679 
 233561.089    23            4             2017          1 
   4.43493405420691E-02    8.81080884742321E-02    .131099801902362    .173443481578817    .2156432615366    .257985452710618    .300964321533455    .341744070167013    .382804092102003    .421342356763459    .459881892505648    .498601353070417    .540246406637109    .581888115254506    .625588673612495    .668465906151003    .710481948044008    .75184605931941    .792853130707059    .833923823030299    .875093860347603    .916236535979672    .957805826444832    1.00000002033729 
 194078.073    24            4             2017          2 
   5.11623345759801E-02    .102663057858679    .153765106410939    .203747961361663    .252361773597938    .299816721503104    .345979120152847    .391017494670817    .434778636739659    .477101729956892    .517384930509383    .556237126733529    .593683638658655    .630453111516621    .66731392165049    .704339452865446    .741235284343533    .777463133998656    .811720771387708    .845525305040513    .879871099606394    .916280657707272    .956267142939945    .999999945898061 
 132813.426    25            4             2017          3 
   .066126972770716    .134496944608597    .20417147352727    .273828767271993    .345300063074948    .416816182094798    .487737481732457    .555723654775685    .617929926941272    .670764382096431    .713213615542152    .742619057579314    .760162347028078    .768932285882001    .771861088991108    .771861088991108    .772061558181625    .776030001100943    .784648470422712    .803180458860387    .833398718759804    .877554057957213    .933130317525278    .999999968941393 
 143245.2725   26            4             2017          4 
   6.70240269185847E-02    .137818275337848    .209672031890267    .281317966357319    .351891194175361    .419189662960779    .482390701584934    .539852185610523    .591735496890482    .63787587213393    .68097764360775    .72034619851067    .757948497480083    .790557339771894    .818132257209396    .838171040251957    .851435112369939    .858037424498599    .861336508068704    .86727376770846    .880318264517246    .906416529819509    .946358565690187    1.00000006108404 
 210482.99     27            4             2017          5 
   4.12803594084372E-02    8.60750133389639E-02    .131271482139721    .176478872621726    .222292086999524    .267524420114661    .311861973383217    .35266574569755    .389653889014975    .422317046558014    .453709725842929    .4844620252924    .517694335121807    .553925996585282    .593282873475904    .635252565421082    .679474888920953    .724891712152132    .770990820327096    .817184057248522    .862895812269676    .908464666788513    .954001155271502    .99999997327575 
 232889.324    28            4             2017          6 
   4.25690947315065E-02    8.58090754650694E-02    .129251946463205    .172580853389613    .214593248432891    .255181784465354    .293922440332645    .331312619014687    .368091690626402    .405668552672685    .444542973124865    .485498217009295    .528133342804069    .571588164556654    .614927487509045    .657613066453832    .699616655678042    .741266938668258    .783246978616332    .825935442515175    .869331592353285    .913395978061236    .957029499235439    1.00000001771228 
 212163.642    29            4             2017          7 
   4.59226892419202E-02    9.12877863340506E-02    .136489803602283    .18292259254062    .230244187232137    .278028720573622    .326144182140312    .373550617004397    .419300606415872    .464039362832959    .507818254328892    .550312649410025    .592813967213572    .635165452264437    .67728226439005    .719064060938396    .759840516171004    .79830330919753    .834254037739416    .866431367043558    .897615580265162    .928589902434839    .962156636856752    .999999993519153 
 132366.4185   30            4             2017          1 
   6.88165480582222E-02    .142904536763227    .220664505722046    .298528500546383    .374128863026161    .446787108431131    .516181479594842    .582780815928777    .646331677962564    .706292599999599    .759609736758874    .804517274995244    .837863629380438    .859462409172157    .870862109466987    .875791135328633    .876392094967048    .876392094967048    .876392094967048    .878807914939543    .889183469521765    .910086972890333    .947022618032836    .999999907453868 
