 59.133098     1             3             2018          5 
   .7230106564009211896863580528    3.3487049841359571588824925087    4.3112031776180574878725278354    8.089315733128002189230809453    11.825560027313299228800763999    14.042639876571323897151473444    18.075359420539745778244190758    20.115249162152809920427304519    21.687735690763233815349907762    22.21013348564961030791926376    22.303651332456824771805461638    21.081966650893210431829565229    19.936635148051942078191134177    18.485096113178443652656250143    16.996099206572941603702210901    14.555251273998869465624818101    12.310285180729073250990502815    9.209647700176303971085702291    5.9436916361121482253475033559    3.208565193049753625287821044    1.7151409858485682586763845858    .7811887346068017610036260911    .646757083486476558356540021    1.0000005411520972569372232113 
 2372.014255   2             3             2018          6 
  -.0120177819083131943488256988   -.0490142501272615665625500214   -.0950310477792638729314887697   -.1301980792691315423818985439   -.1740239541688589051080555163   -.1760267667531365657834126296   -.1580563013943607181230873336   -.1405953607981162828214116276   -.1192150086804600590395693048   -.099247928002017846220742885   -.095044749214628982067394869   -.0691452421309331465210777159   -.0293457174016856825339778576    .0422450243664324015624433927    .1308908659994541221675752535    .2397053891229671383235426635    .3345649792479851686220157222    .4302250704644268674515195947    .5145656259978926644351047545    .6017505995131551180327961393    .6925658210262315645316389551    .7982844099729071822125284825    .9010384298891998016259813751    .9999998924964302122206259675 
 4657.8073     3             3             2018          7 
   4.53270794684319E-02    8.36149929203946E-02    .121144649461387    .1581311256744    .187061545216646    .228871308640964    .260158401184891    .301620834256671    .343451799692247    .389544736298183    .430074202251575    .473941844944133    .51786323958365    .558675040848888    .609125449402716    .655242366033745    .711910650952246    .750101369955505    .797415243642379    .837187071841186    .866713165689841    .914020959195489    .9621121526029    1.00000006809803 
 7903.40987    4             3             2018          1 
   .0277080657086053415068551924    .0485669105251655131483140454    .0597714920231006569320186351    .0742315417838756222825123455    .0970278414777443397352236776    .1435439916011846668911275887    .2165561483147526549828295821    .328296145926694802682680558    .4517340057931223045629544201    .5864592721672930269020705616    .6895136516562818726747876483    .7799546147035393471248632079    .8198429673494840525080853487    .8401111810236914867228061399    .8345595266464397600576420567    .8191302370099654214187932531    .8087228304154748335227108752    .8001639930133093299892341279    .8153480720341282262259795973    .8382820970918467625923593913    .8777928911840681242563470898    .9155824029154140274898839328    .9588520808930285175757941553    .9999998899209310525103767648 
 2451.00586    5             3             2018          2 
   .1288639921897208356735630163    .2617911325597565074773015843    .3885098830404265128929557108    .5129857176269664243071209956    .6164734342985210161839433546    .7496155068352223360249330452    .7256457559020279127362021077    .7118273474874515395895463098    .5651128879797945485124217532    .3816777084327330004833199379    .2265730201069368312322190858    .177680317745139948380213175    .158943234839919966572417742    .2674712087387665405255293841    .3891673682085770288611223475    .481150216425839145076544207    .5738758209252098646553215503    .6575173998156006040719951604    .7308105742350203928113007449    .8073493549297348477167655568    .8685683028109936873019144883    .9295881487610968012944693653    .9712383959783759962124284762    1.0000000571194064791016044327 
 3520.79575    6             3             2018          3 
   .0372527432186317539152903147    .0484793245958672836957383853    .084293358965796297612549663    .1028214999407449296085977154    .1601347933915223568421996647    .1897071990046568307746906363    .2671120584032743166086814323    .3316949016426187176577908559    .4055887081776896600718743767    .469295613072698125132649345    .533174354121507900593211066    .575018303745680220160456624    .6217776194486715112627592782    .6548332149060336715073573921    .6946764804518978415603915677    .7337503176661128382695872091    .7711341960123645343527809019    .8192278691542955878653284559    .8545389206403126338697721957    .8934071225233670541666610453    .9157202601144925831042598822    .9524824040133540833773160514    .9623239291856109517287391636    1.0000000710066751245084296639 
 4344.97163    7             3             2018          4 
   .0153052621887890209308455255    .0425799327946359916738973046    .065807380196864484475356632    .0982137597984730685111515906    .1319411606837119900826602175    .1655723353940518134062016879    .2103863679312446972179654945    .2510812711566542495468491701    .2973568322240115524068450592    .3436807250223633796200413856    .3863088514573339112918442692    .4198858255836298751621538206    .4582453395673840107443923633    .4917682281851861021242157109    .5393917842450906865875209408    .5952292029119646979144947835    .6605946469666592506612062735    .7252024336002396406901280504    .7915013705164284352300822733    .8476069152147720697545728279    .8929252778573378164957086268    .9410906096065810215658416163    .9693950521835743263529663138    1.0000000851559069903524318293 
 3840.8771     8             3             2018          5 
   .0078688120481647277909517074    .0234914129379458665834426204    .0161790128614112646301543988    .0215171737726260493989771243    .0110443575505188645583062265    .0159521662382792722006127194    .0256111605341394547615178835    .0514525965957098705397264599    .0974640662155006209388996071    .1639970984752415014789200102    .2420304987108283157511079956    .3319520429331102523431431847    .4210962647047467361035842568    .5105294829662735108082474183    .5726869000833169069637765811    .6360791913909455733431304011    .6629675810246571024102801936    .6969038400109183394594948117    .707021841443455714841800067    .7615463665838201383741229315    .799129969558255326628389125    .8660149526783869236534540509    .9364808887011771347747627749    .9999999739642801900638788989 
 7276.57245    9             3             2018          6 
   .0319743397868594024649613707    .069004975000283272105673874    .1047599684106766503781598437    .1422264406918672265813831071    .1885881037300741779874671625    .2246368068526549199685354607    .2682052591945264009568131215    .3003407187954268221434392507    .3398319767983619815398113709    .3679772335668835400656252656    .4078785747539695011213693062    .4377232580155235037892050398    .4886892866709517885718295844    .5344704566227468813287222887    .6024916305203557754722829703    .6606161119168132518216045523    .7322961513287756792691592042    .7922682058913602928532650012    .8489951886619365687755915905    .8975598119688892811065187704    .9412173172274262176830246499    .9646262781318146567756636574    .9912569481803208047492195312    .9999999381576967601002859526 
 5114.52888    10            3             2018          7 
   .0213388569232206584001144598    .0343725696197456998228935604    .0606738190908406797382284016    .0814906142440239774342617457    .1101635777643707429803387873    .1399593622003362311642670791    .1971757367415627927786772024    .2565153175946090268239916557    .346100108442441721044695714    .4369720168634574217127111031    .5206708305848885929059413191    .5807936702862063025441357954    .628562683959270164488737817    .6375482623142407595516402676    .6566552030106045661824476783    .6630683059120784552105217558    .7109460295001794964935264966    .7507023794535695338570460863    .8240933033894609663441767485    .8809984469185361213563036915    .9376022919240999573747641054    .9657958955547045420144347684    .997412688380400737907261558    1.0000000234625715907581305905 
 5220.513995   11            3             2018          1 
   .0086635856245798647648295405    .0101256466414280726394259958    .0167625314449520980548582937    .0451312457404876662915640742    .0875149459301468647820376162    .1512143441730204575383003068    .2332170742509426028269846636    .3153304447754861348666875856    .3864274670908146851926981569    .4548695784120774107799322162    .4984827169302512328577715076    .5409026779172536247553915426    .5752161574274258793553909436    .6110043959378371516079040796    .6635315992482077428086657203    .7142562980525062264486851548    .7773571728543943880376476225    .8315832510281394236545859504    .8853607143715740580061408302    .913954833675338131145073197    .9444554702319115227273708324    .9657715705443674421181204017    .9815198282980563104495613942    .9999998094057403250003163721 
 3232.856057   12            3             2018          2 
   .0176836979413958485439613249    .0157271338728212358512688336    .0000701130814374517015497297   -.015637507240861358276057634   -.0246146684532079060023549944   -.0031652228925700047028106825    .0415432662735469264352712256    .0993739573725784352173524563    .157289217656002801735629518    .2088145862660039862084091547    .2282513625690944272066611223    .2485462655413240998499550579    .264197751134207086659658228    .2813992593422788449253866672    .3189127452079441593275985439    .3602808103621051507892731396    .4228737611252080562397894599    .4792972445045671886529032678    .5608189687487839796512164971    .6431604016200712644348953146    .730911292782003377640639569    .8382999280564627996983535354    .9229207695590264877666961341    .9999999823685314177290015978 
 3340.966042   13            3             2018          3 
   .0279061800772412639804975306    .0463375856126106653795195923    .0155804037950769449933846409   -.0101385556076238622242183209   -.0483356005328712646639944507   -.0809886711204112262569354184   -.1083876924960376475445780661   -.1191262931130384712841687722   -.1196951405589892553598124838   -.1059797063330941811470228646   -.0710193390226622363257171951   -.0198357269026082486593558738    .0403042707729502866943536566    .1185548715613075363308346969    .1970534545169735071494629696    .2885828194239395385030974224    .3834753133955978113470451131    .4874428472266405633822961197    .5814318300694658781569262056    .6739640486295011555223703169    .7597356477411331916794142621    .8363197844200057870567245951    .9177297708074100802249339354    .9999999874287857248445508145 
 4949.807657   14            3             2018          4 
   .0442935595062860843604695244    .0863270311919516269801592414    .1295138204195476680923482599    .1655948991958981892212948266    .217735329265946868690619103    .2838873946976077418112895371    .3596759961939668557913017104    .4332534006583520867505902765    .5158634793392336457004272641    .5649286181949918140021172948    .6110455616841355579162861196    .6338201840152836468085814349    .6572283663183157098582992474    .6641445946593475884632743013    .6944524390031262986508406866    .7131246797051047513056930083    .7812651052270979183222027975    .820974527010797745024378025    .8938381663665522104549122281    .9293126761188005491826326132    .9811714588811950678187736296    .9794307851829322102485082482    1.0113372775042357570137800609    1.0000000692956219248096734681 
 692.554       15            3             2018          5 
   .0722568204067841641229420377   -.0588178250360260716131882857   -.2022409804867201691131666267   -.4895016128706209190907857005   -.7530204142926038980353878542   -.9592654146824651940498502644   -1.003512072704799914519301022   -.9632792533145429814859202315   -.8622159427279316847494924583   -.7535188591792120181242184725   -.7106860981237564146622501639   -.725053786419542736017696815   -.7070941760498098343233885011   -.6334186215082145219000973209   -.4448825651140560880451199473   -.060516205234537667820848627    .4498346699318753483482876426    .7357730949499966789593302472    1.0449720888190668164504139749    1.0348953294616737467403263861    .8483985364318161471885224834    .7639356642225732578253825694    .8614535473046145138140852554    1 
 2788.90233706               16            3             2018          6 
   .0848637103045706893757483909    .1735378444661498124493238614    .2072204868275266430709539763    .2413534855829979502308474429    .2628348760224908181998667639    .2893981941478921383797192722    .3198535811549319179801397559    .3872089695110637579236738165    .4644067247494065248492190598    .5800145736566891928351518494    .7068415318114416668765957938    .8630148026399746646422640651    .9719013692166036998975069445    1.0730182123030789038568672065    1.1011959648746668328054543812    1.098659841645821106248816892    1.0615072319530669768601567138    1.0243836659449638447641711626    .9942226958449232488306042124    .9942571179896948011774778444    .9817439512372194490816860874    .9978316425858156901981365648    .9983329150690514212494838304    .9999998791424154510475621122 
 3327.191112   17            3             2018          7 
  -.0098717834035858653135281638    .000164571730798732669853321   -.0224077540154236863085248588   -.0252321093601190168122810254   -.0426298025047140724629346149   -.0514147802881002646775524327   -.0553487592990420323051163525   -.0601580111458292450499909847   -.0520059997082608220191711068   -.0454376364059005697416037098   -.0037801194991891406567330359    .0522699460733591909162325269    .1497623019618116844741078402    .2410106221755259365456011112    .3421438569892404785914203296    .4218540362583175835317030626    .487422256614876410501784245    .5594337497737340673684752257    .6104398369768186613261186182    .6933593299404077032771299372    .7485539351849530908460782159    .8321208210777403639565865731    .9005972002007439841946776636    .9999999663379721122553900354 
 3947.885555   18            3             2018          1 
   .0671952862625471928098989688    .1405204361350844680197422795    .2058195681409513402168518535    .2554382557323144084910029769    .3068743972240097015679574328    .3515775674505336566171052545    .4150409066252681683929918277    .4598294390020634729367173867    .5233692748218482741706528522    .568019252017045869000627603    .6067572037305422851853667779    .6080842432120603860817844807    .6098076974270344571829919725    .587692061402727263202035754    .5654852373247177374167828429    .578856698899418830797388705    .606810903362166991692341497    .6720686207936440548616663231    .7292744330832052197115931847    .8172924354186351280894716818    .8583197138803584188498594914    .9169288089963388009103521239    .9540770489736245659735189563    .9999998594184172089051350426 
 14717.9056    19            3             2018          2 
   1.05759337029632E-02    2.47229736169597E-02    3.34772825706356E-02    4.49562929378985E-02    5.36344214994192E-02    6.74777216470724E-02    .08686057625745    .118840142780212    .15555800528503    .208089482339245    .260627262833638    .316982157880025    .37178921001462    .423702651347349    .472129892149448    .522525365559231    .577865887788919    .637809016156823    .702295332445263    .76962051913402    .833937969577682    .893129130708312    .949518512207674    .999999977811891 
 7486.04567    20            3             2018          3 
   .0945499842241812024638636756    .1760633127422531473816135562    .2528320135134842157595332971    .3122436200686443314204360177    .3749879607667421564100610142    .4179513641679399479271410857    .4695046163136752544017007046    .5007303141392670664805067907    .5292039582227127930412425603    .5403103558677594869655664283    .5595178261849957428859768097    .5691094053931947225216433925    .6108935480218623886648022547    .6667546819815220283046977457    .7212643681346923976219877911    .7864966712125334923317399425    .8295770923342496787092136455    .8533665544682684256186216935    .8838579527394200361590901168    .9025683649081985897101800609    .927267920341180606235868716    .9620276601919261334135034739    .990192730149347325582105352    1.000000044082018003504913162 
-2235.801341   21            3             2018          4 
  -.1094870530359879590035544218   -.1246265465944185601953264058   -.2104307262780195282117419573   -.2839176667261870114425340619   -.34763347965985498530032414   -.3517319654385161226182483089   -.3685790794057851850979813864   -.310653092143395400172988804   -.2456136374595724871246510269   -.1661075128588537687973414629   -.0945011062143378506901074446   -.0033168496967996048804588314    .0616641100762270273636086883    .1349778240427309950343213431    .1761038839988780559551511603    .2258235518251261304704620445    .245246476037425366228009611    .2838929775916974011690603061    .3419433945137793885955093897    .4505583664912919470334998784    .5670727433381568939670834556    .7349396253895528905132721271    .8881276540928597645026638348    1.0000002947489063161806199131 
-257.021835    22            3             2018          5 
   .7161434358290998895093874028    1.1053302144543478183478069091    1.328797998815937175143115759    1.4886046549313602091433204498    1.8589424513290864957057053149    2.1550670977039752284081233799    2.3252771500911585974786928122    2.4103780910287252442968512772    2.4483736955655927053824045727    2.3850043713212147909534612108    2.3322800570620780137220637305    1.7330235775493549020844863239    1.0488863718524147958090798006   -.2888948715193788885679693323   -1.6620685164744855237688268781   -2.883075673317794186630097011   -3.4766462545876695651169092307   -3.6168584665190021696016604971   -3.1195349609110058684313727664   -2.2575253188119211739345024908   -1.4651377771075364083366691394   -.49127265782691186528957744    .0877505212738053947828985035    .999999863824799165409429125 
-3316.88818    23            3             2018          6 
   .0417748481349166253774644884    .1030769147002115699902792623    .1633865450357147704629584468    .2228498700851591566164886511    .264880560429384146438123217    .3128209163807264675410311842    .3504384039862326622056942541    .3913219046172367498985148182    .4405569077701015534385605969    .485309999205339505897964881    .5253420994131915535361822176    .558538877243669999149624634    .5846917034146143570025324158    .6194131030368349649942073115    .6555391324648152594640679144    .7146237290399099314828273771    .7643293540272436920077299682    .8234658064354765194405799957    .8585173347628499191673081967    .896820404720426842969424432    .9088566862691162534155733884    .9390446198279738209323655885    .9625868665852944129096326666    1.0000002472196696121362764783 
 5664.69111    24            3             2018          7 
  -.0235218650783590563687417018   -.047216431541666179217316582   -.0705462296601729445403069824   -.0880493729162930474420872703   -.1066463092636307931007380206   -.1140582756329673905202573349   -.1083582472690201107894124875   -.0845277157574793164670897651   -.0489146176939557786408586716    .0169598197208673572317696949    .0869788997197412940667827517    .1675906208414601445055668711    .2543741524504766862742494709    .3406748863310924644574309366    .4262278300996362712529262694    .5111297233645631209006910882    .5994930586780044216744591392    .6926088155228644055756819545    .7859658917924652735389838406    .8576093392672208741139991303    .9301153227399896126021953561    .9622159256623614910575415294    .9830071740663719967601199    .9999999805814654561102803009 
 6010.91312    25            3             2018          1 
   .0159360579811541178954854034    .0255619066408998438493484664    .045716381939654453032586836    .0503216722586734043495874051    .0653160829581246717470439832    .0766514156504727521332066766    .1056103269714202756602145    .1499970606795261748850563989    .2051318951686994271512611714    .2589067532554854161658553468    .3281501430185369240538948265    .3822197982458944607071612441    .438683598873909526744249466    .5030606730845579082334166227    .5576523787786837950504265482    .6066648988598258096267410366    .6659420823570313057527605723    .6982875839669431122970547942    .739255569210423057986238204    .7797860169371404922252478006    .8226663572206147607736509757    .8732280595664307322412272696    .9400229028763603224396628777    .999999813672236207599686618 
 3102.01048    26            3             2018          2 
   .1102777383266609724671207429    .2146642973301624693414962286    .2755970701942954106331710394    .3395684852747499421729871138    .3679001110273489469319910228    .4000960048336135859863374801    .4826624570269021141411488719    .5673923448511366731423808729    .7044289547338989003028771199    .8313621171260517469302682691    .9389358994041825416398980058    .9646221440231884709815680571    .9786098466050314568892107676    .9360165024329640562658576189    .9157773702943775999106231259    .8970762729338038857947378695    .9282076958037872264055020214    .9483410900662076422127368183    .9856581786919043548814831857    .9942458350430847029246658122    1.0272160653693213828213758968    1.0084775729062011421702224552    1.0203105438895873749594811169    1.0000001676332183120155029263 
 520.11809     27            3             2018          3 
  -.0242605674415208284718572277   -.2305426446521019870698979149   -.433806676479950928067124141   -.687505216363460844055625906   -.9924090507984446378321507718   -1.1700683204462278941307348106   -1.2860054531077740441598560819   -1.2211597946920092704331818184   -1.0992459423974274765178807759   -.7403136083961240417536717479   -.2206818070873097299884339728    .3268517347666180962865567702    .773144614139454368910721794    1.0606068325752715118983844611    1.0056202813480300214130218005    .8017327372712608400142359978    .5428817136508364859987853912    .4149180813918623749464280314    .359322053189882320762963657    .4889904906018554363298534762    .5614884496711121891568893518    .6805410286729307953891778692    .8194229506610700658383176021    1.0000000192264029885982239149 
 1480.92612    28            3             2018          4 
   .10194087197273554740191901    .1723278403651898583570124349    .2528127466615282604374619309    .2782013865755842026744723768    .2955170376763967131594653756    .2789205986859087879414268147    .2376738415553099975034541223    .2700415602096342253724311379    .2883798146527390576377976236    .3920941039246441274194015837    .5328692561651893883808329345    .7327252759914856522349676701    .9264047554242611373482966186    1.1673019853279378987521673262    1.3576153279003546780578088527    1.5137156200607765632494887726    1.6235853818285006682169938363    1.6444223429592828033852222149    1.6234699135430199583487662437    1.5235250223015851729321919179    1.3950675675839926437383655574    1.2594389246102297122019834453    1.1185730183488154020809626884    .9999999189696242240632503666 
-1886.624521   29            3             2018          5 
   .0637582617320386243405557857    .1129147838527431076466963826    .1501291310736652934662031778    .1485261624032501377628389258    .1602406820408330736415780954    .0300219038656288089239777246   -.0354048933725270922628912444   -.2192958351780057246483758598   -.2137897051111210485533597069   -.2709852407351383089544822046   -.0793641757187783313031581232    .0218460321814082898798493884    .2447210851236466039762662451    .3407481419033247050646173595    .5193157881148943255996194062    .5799113643556846359891025714    .7140673647589042440946838515    .8037815596694452165450254953    .8781551292049595914268306067    .9226207868205694756789392965    .9834622519464221466037014368    .9765764090797588016720153718    1.0125045968275104381514608757    1.0000002538925974237350644506 
-621.2295835   30            3             2018          6 
  -.0314657584235925235843183247   -.0123861309962873009250371606    .0861564732613864645420576626    .2155146882183211418166469208    .5115387425846889018929022075    .8295974848725149290962573742    1.1466169978365172301875736412    1.4108708330693977647637252291    1.6216339768049697201839712451    1.7067603156088267647672319842    1.7266515125643561693001698461    1.7109326861282677469270907637    1.690674475099268996741202361    1.7605359259263286517326649496    1.9123461463422081218384217531    2.1229832497183386309225887019    2.3074915266008094091352943432    2.476760670880059593942373802    2.475276517477696713714214159    2.3794150170248613087821501018    2.2128856006098428182791137151    1.8210433470124656418587959921    1.4737857377006257783922809594    .999999865589144146094903415 
 5615.3555     31            3             2018          7 
   4.92207154445603E-02    9.83794757038034E-02    .132711485135491    .17418328620846    .199362373510624    .229443159427139    .255747157246712    .279574099802653    .310746666516428    .35218135969419    .398773745964303    .46003825052795    .52063837811838    .579163115693989    .633364424790203    .680887877932996    .727613304811579    .76887332784407    .813360542133085    .851946231548697    .898587660239187    .92999941744561    .975190355685183    .999999994434903 
