 1268.24152    1             5             2018          3 
   .4231504737362643670584132902    .8125975878790027312778720571    1.1486092964374798263977353462    1.4752639544556150472033118739    1.7919607300035406505221497558    2.0460290560428900009518691676    2.0088074391382486831057226387    1.651374731841297862571160736    .9765048537442615819737552828    .0639655607553362548799064708   -.7537304093308662532985042155   -1.2706704319221468163256474997   -1.422112406476015704011961381   -1.2878934920850091708084119498   -.9375367240776031366643791949   -.5954697020170101354196320587   -.3124420654513818472052547215   -.0052672979828006261772599907    .2422693116055686301770028788    .4879481472898001320757894758    .6546868139122270653936641343    .8126874761204790078154829689    .8793932247226853131255314839    .9999995899834599327736880906 
-3289.119091   2             5             2018          4 
  -.0300860191626305573622052836   -.0584554084788534037304032662   -.0687824897003706576947414033   -.0708079864414979311553301248   -.0546534786447475580324008402   -.0400213237520623420929211955   -.0226585805919667747293495613   -.0114965858498311212410885611    .0219513030700413760117024598    .07296862575049885902717531    .1372162842126776612966368265    .2084532608977520297394424749    .3165710852030684345932064033    .3977192566786265994769357532    .5115734497434772269849684199    .5989251059319578769244387935    .7054031598760374590522845863    .7720808914911983647599703163    .8596253044581534734097592455    .8993195193490791118332297564    .9567017529436120985988342251    .9718580907412938670027621691    .995525522003666482625393025    .9999999723330176006691756483 
-425.18236     3             5             2018          5 
   .1847045112595922370815195626    .2435265658716415234159761473    .5461912860166635323252827328    .7088022184175279520062873728    .8913725865767338042904696234    .9666120673491722469389369775    .9762999104666524735410001487    .8940629615960549257029383815    .7511141807482323584637895138    .6272680268297113737267933693    .4584082462875458897212951168    .3819845677511174264143978127    .2555978568819270865329408304    .1705489145880840399869834675    .0829115535272912074715423283    .0546422010546251260282764318    .0698907170090499521193682635    .1368262549744537849594700965    .3168059465119860569944623291    .4118282329492691089065877521    .5279370009611875713752564899    .6458099531692707101018960429    .7897832355980149317577521325    .9999998588840797628575183599 
-1091.342308   4             5             2018          6 
   .099270136606854611193172949    .2089071397019458353116463254    .3006180531947268739076502475    .4032271055325017235563820916    .4791012830412508849606515942    .5746964956846518590205704735    .6529900790760876467367743614    .7435035680848909231511255587    .8111171843252685480970100904    .86446698994830868409804195    .853262989232522267431420793    .8659783397676176226826899485    .8710787559791001889757214471    .9102642614676311073610462465    .9611832990534075400291363029    1.0623477084148743548939733765    1.0867286930105893044879553959    1.1128332431514237602524981557    1.0960190869829267170681336767    1.0735119415896410019870685706    1.0158270158440517454950532349    1.0147870121791338084915516718    .9790218817394184630107824978    .9999997177787411500223814287 
 5029.63137    5             5             2018          7 
  -.0037237520251906652156895546   -.0264395718527578692113970969   -.0416890592123056525313504238   -.0677796790503157689665833303   -.0798179767993613416642898026   -.0957901214935360163383106941   -.1026810837630034902537996537   -.1175569254491905238772995803   -.1302464637681787005396381564   -.1432361632498725249520622423   -.1280384093039406981430529769   -.0991514811551686341577752646   -.0326568068148501308556137783    .0513209579412973957174917175    .1731268031279198896836847111    .3016278705928303449403688605    .4561157331894086703216979498    .6064690979529976965290002953    .7305022435471250053063033922    .8300787260279872160889596169    .8852640824848362594811794328    .9285505549882873424180985256    .9459820511657099832348150795    1.0000001252576886166510449453 
 4779.43643    6             5             2018          1 
   .0496127531923256483191680405    .1351139636352480997430067294    .2180717361272655320158740975    .3272038498480457872728730906    .433702389467705505186518403    .5466198867300344028218406495    .6464785221549646178681363903    .7109913584518583083236029148    .7472435405945968403642937458    .7662759100658233883027083174    .7728331685332197210540155673    .7893587570951330761815363239    .8181824483436010467033243917    .8669568181702962832377289303    .9068508522876200280374897674    .9695827254679062652581404875    1.0117565262814887988791599013    1.0585323341145474760504346744    1.0829741279768418219133003512    1.1016960005889229914916976937    1.0901950630191769283559651823    1.0730352992685373995025601795    1.0387023810671334737263154685    .9999999100312335360426584856 
 4777.60223    7             5             2018          2 
  -.0402467159766040213021250201   -.0785268806273141747089313461   -.1012336893521585617645695046   -.1041476824662316017045228146   -.0933260197343804404578905264   -.0577424169529492203037589423   -.0087318257133348667245577705    .0520007920374735759448102903    .1311764081288952345453003525    .2115998677436987046952211423    .2934440609552377909033251602    .3689836271698156838812426626    .4471234517152341499974559414    .5045003505869512288803498821    .5796962297549831811762194359    .6428538526531958689243997611    .7243162643952466507451374829    .7925205610932578621138160345    .8691897734650881557379045346    .9281693591305946790802632391    .9761639365276334442769213125    1.0037099718952534062259092675    1.0112696217491509333961441993    1.000000161168712448461830193 
 7668.80334    8             5             2018          3 
  -.0185551244035422089725931086   -.0358701074736387750425739826   -.0554564618682737012265071332   -.0666155040559431010262417291   -.0514112675107404697119277021   -.0207002700371763608166799072    .0398748783144568158922171552    .1067519746829236072182286526    .1869042582594118263045717899    .2463345213387620916616177042    .3177060216542206961849148162    .3669384746538564907311862296    .4285978990823879961433461404    .4909120540832645735833929991    .5625911643210816773924469942    .6232366104722669808351090145    .6917334771555114621051163896    .7390589833537183912190399187    .7911381647191907257853870067    .8322237143194234004180370597    .8859485240105270452795311869    .9200160295152385535029250079    .9730871518215252602891757034    1.0000000860629710710510930901 
 5651.902075   9             5             2018          4 
   .0429309985877630408166617076    .0569861076370471262986275289    .0754368342448679102424116221    .0750508226029376137059133318    .0765070226380381864630943734    .0666951222788126597186310946    .0494088355202084777804647297    .0365374518630526697510059036    .0552877590328739020128900588    .0911941136205902859702324195    .1708369301497496309682612468    .2627508368499112752232176634    .3577048882256156216223898394    .4342040904875373305189474642    .5141911451110907649616346193    .5727937174141503504375560152    .6450175448236158620989554211    .7154257002940023514119359543    .7845827725173387757253384472    .8505793158137829201508237384    .9082882066742106461566746094    .9528165790098194509146728272    .9834869617764918547354697401    .9999999867301310240765273698 
 14.888482     10            5             2018          5 
  -4.2176321266331920205162621683   -15.515658345827331490208336888   -31.047188020914422303093089007   -46.800694657789827062288821654   -64.365057498810154050627861188   -76.814076814546976649466345864   -85.02035331741677895704881129   -95.57972397723287034903894165   -100.40304982066002430603737842   -104.1941683510783705148718318   -106.68381101579059571016037767   -108.67353703352699086448168457   -110.64915818818869512687727332   -110.66118090480950307761395688   -114.05407213441907643774563451   -109.865599461382295387803807   -104.61153796605993814547379646   -95.68940607914225238006131182   -88.09642245596293833044900078   -70.654684607873388301104168981   -59.085781881591420804350638299   -40.461922175813491261231333053   -17.468402755902179953604403726    .9999965073672386479696183936 
 8524.4976817                11            5             2018          6 
   .0263243311663671702726272325    .0461487016231491551348098245    .0490219031787762495579775178    .0381312086808119050649585914    .0382051954450237081586559475    .0288568322950078373531197532    .0239061007005118486710796849    .021685289491818479545167591    .0264147529165724308158679524    .0402742909693106638691902221    .06931730432263553418569522    .1178329841248409990754751782    .1737093557053668052967170766    .2457191119303908954455056498    .3046595936761494538585581419    .3900843339002300757702369239    .4486240882216228194249729923    .5439387953561275469658621774    .6211099114222661329391255784    .7221792098337805334803696132    .7955519789228872939092748513    .8833271215692727941867697534    .9387621768235502997286245364    1.0000000373394435525874817249 
 11557.3111    12            5             2018          7 
   3.41724116630341E-02    7.36753035332165E-02    .113961636620704    .156416161899512    .204038335654422    .249638529370761    .295128411758391    .340141728926625    .382453010023132    .421903864710365    .465528847687591    .503954326676708    .545597170129716    .589024893974906    .633058337283791    .679893248955525    .723560100384206    .765513218214096    .800781579370785    .838808103983417    .876477627168399    .91853712719886    .958779426589546    .999999952140684 
 8346.154      13            5             2018          1 
   4.75035805098166E-02    .089077075353454    .129939797251974    .172304215168859    .221039398197286    .275851642920649    .327575504294403    .379920529161171    .427921387831374    .481233947602542    .532657977292595    .575812210368093    .619414172590004    .64440609411233    .666617157210974    .685864654696043    .720304053182759    .753225162526955    .814142653123523    .863419185913356    .913288478628899    .951942018743004    .981523266397613    1.00000003557028 
 4082.3304     14            5             2018          2 
   .044597566135264308836932944    .0776688971573687421282706564    .1149299919477365183376632131    .1484963098528232795660047506    .170063598967883638227812232    .1763196825029154916025415287    .1810527388963911397274458726    .1915077721293700284523761232    .2178090484787806494055454208    .2689071908535379693912085117    .3419105910682780600021987441    .4272819270091416412547107897    .5157086256418637746714474654    .5988226724617880022645888731    .6764851762120968944600858372    .7360854476648925819429020248    .80716274214355604338149602    .8611667002749214027360450786    .9107538184562425422498874662    .9448260238808696131013795454    .9658791948833930737208335709    .9687118906397189213298365071    .9777153265203619971573099522    .9999999020167500406140571082 
 534.912627    15            5             2018          3 
   .169122423800999560251547399    .5241695294659776277818171602    .846318028682467426591520712    1.1355944304526578319116777926    1.4230239885513115770961226533    1.720013612615654331898955154    1.8827074725233584736447060914    2.1333427973088397481407743998    2.1845006848193172302885271018    2.2074296630877625552855008599    2.1513046092292003419092965252    2.1074918465142158627711736556    1.9798616569206544454969465509    2.0289369613254614757860258924    2.0146449076065650624471050297    2.0931175363710380312259856225    2.2285153496666288268420330261    2.1593956502357907509257581986    2.1517158913506074329406323773    1.8927184532512447121574492202    1.6880425969080741105780626861    1.3714211685640391510144702567    1.228763104147100270265259601    1.0000003234173045610306746414 
-483.09701     16            5             2018          4 
   .0853313913079279873829067996    .2366586785540237560153808445    .276825352324163629164254194    .3037526562211593899121834764    .1821315557303904654677949673   -.1109600947437037542418240179   -.6193737361363507507529388352   -1.1821242694091606983864379537   -1.9040436619551837010955625662   -2.4519091931452856642602693815   -2.8937459165810196175712203228   -3.0643493322386739673673409819   -3.2165402969478117862911219426   -3.2311522689821657145011102428   -3.3818797595124838383909683068   -3.4668316411231773096670583823   -3.6541501260792319952466689868   -3.5141782392733086880417661869   -3.0463322470159771843754528723   -2.3432001783658317405028029463   -1.3940549952896624220464539824   -.368058995024622487313676398    .4383204524490847086799398738    .9999995653046993604866235873 
-2104.736552   17            5             2018          5 
   .1187722044179142473504208901    .1783380440860039760453592389    .2244645770754875929004154055    .2718626231184490779917808925    .2954933715618770704942838851    .3086167242084367050988526758    .3200399115793946643066614068    .3418935730061859067291002223    .3600961836671709020616657205    .3816638235491621756184524133    .4074066177950807023377052084    .446387790959977588682082241    .4980523567207949548642608455    .5708329619012574643593684308    .6386395478915025750928280548    .6841754131326550934532351867    .7050350309115551483993992993    .7092089499664849266132762064    .7141777428494053159770468033    .7359514892864368328792153746    .7928241652924931005806944336    .859239128185198163461172218    .9413924028245792540405313396    1.000000212853242641837295369 
-3103.1966     18            5             2018          6 
   .0422411200115390691005526366    .0636000632380172110268488951    .086320602439432938280481488    .1086762276034976320868616574    .1355612789727856752614384793    .1694958031340972724705872648    .2053958811375341156277368956    .2396171418852418180659259552    .2581333067972554494291467063    .2851841227204231920078798746    .3005742852386471421114601634    .3355311100817782540751688114    .3802498365717466950047573525    .4475694514488704969578788531    .5010307758135594760576883849    .5804392154850904386786193308    .641368967728309576003015729    .7140930097693455838408691219    .7797037416192064660034752552    .8560005511735866171031509895    .9023047395708025717738927659    .9539057241813167750957190402    .9824775523407057097188105968    1.0000001288993420526433935897 
 6231.84816    19            5             2018          7 
  -.0053082599496454997067836133   -.0064967115630108677102299617    .0004863985646274154407510468    .0189932740594886381185513352    .0412683835351983287089587882    .088031942678141246624981954    .1324296065647401781368177623    .1923779221219022769001483502    .2425670461136524224941963284    .3068003184467832091724134691    .3465638033132052434345576225    .4078459446932352729210270104    .4477808072910428549337440853    .5104904545684566229867834264    .5484811106180738524283942117    .6101409890577308289231488593    .6455688419725553775366696354    .7006714361281870513353457572    .7355131065966151524462046585    .7956008992362869123563498376    .8364618113545308202759548622    .8975720936050534324956980338    .9490080387324456249267793457    1.0000001347914741234645229225 
 6236.05596    20            5             2018          1 
   .044079142612440572133672771    .0850676939723934100168017094    .1206276859645114538067743703    .1539928291470944401210921783    .1991970578788712473324245153    .235835119093447006206788433    .286822313890845841607874218    .3277860258329048092762785278    .3778226197957338407206980869    .4135944283604536480137679842    .4527736790867412293073777997    .4728562442213876477144377646    .4959527335607809394962517302    .5059916107616199133658832657    .5300313244783646874137415534    .5603823991342117462332714538    .6064716263386449790614130409    .6649294083627819144842952949    .7271905558717917598674018313    .7926202124716020027504692245    .8469386794919011599119774416    .9064129693922759474403433673    .947900570154601370831829418    1.0000000064143106246275570625 
 785.88361     21            5             2018          2 
   .2553128700571831495506058461    .5965466056735805954777451078    .7705940069166221700437295034    1.0150733389133792979853594351    1.1304948833326604177430294036    1.2758059682654534556332075687    1.3472160336821377404727908755    1.4517327826699426903686157801    1.4200779680339687959645831016    1.3859138759745861095130868043    1.3250664433630318362282679492    1.2951777935666580449489206169    1.3409835586213587022129141999    1.549331204400610925070698446    1.7387600181660487867917235225    1.9627359323602638818234165744    2.084424435318100093727619539    2.1217276690628527041046192578    1.9432597659085930039945737003    1.7837450510006182722146349381    1.4873105700728381394797125238    1.2686542731181275049113188657    1.0590494437210619521636289119    .9999998600301640086373604356 
-381.812935    22            5             2018          3 
   .1658831437965819570780125613    .098840993954277635984228769    .0397862895870722661609146374    .081254266569046436313112336    .0669145218980074627382647474    .0777146536431511939217040931    .0957482228830199270226400266    .044553833672502478209649969   -.0498057772715321967811279102   -.0970554337034181411376227995   -.1636747848786212546727889143   -.1822158015678541639769223638   -.0676150481910729399463640487    .0413081343092789666751337275    .2684602605199847406950736229    .4885955474504812153627011091    .6974795131024044536364384826    .8309773475851466373186125818    .9091910414192751222532573445    .8330215423424562606816869628    .8223084427456602537575108607    .7620993772775141837455035409    .8447728466821062518481727184    .9999999083320736632455890998 
 4403.11758    23            5             2018          4 
  -.027024102317976255360412156   -.0456407298575933100564623123   -.0616400754848795112121443734   -.0830158616840752183592608036   -.0778550410638818325628269959   -.0876631143699778283004652354   -.0929674469424457204706307207   -.111420372289944616922993912   -.127636473427993262900783131   -.1657953681082484288325545919   -.1863923879134747067099670775   -.1300012524307833723577284075   -.0589954493107131606510494321    .1092796845093562093792644075    .2919413294432169126857611647    .4817834094723402775903159052    .6120283982968267679102042058    .7486892957330474013823632663    .8114446037573223288758961554    .8753904318857639954279849143    .9363545090703664561235723349    .967327790506107720157679732    .9895113906996778405358868477    1.0000000953869598912686769541 
-2697.0845385                24            5             2018          5 
   .0073775032691656950819007485    .0036818897807047734110170533    .0034890819570800783781216282    .0091631795915988489509484465    .0524682478357546670575005412    .1077367786779146225860876923    .2074498192448853415871524785    .3052127170095376674823498492    .4086104770794154326431025217    .4851101184717276892283070718    .5532362737246102083944744693    .5930989470910868891920719451    .6348095417699492329057374855    .6691948191597257936674052829    .7092291593736411907431206387    .7507106177420993732043523781    .7930285348747513870336919734    .8241265589829044952644890927    .8559857753973031424131609585    .8794266424140861241305877591    .9066119230211144529165080155    .9345632159538628418116972569    .9676808282218403292366803207    1.0000001711106913455022944955 
 1719.52415    25            5             2018          6 
  -.0526433897424470601357939637   -.085651254156564186667573119   -.0720216694833858541620366309   -.001126157489558957342936998    .1186403226729906643067502134    .3205554280816585216322783254    .5169032374450803729624849991    .755464237009989071685907988    .9539377507434251504987586246    1.1390162795910717508678200303    1.2434800639467610850362293545    1.3310583628616091259898850505    1.3269630438165116785361810708    1.2329649455635735037510232119    1.181846733586149400693209223    1.0606765831116707491430114547    1.0371456545114530668266566655    1.0260925966058691295495907981    1.1061851035939216090684158172    1.1078977867219835208479043461    1.1738817393172407610559002617    1.1352559369404611153614795116    1.0840778246702728775283557373    .9999999127665639357260553741 
 5439.22337    26            5             2018          7 
  -.0274236025721444125946973198   -.0550517012505040770186277531   -.0722083049882174631118339235   -.0783429675549434183284883187   -.0670637653919331501916237722   -.0339012185116420398083412412    .0048746959255692416985625652    .0634668915977980878545901673    .1129978966096404310749973852    .1778025527199483260052252644    .2271888679578165586532990646    .2963233701505441207868615258    .3465070050984135259001139348    .4203153363050798923155825461    .4765432164996746585165521526    .5465250823115212494021917692    .6032944000974168486851460193    .6668714912511489668790711936    .7207332248243373759441690294    .779520477755264535127925809    .830912557282971079748100141    .8848868069192753155860925785    .9416996971021618477860011107    1.0000001158253590898216779797 
 223.15326     27            5             2018          1 
   1.8191412484854579314682653527    3.6254191401909163236064756571    5.4907152151843983816324260735    6.968780111032211673716978188    7.9224789277109373172500370373    8.132617018456284259526390069    7.966278422282515612812467987    7.3725967525636864995832908737    6.8641255789854918543426163705    6.2774659890695748742366569057    5.7313928552959522079130728361    5.282678819032265089920711891    4.7848819237505201582087575149    4.318930406842364749679211498    3.8978216137196472056917295315    3.1853404247825014969532598359    2.7230715786988726940399615941    2.0927209398598971845627529708    1.8355398437826989397331681374    1.6453409643220090085172853849    1.7576669056952159246967756599    1.5579431821878828926810211063    1.5014994627459173126128652568    1.0000006273715203622837506385 
 2620.08867    28            5             2018          2 
  -.0375113259048595481312470238   -.0793538792715744234717063984   -.1151773233689835390189294624   -.1417993994836823594981615641   -.1681541945677739219413517024   -.2025268099037274185075576087   -.252161389637244605160633743   -.3269914143783538440323090287   -.4156660850718460608434293943   -.5189786191472672564169364543   -.6076500456757442487623901675   -.7186149925223713898201773454   -.8014224953692120656359313214   -.8631001789721872275414251534   -.9185670040701332447653384189   -.914970560900902640062177743   -.8670034819852108287617609522   -.8098603777405747111604432838   -.688178999682480211633448268   -.5076274765922330407237706196   -.2706574430551619461031446695    .0787884022260971801385637838    .5350002143248075646233758951    .9999997442834635058362356874 
 6606.318815   29            5             2018          3 
   .1872398282068074851152941216    .3354321918234580387867641837    .4368564522570653441889634265    .494946140439938789118217874    .5448242963732896987049208887    .5721161975135467330605963194    .6149500370426794184319122964    .6595712562503691399580145755    .7061978282681472435114380716    .7483919772043275207873842219    .7915464188810875607128869696    .8268874320138302317158152471    .8578539968631532052393084514    .8877163158829475897765917917    .9007828968968703942272577107    .9172092915409805271409687484    .9175224765473266067314373171    .924394684999773205768301995    .9330132517983844835075523069    .9444940782804167467355267201    .9571418178672928608880647853    .9746904713983289648427298918    .9891050043124508213732037393    .9999998766332623624674401973 
-2305.0197659                30            5             2018          4 
  -.0129509518493626206869309172   -.0126333276750145372798948283    .0103756420460290162234569322    .0237823947590296887180372096    .0435844852552810814054980681    .0480003692969633462699323051    .0554246874104863831094143591    .0526337352047085975055672732    .0614858935687532795572891968    .0801799198141965052378729365    .1156673378442372688028497049    .1590728224652921619443194034    .2188669301076556117526870532    .2755407174358929431165621051    .3333345819271093652707145317    .387194250220030184774564323    .4450222142019159680473610294    .5083852283333688874029971718    .587147676571687484460889759    .681500880486657869314195628    .7760710022812043427084956434    .869481481091537046762640952    .9393689512048795572542990313    1.0000001015609512175246548935 
 7275.20895    31            5             2018          5 
  -.0113791027266646410203792154   -.0235774671461498023366050538   -.0326764085586847646485809868   -.0304100406628183510797995706   -.0174430591440263719160945886    .0044156340004502551091676893    .0465554738465621664378450601    .0970094474056308719490455322    .1505615862758141125279982508    .2076535547477299603882854801    .2670581715732027188030111493    .3136411635297430185836793045    .3703027663555972505779370089    .415180102834022382271233598    .4687362278440126451625832685    .5092964374583358186571397375    .5643617974711228053456801402    .6038421755570333137991864825    .66197672576813068716053853    .7105573235803763409434446553    .7908109635806405257954824789    .8598865053903365895765784157    .9395419495133538398233909144    1.0000000068726548396936420637 
