 2684.43881    1             3             2019          6 
 2957.77295    2             3             2019          7 
 3618.4626     3             3             2019          1 
 4834.984517   4             3             2019          2 
 14167.1176    5             3             2019          3 
 10668.3804    6             3             2019          4 
 9666.7634     7             3             2019          5 
 11584.041     8             3             2019          6 
 7735.16162    9             3             2019          7 
 15073.1163    10            3             2019          1 
 13035.9926    11            3             2019          2 
 11539.0235    12            3             2019          3 
 8488.961      13            3             2019          4 
 6472.39371    14            3             2019          5 
 1516.4751713                15            3             2019          6 
 15321.21276   16            3             2019          7 
 2049.047633   17            3             2019          1 
 2447.9337831                18            3             2019          2 
 2853.85501    19            3             2019          3 
 3877.346355   20            3             2019          4 
 1852.1742656                21            3             2019          5 
 1525.89147    22            3             2019          6 
 3057.858107   23            3             2019          7 
 2809.87121    24            3             2019          1 
 5054.26643    25            3             2019          2 
 6464.42287    26            3             2019          3 
 437.71651     27            3             2019          4 
 2178.598172   28            3             2019          5 
 4120.22661    29            3             2019          6 
-589.34147     30            3             2019          7 
 3304.28156    31            3             2019          1 
