 5615.9082     1             2             2018          5 
 5182.12236    2             2             2018          6 
 1147.739612   3             2             2018          7 
-366.07996     4             2             2018          1 
 4023.622437   5             2             2018          2 
 19422.74802   6             2             2018          3 
 4915.59836    7             2             2018          4 
 3085.6733549                8             2             2018          5 
 6504.87995    9             2             2018          6 
 1867.879273   10            2             2018          7 
 2353.67578    11            2             2018          1 
 3533.563668   12            2             2018          2 
 3133.9541674                13            2             2018          3 
 3837.252207   14            2             2018          4 
 2017.3925874                15            2             2018          5 
 4633.600538   16            2             2018          6 
 1951.46642    17            2             2018          7 
 6625.845282   18            2             2018          1 
 4376.13416    19            2             2018          2 
 5098.6233     20            2             2018          3 
 4731.042179   21            2             2018          4 
 3123.1809166                22            2             2018          5 
 4675.746352   23            2             2018          6 
 4379.468782   24            2             2018          7 
 646.2060412   25            2             2018          1 
 2187.88231    26            2             2018          2 
 1285.804      27            2             2018          3 
 6530.9695     28            2             2018          4 
