 1517.245235   1             5             2019          4 
 179.95728     2             5             2019          5 
-2545.810562   3             5             2019          6 
-373.212551    4             5             2019          7 
 6463.15032    5             5             2019          1 
 8549.7593     6             5             2019          2 
 9485.23073    7             5             2019          3 
 10436.7909    8             5             2019          4 
 8310.01583    9             5             2019          5 
 7239.27982    10            5             2019          6 
 5846.3387     11            5             2019          7 
 8299.50438    12            5             2019          1 
 11328.8824    13            5             2019          2 
 11496.6235    14            5             2019          3 
 9817.743      15            5             2019          4 
 7053.2361     16            5             2019          5 
 8804.755      17            5             2019          6 
 6183.2709     18            5             2019          7 
 4996.10084    19            5             2019          1 
 5183.106673   20            5             2019          2 
 10501.4827    21            5             2019          3 
 9448.3422     22            5             2019          4 
 8662.3666     23            5             2019          5 
 8471.2947     24            5             2019          6 
 6771.3939     25            5             2019          7 
 7606.1797     26            5             2019          1 
 3042.55292    27            5             2019          2 
-3721.73499    28            5             2019          3 
-3176.86746    29            5             2019          4 
-1432.5927087                30            5             2019          5 
-268.238365    31            5             2019          6 
