 6922.10807    1             10            2019          3 
 8990.44358    2             10            2019          4 
 11166.323     3             10            2019          5 
 2308.283839   4             10            2019          6 
 6906.4289     5             10            2019          7 
 8251.146849   6             10            2019          1 
 8029.593705   7             10            2019          2 
 676.931546    8             10            2019          3 
 6063.61744    9             10            2019          4 
 10602.4879    10            10            2019          5 
 12775.5222    11            10            2019          6 
 6854.4326     12            10            2019          7 
 8744.5751     13            10            2019          1 
 7576.117      14            10            2019          2 
 6525.6207     15            10            2019          3 
 1942.69411    16            10            2019          4 
 3219.304443   17            10            2019          5 
 379.89945     18            10            2019          6 
 5091.00583    19            10            2019          7 
 6990.47238    20            10            2019          1 
 4067.49682    21            10            2019          2 
 7133.42954    22            10            2019          3 
 4732.777957   23            10            2019          4 
 4725.8592     24            10            2019          5 
 5884.73458    25            10            2019          6 
 6250.63654    26            10            2019          7 
 5732.83906    27            10            2019          1 
 4958.14537    28            10            2019          2 
 4560.6009502                29            10            2019          3 
 4808.81027    30            10            2019          4 
 5858.15192    31            10            2019          5 
