 220818.613    1             9             2017          6 
 190801.901    2             9             2017          7 
 159914.614    3             9             2017          1 
 155871.227    4             9             2017          2 
 165992.44     5             9             2017          3 
 228131.452    6             9             2017          4 
 167675.665    7             9             2017          5 
 188647.587    8             9             2017          6 
 219216.365    9             9             2017          7 
 179162.049    10            9             2017          1 
 174260.016    11            9             2017          2 
 156992.982    12            9             2017          3 
 199973.68     13            9             2017          4 
 189137.332    14            9             2017          5 
 223317.718    15            9             2017          6 
 231885.484    16            9             2017          7 
 170181.145    17            9             2017          1 
 176208.589    18            9             2017          2 
 212610.892    19            9             2017          3 
 205101.85     20            9             2017          4 
 186094.195    21            9             2017          5 
 166331.139    22            9             2017          6 
 227784.4      23            9             2017          7 
 240417.597    24            9             2017          1 
 180709.155    25            9             2017          2 
 211400.554    26            9             2017          3 
 228653.231    27            9             2017          4 
 251732.835    28            9             2017          5 
 208437.976    29            9             2017          6 
 193212.637    30            9             2017          7 
