 2706.294894   1             2             2019          6 
 2706.885337   2             2             2019          7 
 4693.4112     3             2             2019          1 
 1369.661751   4             2             2019          2 
 3200.15536    5             2             2019          3 
 4987.28287    6             2             2019          4 
 1604.0129428                7             2             2019          5 
 1675.62177    8             2             2019          6 
 2753.32773    9             2             2019          7 
 2123.578012   10            2             2019          1 
 3614.4074411                11            2             2019          2 
 1985.41428    12            2             2019          3 
 3872.68155    13            2             2019          4 
 4462.1101105                14            2             2019          5 
 2407.9481261                15            2             2019          6 
 2975.532547   16            2             2019          7 
 3283.63059    17            2             2019          1 
 5147.58163    18            2             2019          2 
 3102.27093    19            2             2019          3 
 2443.5613855                20            2             2019          4 
 2609.406143   21            2             2019          5 
 4076.272962   22            2             2019          6 
 2221.019553   23            2             2019          7 
 1102.586999   24            2             2019          1 
 37751.88236   25            2             2019          2 
-224.961813    26            2             2019          3 
 4391.93086    27            2             2019          4 
 13713.39431   28            2             2019          5 
