-550.464366    1             6             2019          7 
-1499.49669    2             6             2019          1 
-3084.761914   3             6             2019          2 
 1002.001388   4             6             2019          3 
-2036.377409   5             6             2019          4 
-1529.432952   6             6             2019          5 
 515.526377    7             6             2019          6 
 6122.371238   8             6             2019          7 
 2010.161293   9             6             2019          1 
-847.593873    10            6             2019          2 
 1652.998539   11            6             2019          3 
 3679.463682   12            6             2019          4 
-3376.109773   13            6             2019          5 
-2598.576561   14            6             2019          6 
 6007.41466    15            6             2019          7 
 2603.064858   16            6             2019          1 
-785.36135     17            6             2019          2 
-1579.37       18            6             2019          3 
 4968.92279    19            6             2019          4 
-1170.46022    20            6             2019          5 
-1814.98542    21            6             2019          6 
-1095.9939336                22            6             2019          7 
 5164.7212714                23            6             2019          1 
-1518.272594   24            6             2019          2 
-1720.99014    25            6             2019          3 
-1699.847472   26            6             2019          4 
-1259.1300758                27            6             2019          5 
 4452.03012    28            6             2019          6 
 10423.5248    29            6             2019          7 
 10363.77759   30            6             2019          1 
