-1003.987911   1             10            2018          2 
 4912.75244    2             10            2018          3 
 4410.65228    3             10            2018          4 
 506.951502    4             10            2018          5 
-1629.330046   5             10            2018          6 
 8001.4037     6             10            2018          7 
 11968.581     7             10            2018          1 
 5963.89033    8             10            2018          2 
 65750.481368                9             10            2018          3 
 116319.419    10            10            2018          4 
 97947.674     11            10            2018          5 
 112362.43     12            10            2018          6 
 77871.6855    13            10            2018          7 
 112899.948    14            10            2018          1 
 39867.9704484               15            10            2018          2 
 1575.338852   16            10            2018          3 
 3511.210744   17            10            2018          4 
 1527.856462   18            10            2018          5 
 8362.54787    19            10            2018          6 
 6943.1208     20            10            2018          7 
 3795.75537    21            10            2018          1 
 33447.3673566               22            10            2018          2 
 59773.21626   23            10            2018          3 
 4525.6336137                24            10            2018          4 
 7025.52914    25            10            2018          5 
 7234.32626    26            10            2018          6 
 8874.451      27            10            2018          7 
 10488.59427   28            10            2018          1 
 14726.70619   29            10            2018          2 
 12116.5995    30            10            2018          3 
 9050.89084    31            10            2018          4 
