 7321.63588    1             11            2018          5 
 762.40107     2             11            2018          6 
 10037.2336    3             11            2018          7 
 10274.38655   4             11            2018          1 
 5536.77195    5             11            2018          2 
 4727.29414    6             11            2018          3 
 9381.726254   7             11            2018          4 
 10410.2151    8             11            2018          5 
 10568.2499    9             11            2018          6 
 9770.4182     10            11            2018          7 
 14254.665393                11            11            2018          1 
 13245.614363                12            11            2018          2 
 3123.5982203                13            11            2018          3 
 2871.831207   14            11            2018          4 
 1844.215026   15            11            2018          5 
 3889.389116   16            11            2018          6 
 3628.96569    17            11            2018          7 
 1992.544884   18            11            2018          1 
 4408.03372    19            11            2018          2 
 2608.942011   20            11            2018          3 
 3124.87669    21            11            2018          4 
 4616.95438    22            11            2018          5 
 2903.842067   23            11            2018          6 
 2757.83559    24            11            2018          7 
 658.811675    25            11            2018          1 
 5529.94444    26            11            2018          2 
 3890.82375    27            11            2018          3 
 5219.36895    28            11            2018          4 
 6412.45913    29            11            2018          5 
 3662.6111109                30            11            2018          6 
