 8850.912      0             1             6             2017          5 
 8853.737      1             1             6             2017          5 
 8817.7        2             1             6             2017          5 
 8817.45       3             1             6             2017          5 
 8821.287      4             1             6             2017          5 
 8717          5             1             6             2017          5 
 8644.2        6             1             6             2017          5 
 8590.15       7             1             6             2017          5 
 8607.063      8             1             6             2017          5 
 8720.813      9             1             6             2017          5 
 8899.8        10            1             6             2017          5 
 9020.95       11            1             6             2017          5 
 9153.588      12            1             6             2017          5 
 9191.5        13            1             6             2017          5 
 9086.35       14            1             6             2017          5 
 8932.5        15            1             6             2017          5 
 8667.425      16            1             6             2017          5 
 8189.15       17            1             6             2017          5 
 7715.663      18            1             6             2017          5 
 7447.563      19            1             6             2017          5 
 7185.525      20            1             6             2017          5 
 7365.3        21            1             6             2017          5 
 7744.888      22            1             6             2017          5 
 8171.987      23            1             6             2017          5 
 8552.888      0             2             6             2017          6 
 8983.625      1             2             6             2017          6 
 9090.45       2             2             6             2017          6 
 9214.875      3             2             6             2017          6 
 9281.4        4             2             6             2017          6 
 9280.825      5             2             6             2017          6 
 9274.388      6             2             6             2017          6 
 9264.625      7             2             6             2017          6 
 9195.9        8             2             6             2017          6 
 9099.225      9             2             6             2017          6 
 9115.25       10            2             6             2017          6 
 9141.888      11            2             6             2017          6 
 9331.813      12            2             6             2017          6 
 9613.85       13            2             6             2017          6 
 9918.675      14            2             6             2017          6 
 10091.95      15            2             6             2017          6 
 10163.6       16            2             6             2017          6 
 9962.825      17            2             6             2017          6 
 9589.35       18            2             6             2017          6 
 9135.487      19            2             6             2017          6 
 8659.025      20            2             6             2017          6 
 8289.4        21            2             6             2017          6 
 8285.438      22            2             6             2017          6 
 8453.213      23            2             6             2017          6 
 8950.213      0             3             6             2017          7 
 9486.55       1             3             6             2017          7 
 9857.55       2             3             6             2017          7 
 9945.375      3             3             6             2017          7 
 9858.875      4             3             6             2017          7 
 9534.112      5             3             6             2017          7 
 9215.763      6             3             6             2017          7 
 9142.463      7             3             6             2017          7 
 9145.9        8             3             6             2017          7 
 9376.7        9             3             6             2017          7 
 9645.5        10            3             6             2017          7 
 9845.675      11            3             6             2017          7 
 9758.612      12            3             6             2017          7 
 9569.3        13            3             6             2017          7 
 9108.862      14            3             6             2017          7 
 8724.35       15            3             6             2017          7 
 8426.125      16            3             6             2017          7 
 8432.638      17            3             6             2017          7 
 8509.65       18            3             6             2017          7 
 8910.975      19            3             6             2017          7 
 9209.912      20            3             6             2017          7 
 9619.713      21            3             6             2017          7 
 9824.537      22            3             6             2017          7 
 9717.8        23            3             6             2017          7 
 9344.125      0             4             6             2017          1 
 8972.963      1             4             6             2017          1 
 8592.638      2             4             6             2017          1 
 8598.438      3             4             6             2017          1 
 8974.263      4             4             6             2017          1 
 9362.225      5             4             6             2017          1 
 9659.013      6             4             6             2017          1 
 9736.025      7             4             6             2017          1 
 9517.275      8             4             6             2017          1 
 9223.412      9             4             6             2017          1 
 9048.463      10            4             6             2017          1 
 8948.075      11            4             6             2017          1 
 8949          12            4             6             2017          1 
 8965.15       13            4             6             2017          1 
 8992.263      14            4             6             2017          1 
 9079.375      15            4             6             2017          1 
 9254.612      16            4             6             2017          1 
 9475.225      17            4             6             2017          1 
 9764          18            4             6             2017          1 
 10024.65      19            4             6             2017          1 
 10213.6       20            4             6             2017          1 
 10302.75      21            4             6             2017          1 
 10337.06      22            4             6             2017          1 
 10248.83      23            4             6             2017          1 
 10114.81      0             5             6             2017          2 
 9950.063      1             5             6             2017          2 
 9738.85       2             5             6             2017          2 
 9529.95       3             5             6             2017          2 
 9370.612      4             5             6             2017          2 
 9271.625      5             5             6             2017          2 
 9216.3        6             5             6             2017          2 
 9215.537      7             5             6             2017          2 
 9219.75       8             5             6             2017          2 
 9218.138      9             5             6             2017          2 
 9218.6        10            5             6             2017          2 
 9225.287      11            5             6             2017          2 
 9333.162      12            5             6             2017          2 
 9456.575      13            5             6             2017          2 
 9677.725      14            5             6             2017          2 
 9908.638      15            5             6             2017          2 
 10131         16            5             6             2017          2 
 10249.06      17            5             6             2017          2 
 10349.14      18            5             6             2017          2 
 10348.5       19            5             6             2017          2 
 10336.99      20            5             6             2017          2 
 10324.86      21            5             6             2017          2 
 10320.2       22            5             6             2017          2 
 10166.51      23            5             6             2017          2 
 9914.85       0             6             6             2017          3 
 9517.25       1             6             6             2017          3 
 9011.287      2             6             6             2017          3 
 8500.7        3             6             6             2017          3 
 8128.75       4             6             6             2017          3 
 7858.487      5             6             6             2017          3 
 7831.612      6             6             6             2017          3 
 8076          7             6             6             2017          3 
 8436.338      8             6             6             2017          3 
 8891.063      9             6             6             2017          3 
 9185.875      10            6             6             2017          3 
 9363.75       11            6             6             2017          3 
 9317.175      12            6             6             2017          3 
 9209.875      13            6             6             2017          3 
 9050.013      14            6             6             2017          3 
 9073.625      15            6             6             2017          3 
 9040.425      16            6             6             2017          3 
 9091.95       17            6             6             2017          3 
 9094.463      18            6             6             2017          3 
 9158.388      19            6             6             2017          3 
 9202.6        20            6             6             2017          3 
 9342.05       21            6             6             2017          3 
 9447.35       22            6             6             2017          3 
 9481.987      23            6             6             2017          3 
 9430.65       0             7             6             2017          4 
 9481.425      1             7             6             2017          4 
 9516.313      2             7             6             2017          4 
 9567.838      3             7             6             2017          4 
 9672.037      4             7             6             2017          4 
 9682.612      5             7             6             2017          4 
 9574.375      6             7             6             2017          4 
 9468.875      7             7             6             2017          4 
 9345.138      8             7             6             2017          4 
 9240.525      9             7             6             2017          4 
 9231.2        10            7             6             2017          4 
 9308.713      11            7             6             2017          4 
 9435.075      12            7             6             2017          4 
 9646.375      13            7             6             2017          4 
 9902.763      14            7             6             2017          4 
 10154.39      15            7             6             2017          4 
 10334.03      16            7             6             2017          4 
 10457.63      17            7             6             2017          4 
 10506.71      18            7             6             2017          4 
 10497.16      19            7             6             2017          4 
 10481.8       20            7             6             2017          4 
 10453.76      21            7             6             2017          4 
 10430.11      22            7             6             2017          4 
 10336.6       23            7             6             2017          4 
 10217.11      0             8             6             2017          5 
 10027.7       1             8             6             2017          5 
 9809.575      2             8             6             2017          5 
 9584.463      3             8             6             2017          5 
 9430.225      4             8             6             2017          5 
 9315.6        5             8             6             2017          5 
 9278.25       6             8             6             2017          5 
 9277.188      7             8             6             2017          5 
 9276.75       8             8             6             2017          5 
 9269.575      9             8             6             2017          5 
 9255.625      10            8             6             2017          5 
 9241.037      11            8             6             2017          5 
 9232.463      12            8             6             2017          5 
 9234.7        13            8             6             2017          5 
 9239.925      14            8             6             2017          5 
 9247.85       15            8             6             2017          5 
 9249.2        16            8             6             2017          5 
 9246.063      17            8             6             2017          5 
 9242.263      18            8             6             2017          5 
 9245.125      19            8             6             2017          5 
 9257.675      20            8             6             2017          5 
 9258.188      21            8             6             2017          5 
 9264.55       22            8             6             2017          5 
 9254.2        23            8             6             2017          5 
 9244.938      0             9             6             2017          6 
 9236.8        1             9             6             2017          6 
 9313.05       2             9             6             2017          6 
 9422.188      3             9             6             2017          6 
 9544.675      4             9             6             2017          6 
 9652.95       5             9             6             2017          6 
 9691.787      6             9             6             2017          6 
 9487.213      7             9             6             2017          6 
 9119.638      8             9             6             2017          6 
 8622.9        9             9             6             2017          6 
 8161.8        10            9             6             2017          6 
 7838.663      11            9             6             2017          6 
 7863.175      12            9             6             2017          6 
 8207.813      13            9             6             2017          6 
 8624.713      14            9             6             2017          6 
 9095.638      15            9             6             2017          6 
 9419.987      16            9             6             2017          6 
 9534.975      17            9             6             2017          6 
 9465.1        18            9             6             2017          6 
 9454          19            9             6             2017          6 
 9360.975      20            9             6             2017          6 
 9268.675      21            9             6             2017          6 
 9127.65       22            9             6             2017          6 
 9048.775      23            9             6             2017          6 
 8891.4        0             10            6             2017          7 
 8876.7        1             10            6             2017          7 
 8997.65       2             10            6             2017          7 
 9237.55       3             10            6             2017          7 
 9472.013      4             10            6             2017          7 
 9777.2        5             10            6             2017          7 
 9809.888      6             10            6             2017          7 
 9632.475      7             10            6             2017          7 
 9415.688      8             10            6             2017          7 
 9188.4        9             10            6             2017          7 
 9021.088      10            10            6             2017          7 
 9088.438      11            10            6             2017          7 
 9086.525      12            10            6             2017          7 
 9026.7        13            10            6             2017          7 
 8835.037      14            10            6             2017          7 
 8679.037      15            10            6             2017          7 
 8483.85       16            10            6             2017          7 
 8536.037      17            10            6             2017          7 
 8559.075      18            10            6             2017          7 
 8662.438      19            10            6             2017          7 
 8668.588      20            10            6             2017          7 
 8662.463      21            10            6             2017          7 
 8706.612      22            10            6             2017          7 
 8833.95       23            10            6             2017          7 
 8964.388      0             11            6             2017          1 
 9122.037      1             11            6             2017          1 
 9330.388      2             11            6             2017          1 
 9428.45       3             11            6             2017          1 
 9506.912      4             11            6             2017          1 
 9442.5        5             11            6             2017          1 
 9227.513      6             11            6             2017          1 
 8819.088      7             11            6             2017          1 
 8434.4        8             11            6             2017          1 
 8187.725      9             11            6             2017          1 
 7826.112      10            11            6             2017          1 
 7831.788      11            11            6             2017          1 
 7812.163      12            11            6             2017          1 
 7732.413      13            11            6             2017          1 
 7589.125      14            11            6             2017          1 
 7660.925      15            11            6             2017          1 
 7498.15       16            11            6             2017          1 
 7682.413      17            11            6             2017          1 
 8117.962      18            11            6             2017          1 
 8495.013      19            11            6             2017          1 
 8953.263      20            11            6             2017          1 
 9323.862      21            11            6             2017          1 
 9413.362      22            11            6             2017          1 
 9334.825      23            11            6             2017          1 
 9387.725      0             12            6             2017          2 
 9354.438      1             12            6             2017          2 
 9438.063      2             12            6             2017          2 
 9497.688      3             12            6             2017          2 
 9345.95       4             12            6             2017          2 
 9052.888      5             12            6             2017          2 
 8692.45       6             12            6             2017          2 
 8294.888      7             12            6             2017          2 
 7967.563      8             12            6             2017          2 
 7835.5        9             12            6             2017          2 
 7730.087      10            12            6             2017          2 
 7812.337      11            12            6             2017          2 
 7947.85       12            12            6             2017          2 
 8161.837      13            12            6             2017          2 
 8414.6        14            12            6             2017          2 
 8658.125      15            12            6             2017          2 
 8823.037      16            12            6             2017          2 
 8936.375      17            12            6             2017          2 
 8981.287      18            12            6             2017          2 
 8982.162      19            12            6             2017          2 
 8988.513      20            12            6             2017          2 
 8993.287      21            12            6             2017          2 
 9119.263      22            12            6             2017          2 
 9252.963      23            12            6             2017          2 
 9506.213      0             13            6             2017          3 
 9753.85       1             13            6             2017          3 
 9812.763      2             13            6             2017          3 
 9821.175      3             13            6             2017          3 
 9630.5        4             13            6             2017          3 
 9399.487      5             13            6             2017          3 
 9176.125      6             13            6             2017          3 
 9135.875      7             13            6             2017          3 
 9027.6        8             13            6             2017          3 
 9109.862      9             13            6             2017          3 
 9115.338      10            13            6             2017          3 
 9120.975      11            13            6             2017          3 
 9143.775      12            13            6             2017          3 
 9171.275      13            13            6             2017          3 
 9207.438      14            13            6             2017          3 
 9246.275      15            13            6             2017          3 
 9280.45       16            13            6             2017          3 
 9305.213      17            13            6             2017          3 
 9318.438      18            13            6             2017          3 
 9319.237      19            13            6             2017          3 
 9183.237      20            13            6             2017          3 
 9032.2        21            13            6             2017          3 
 8769.862      22            13            6             2017          3 
 8635.3        23            13            6             2017          3 
 8517.675      0             14            6             2017          4 
 8656.6        1             14            6             2017          4 
 8808.2        2             14            6             2017          4 
 9062.688      3             14            6             2017          4 
 9209.737      4             14            6             2017          4 
 9442.15       5             14            6             2017          4 
 9562.537      6             14            6             2017          4 
 9780.813      7             14            6             2017          4 
 9961.95       8             14            6             2017          4 
 10052.58      9             14            6             2017          4 
 9991.563      10            14            6             2017          4 
 9844.775      11            14            6             2017          4 
 9600.825      12            14            6             2017          4 
 9407.037      13            14            6             2017          4 
 9161.8        14            14            6             2017          4 
 8954.025      15            14            6             2017          4 
 8767.725      16            14            6             2017          4 
 8598.688      17            14            6             2017          4 
 8499.813      18            14            6             2017          4 
 8566.6        19            14            6             2017          4 
 8647.438      20            14            6             2017          4 
 8874.963      21            14            6             2017          4 
 9140.537      22            14            6             2017          4 
 9332.2        23            14            6             2017          4 
 9409.813      0             15            6             2017          5 
 9403.475      1             15            6             2017          5 
 9371.688      2             15            6             2017          5 
 9158.4        3             15            6             2017          5 
 9115.175      4             15            6             2017          5 
 9013.963      5             15            6             2017          5 
 8962.438      6             15            6             2017          5 
 8844.075      7             15            6             2017          5 
 8850.162      8             15            6             2017          5 
 8693.388      9             15            6             2017          5 
 8826.1        10            15            6             2017          5 
 9010.85       11            15            6             2017          5 
 9336.487      12            15            6             2017          5 
 9683.438      13            15            6             2017          5 
 9952.787      14            15            6             2017          5 
 10031.26      15            15            6             2017          5 
 10063.78      16            15            6             2017          5 
 9975.425      17            15            6             2017          5 
 9759.912      18            15            6             2017          5 
 9569.287      19            15            6             2017          5 
 9365.75       20            15            6             2017          5 
 9082.588      21            15            6             2017          5 
 8879.588      22            15            6             2017          5 
 8789.3        23            15            6             2017          5 
 8749.575      0             16            6             2017          6 
 8763.963      1             16            6             2017          6 
 8886.813      2             16            6             2017          6 
 8910          3             16            6             2017          6 
 8927.688      4             16            6             2017          6 
 8941.65       5             16            6             2017          6 
 8946.325      6             16            6             2017          6 
 8950.6        7             16            6             2017          6 
 8949          8             16            6             2017          6 
 8947.912      9             16            6             2017          6 
 8944.438      10            16            6             2017          6 
 8941.263      11            16            6             2017          6 
 8934.075      12            16            6             2017          6 
 8930.338      13            16            6             2017          6 
 8928.313      14            16            6             2017          6 
 8929.287      15            16            6             2017          6 
 8932.638      16            16            6             2017          6 
 8932.075      17            16            6             2017          6 
 8927.375      18            16            6             2017          6 
 8914.138      19            16            6             2017          6 
 8900.75       20            16            6             2017          6 
 8886.95       21            16            6             2017          6 
 8882.45       22            16            6             2017          6 
 8879.263      23            16            6             2017          6 
 8889.825      0             17            6             2017          7 
 8899.088      1             17            6             2017          7 
 8911.175      2             17            6             2017          7 
 8919.237      3             17            6             2017          7 
 8922.925      4             17            6             2017          7 
 8917.138      5             17            6             2017          7 
 8905.412      6             17            6             2017          7 
 8889.537      7             17            6             2017          7 
 8872.975      8             17            6             2017          7 
 8860.075      9             17            6             2017          7 
 8855.412      10            17            6             2017          7 
 8855.713      11            17            6             2017          7 
 8858.063      12            17            6             2017          7 
 8854.9        13            17            6             2017          7 
 8852.825      14            17            6             2017          7 
 8839.325      15            17            6             2017          7 
 8825.975      16            17            6             2017          7 
 8811.088      17            17            6             2017          7 
 8800.25       18            17            6             2017          7 
 8788.737      19            17            6             2017          7 
 8789.112      20            17            6             2017          7 
 8790.063      21            17            6             2017          7 
 8798.5        22            17            6             2017          7 
 8814.638      23            17            6             2017          7 
 8835.862      0             18            6             2017          1 
 8855.763      1             18            6             2017          1 
 8876.175      2             18            6             2017          1 
 8891          3             18            6             2017          1 
 8900.612      4             18            6             2017          1 
 8905.15       5             18            6             2017          1 
 8913.625      6             18            6             2017          1 
 8939.713      7             18            6             2017          1 
 9096.875      8             18            6             2017          1 
 9258.25       9             18            6             2017          1 
 9310.275      10            18            6             2017          1 
 9315.237      11            18            6             2017          1 
 9066.313      12            18            6             2017          1 
 8670.25       13            18            6             2017          1 
 8275.688      14            18            6             2017          1 
 8007.025      15            18            6             2017          1 
 7943.563      16            18            6             2017          1 
 8213.325      17            18            6             2017          1 
 8635.9        18            18            6             2017          1 
 9047.825      19            18            6             2017          1 
 9363.425      20            18            6             2017          1 
 9326.9        21            18            6             2017          1 
 9157.638      22            18            6             2017          1 
 8890.237      23            18            6             2017          1 
 8647.9        0             19            6             2017          2 
 8615.188      1             19            6             2017          2 
 8767.463      2             19            6             2017          2 
 8951.2        3             19            6             2017          2 
 9092.725      4             19            6             2017          2 
 9210.55       5             19            6             2017          2 
 9199.588      6             19            6             2017          2 
 9231.55       7             19            6             2017          2 
 9331.388      8             19            6             2017          2 
 9484.425      9             19            6             2017          2 
 9701.45       10            19            6             2017          2 
 9928          11            19            6             2017          2 
 10122.71      12            19            6             2017          2 
 10257.22      13            19            6             2017          2 
 10352.26      14            19            6             2017          2 
 10387.99      15            19            6             2017          2 
 10411.83      16            19            6             2017          2 
 10417         17            19            6             2017          2 
 10410.39      18            19            6             2017          2 
 10381.7       19            19            6             2017          2 
 10347.66      20            19            6             2017          2 
 10312.63      21            19            6             2017          2 
 10284.46      22            19            6             2017          2 
 10262.2       23            19            6             2017          2 
 10250.63      0             20            6             2017          3 
 10248.75      1             20            6             2017          3 
 10255.51      2             20            6             2017          3 
 10272.67      3             20            6             2017          3 
 10292.21      4             20            6             2017          3 
 10311.75      5             20            6             2017          3 
 10322.41      6             20            6             2017          3 
 10322.88      7             20            6             2017          3 
 10319.65      8             20            6             2017          3 
 10286.25      9             20            6             2017          3 
 10050.83      10            20            6             2017          3 
 9900.763      11            20            6             2017          3 
 9549.975      12            20            6             2017          3 
 9393.075      13            20            6             2017          3 
 9313.425      14            20            6             2017          3 
 9520.2        15            20            6             2017          3 
 9672.537      16            20            6             2017          3 
 9899.688      17            20            6             2017          3 
 9913.3        18            20            6             2017          3 
 9876.662      19            20            6             2017          3 
 9774.1        20            20            6             2017          3 
 9767.938      21            20            6             2017          3 
 9912.638      22            20            6             2017          3 
 10070.91      23            20            6             2017          3 
 10235.1       0             21            6             2017          4 
 10380.66      1             21            6             2017          4 
 10398.7       2             21            6             2017          4 
 10401.47      3             21            6             2017          4 
 10399.6       4             21            6             2017          4 
 10392.78      5             21            6             2017          4 
 10383.65      6             21            6             2017          4 
 10374.28      7             21            6             2017          4 
 10362.65      8             21            6             2017          4 
 10360.44      9             21            6             2017          4 
 10357.6       10            21            6             2017          4 
 10423.33      11            21            6             2017          4 
 10487.21      12            21            6             2017          4 
 10608.22      13            21            6             2017          4 
 10723.78      14            21            6             2017          4 
 10837.74      15            21            6             2017          4 
 10886.1       16            21            6             2017          4 
 10934.51      17            21            6             2017          4 
 10922.63      18            21            6             2017          4 
 10906.56      19            21            6             2017          4 
 10887.7       20            21            6             2017          4 
 10868.66      21            21            6             2017          4 
 10849.6       22            21            6             2017          4 
 10833.58      23            21            6             2017          4 
 10830.28      0             22            6             2017          5 
 10830.39      1             22            6             2017          5 
 10785.51      2             22            6             2017          5 
 10657         3             22            6             2017          5 
 10476.25      4             22            6             2017          5 
 10323.69      5             22            6             2017          5 
 10192.58      6             22            6             2017          5 
 10227.25      7             22            6             2017          5 
 10370.85      8             22            6             2017          5 
 10568.04      9             22            6             2017          5 
 10734.65      10            22            6             2017          5 
 10885.84      11            22            6             2017          5 
 10925.74      12            22            6             2017          5 
 10932.99      13            22            6             2017          5 
 10934.24      14            22            6             2017          5 
 10919.39      15            22            6             2017          5 
 10895.95      16            22            6             2017          5 
 10868.05      17            22            6             2017          5 
 10859.16      18            22            6             2017          5 
 10848.24      19            22            6             2017          5 
 10850.69      20            22            6             2017          5 
 10854.08      21            22            6             2017          5 
 10855.97      22            22            6             2017          5 
 10856.6       23            22            6             2017          5 
 10870.97      0             23            6             2017          6 
 10888.63      1             23            6             2017          6 
 10917.78      2             23            6             2017          6 
 10936.06      3             23            6             2017          6 
 10827.56      4             23            6             2017          6 
 10508.88      5             23            6             2017          6 
 10200.45      6             23            6             2017          6 
 9713.888      7             23            6             2017          6 
 9369.55       8             23            6             2017          6 
 9066.775      9             23            6             2017          6 
 8510.4        10            23            6             2017          6 
 7784.3        11            23            6             2017          6 
 7227.55       12            23            6             2017          6 
 6660.425      13            23            6             2017          6 
 6625.013      14            23            6             2017          6 
 7320.825      15            23            6             2017          6 
 8186          16            23            6             2017          6 
 9144.4        17            23            6             2017          6 
 9987.825      18            23            6             2017          6 
 10370.72      19            23            6             2017          6 
 10473.53      20            23            6             2017          6 
 10554.42      21            23            6             2017          6 
 10539.36      22            23            6             2017          6 
 10509.72      23            23            6             2017          6 
 10464.19      0             24            6             2017          7 
 10281.42      1             24            6             2017          7 
 10090.21      2             24            6             2017          7 
 9789.675      3             24            6             2017          7 
 9637.588      4             24            6             2017          7 
 9525.875      5             24            6             2017          7 
 9684.537      6             24            6             2017          7 
 9736.362      7             24            6             2017          7 
 9845.2        8             24            6             2017          7 
 9702.237      9             24            6             2017          7 
 9495.55       10            24            6             2017          7 
 9165.063      11            24            6             2017          7 
 8962.05       12            24            6             2017          7 
 8712.638      13            24            6             2017          7 
 8518.325      14            24            6             2017          7 
 8424.1        15            24            6             2017          7 
 8256.438      16            24            6             2017          7 
 8267.475      17            24            6             2017          7 
 8459.55       18            24            6             2017          7 
 8783.888      19            24            6             2017          7 
 9141.213      20            24            6             2017          7 
 9618.162      21            24            6             2017          7 
 9914.662      22            24            6             2017          7 
 10131.75      23            24            6             2017          7 
 10276.22      0             25            6             2017          1 
 10334.61      1             25            6             2017          1 
 10341.33      2             25            6             2017          1 
 10346.99      3             25            6             2017          1 
 10353.83      4             25            6             2017          1 
 10357.2       5             25            6             2017          1 
 10359.3       6             25            6             2017          1 
 10361.1       7             25            6             2017          1 
 10358.71      8             25            6             2017          1 
 10357.59      9             25            6             2017          1 
 10360.49      10            25            6             2017          1 
 10362.63      11            25            6             2017          1 
 10372.11      12            25            6             2017          1 
 10384.6       13            25            6             2017          1 
 10400.35      14            25            6             2017          1 
 10410.36      15            25            6             2017          1 
 10422.24      16            25            6             2017          1 
 10421.99      17            25            6             2017          1 
 10423.54      18            25            6             2017          1 
 10425.81      19            25            6             2017          1 
 10433.06      20            25            6             2017          1 
 10446.55      21            25            6             2017          1 
 10458.06      22            25            6             2017          1 
 10422.79      23            25            6             2017          1 
 10462.61      0             26            6             2017          2 
 10452.99      1             26            6             2017          2 
 10525.8       2             26            6             2017          2 
 10603.45      3             26            6             2017          2 
 10725.15      4             26            6             2017          2 
 10762.96      5             26            6             2017          2 
 10838.14      6             26            6             2017          2 
 10823.97      7             26            6             2017          2 
 10810.65      8             26            6             2017          2 
 10798.99      9             26            6             2017          2 
 10740         10            26            6             2017          2 
 10605.56      11            26            6             2017          2 
 10423.55      12            26            6             2017          2 
 10164.2       13            26            6             2017          2 
 9912.775      14            26            6             2017          2 
 9712.85       15            26            6             2017          2 
 9599.1        16            26            6             2017          2 
 9531.888      17            26            6             2017          2 
 9544.9        18            26            6             2017          2 
 9642.063      19            26            6             2017          2 
 9756.438      20            26            6             2017          2 
 9962.987      21            26            6             2017          2 
 10185.33      22            26            6             2017          2 
 10403.63      23            26            6             2017          2 
 10522.65      0             27            6             2017          3 
 10617.74      1             27            6             2017          3 
 10615.4       2             27            6             2017          3 
 10602.66      3             27            6             2017          3 
 10592.01      4             27            6             2017          3 
 10448.8       5             27            6             2017          3 
 10291.58      6             27            6             2017          3 
 9996.7        7             27            6             2017          3 
 9703.438      8             27            6             2017          3 
 9554.138      9             27            6             2017          3 
 9558.612      10            27            6             2017          3 
 9718.138      11            27            6             2017          3 
 10005.14      12            27            6             2017          3 
 10280.13      13            27            6             2017          3 
 10407.53      14            27            6             2017          3 
 10517.29      15            27            6             2017          3 
 10488.36      16            27            6             2017          3 
 10463.56      17            27            6             2017          3 
 10376.91      18            27            6             2017          3 
 10252.31      19            27            6             2017          3 
 10068.85      20            27            6             2017          3 
 9856.575      21            27            6             2017          3 
 9725.975      22            27            6             2017          3 
 9708.125      23            27            6             2017          3 
 9799.438      0             28            6             2017          4 
 9988.938      1             28            6             2017          4 
 10207.81      2             28            6             2017          4 
 10350.74      3             28            6             2017          4 
 10452.61      4             28            6             2017          4 
 10496.81      5             28            6             2017          4 
 10509.81      6             28            6             2017          4 
 10533.91      7             28            6             2017          4 
 10557.17      8             28            6             2017          4 
 10575.06      9             28            6             2017          4 
 10573.85      10            28            6             2017          4 
 10564.2       11            28            6             2017          4 
 10543.06      12            28            6             2017          4 
 10517.53      13            28            6             2017          4 
 10496.03      14            28            6             2017          4 
 10477.89      15            28            6             2017          4 
 10464.84      16            28            6             2017          4 
 10457.14      17            28            6             2017          4 
 10461.33      18            28            6             2017          4 
 10467.26      19            28            6             2017          4 
 10486.22      20            28            6             2017          4 
 10501.41      21            28            6             2017          4 
 10512.71      22            28            6             2017          4 
 10515.21      23            28            6             2017          4 
 10509.17      0             29            6             2017          5 
 10494.14      1             29            6             2017          5 
 10480.97      2             29            6             2017          5 
 10352.14      3             29            6             2017          5 
 10351.79      4             29            6             2017          5 
 10091.54      5             29            6             2017          5 
 9701.55       6             29            6             2017          5 
 9339.65       7             29            6             2017          5 
 8787.475      8             29            6             2017          5 
 8290.162      9             29            6             2017          5 
 8081.475      10            29            6             2017          5 
 8052.825      11            29            6             2017          5 
 8007.7        12            29            6             2017          5 
 8336.037      13            29            6             2017          5 
 8493.475      14            29            6             2017          5 
 8648.213      15            29            6             2017          5 
 8827.737      16            29            6             2017          5 
 8997.737      17            29            6             2017          5 
 9118.525      18            29            6             2017          5 
 9346          19            29            6             2017          5 
 9564.888      20            29            6             2017          5 
 9826.612      21            29            6             2017          5 
 10075.15      22            29            6             2017          5 
 10304.6       23            29            6             2017          5 
 10406.4       0             30            6             2017          6 
 10496.47      1             30            6             2017          6 
 10474.78      2             30            6             2017          6 
 10464.54      3             30            6             2017          6 
 10464.86      4             30            6             2017          6 
 10471.55      5             30            6             2017          6 
 10473.15      6             30            6             2017          6 
 10464.85      7             30            6             2017          6 
 10453.34      8             30            6             2017          6 
 10372.96      9             30            6             2017          6 
 10156.85      10            30            6             2017          6 
 9817.275      11            30            6             2017          6 
 9342.912      12            30            6             2017          6 
 8806.188      13            30            6             2017          6 
 8410.475      14            30            6             2017          6 
 8208.4        15            30            6             2017          6 
 8213.925      16            30            6             2017          6 
 8550.05       17            30            6             2017          6 
 8964.325      18            30            6             2017          6 
 9436.125      19            30            6             2017          6 
 9866.85       20            30            6             2017          6 
 10208.21      21            30            6             2017          6 
 10354.66      22            30            6             2017          6 
 10480.63      23            30            6             2017          6 
