-15.38071      0             1             3             2019          6 
-13.95527      1             1             3             2019          6 
-100.0765      2             1             3             2019          6 
-86.4814       3             1             3             2019          6 
-134.1302      4             1             3             2019          6 
-26.44849      5             1             3             2019          6 
-16.29932      6             1             3             2019          6 
 86.30058      7             1             3             2019          6 
 126.8196      8             1             3             2019          6 
 134.0418      9             1             3             2019          6 
 168.8417      10            1             3             2019          6 
 157.0661      11            1             3             2019          6 
 260.3451      12            1             3             2019          6 
 247.5662      13            1             3             2019          6 
 404.5314      14            1             3             2019          6 
 359.9813      15            1             3             2019          6 
 386.5931      16            1             3             2019          6 
 229.235       17            1             3             2019          6 
 218.2052      18            1             3             2019          6 
 23.61654      19            1             3             2019          6 
 66.93943      20            1             3             2019          6 
 62.56434      21            1             3             2019          6 
 56.25364      22            1             3             2019          6 
 88.30967      23            1             3             2019          6 
 144.9575      0             2             3             2019          7 
 56.94385      1             2             3             2019          7 
 93.41602      2             2             3             2019          7 
 58.64424      3             2             3             2019          7 
 56.91631      4             2             3             2019          7 
 35.34717      5             2             3             2019          7 
-19.92798      6             2             3             2019          7 
 19.29575      7             2             3             2019          7 
-43.28271      8             2             3             2019          7 
 44.80898      9             2             3             2019          7 
 83.26782      10            2             3             2019          7 
 208.2054      11            2             3             2019          7 
 196.804       12            2             3             2019          7 
 267.8619      13            2             3             2019          7 
 210.8432      14            2             3             2019          7 
 199.0599      15            2             3             2019          7 
 145.6055      16            2             3             2019          7 
 185.9337      17            2             3             2019          7 
 183.1194      18            2             3             2019          7 
 167.8824      19            2             3             2019          7 
 187.8842      20            2             3             2019          7 
 173.1074      21            2             3             2019          7 
 124.5339      22            2             3             2019          7 
 176.5451      23            2             3             2019          7 
 132.4533      0             3             3             2019          1 
 71.26675      1             3             3             2019          1 
 57.52798      2             3             3             2019          1 
 8.71726       3             3             3             2019          1 
-62.2786       4             3             3             2019          1 
 29.67249      5             3             3             2019          1 
 77.33742      6             3             3             2019          1 
 219.077       7             3             3             2019          1 
 357.3024      8             3             3             2019          1 
 439.8968      9             3             3             2019          1 
 456.7306      10            3             3             2019          1 
 439.3979      11            3             3             2019          1 
 253.0168      12            3             3             2019          1 
 198.4586      13            3             3             2019          1 
 72.62321      14            3             3             2019          1 
 10.34102      15            3             3             2019          1 
 19.75972      16            3             3             2019          1 
 91.5811       17            3             3             2019          1 
 37.21606      18            3             3             2019          1 
 189.3194      19            3             3             2019          1 
 129.9415      20            3             3             2019          1 
 163.6119      21            3             3             2019          1 
 144.3605      22            3             3             2019          1 
 81.13149      23            3             3             2019          1 
-7.214453      0             4             3             2019          2 
-22.17227      1             4             3             2019          2 
-93.94414      2             4             3             2019          2 
-53.7748       3             4             3             2019          2 
-26.37041      4             4             3             2019          2 
 41.13682      5             4             3             2019          2 
 34.29839      6             4             3             2019          2 
 62.95996      7             4             3             2019          2 
 63.3937       8             4             3             2019          2 
 39.9063       9             4             3             2019          2 
 36.95762      10            4             3             2019          2 
 85.7771       11            4             3             2019          2 
 134.3622      12            4             3             2019          2 
 205.2648      13            4             3             2019          2 
 322.1969      14            4             3             2019          2 
 365.2303      15            4             3             2019          2 
 440.4763      16            4             3             2019          2 
 433.5347      17            4             3             2019          2 
 467.9101      18            4             3             2019          2 
 439.727       19            4             3             2019          2 
 452.946       20            4             3             2019          2 
 461.6776      21            4             3             2019          2 
 478.3084      22            4             3             2019          2 
 472.3964      23            4             3             2019          2 
 469.0887      0             5             3             2019          3 
 453.9405      1             5             3             2019          3 
 458.6386      2             5             3             2019          3 
 450.6735      3             5             3             2019          3 
 461.9483      4             5             3             2019          3 
 487.1447      5             5             3             2019          3 
 638.7603      6             5             3             2019          3 
 677.346       7             5             3             2019          3 
 802.3939      8             5             3             2019          3 
 894.7803      9             5             3             2019          3 
 801.6691      10            5             3             2019          3 
 754.0474      11            5             3             2019          3 
 657.4533      12            5             3             2019          3 
 570.1799      13            5             3             2019          3 
 481.1551      14            5             3             2019          3 
 552.561       15            5             3             2019          3 
 538.2015      16            5             3             2019          3 
 553.2504      17            5             3             2019          3 
 657.2891      18            5             3             2019          3 
 589.8651      19            5             3             2019          3 
 625.1364      20            5             3             2019          3 
 580.8734      21            5             3             2019          3 
 545.3948      22            5             3             2019          3 
 465.3263      23            5             3             2019          3 
 458.6141      0             6             3             2019          4 
 386.0032      1             6             3             2019          4 
 314.4838      2             6             3             2019          4 
 352.2293      3             6             3             2019          4 
 286.3378      4             6             3             2019          4 
 348.398       5             6             3             2019          4 
 379.0802      6             6             3             2019          4 
 450.1682      7             6             3             2019          4 
 507.2726      8             6             3             2019          4 
 543.3011      9             6             3             2019          4 
 579.5685      10            6             3             2019          4 
 634.6972      11            6             3             2019          4 
 596.6404      12            6             3             2019          4 
 610.3419      13            6             3             2019          4 
 560.6429      14            6             3             2019          4 
 532.6672      15            6             3             2019          4 
 473.8058      16            6             3             2019          4 
 483.4628      17            6             3             2019          4 
 423.3409      18            6             3             2019          4 
 412.1822      19            6             3             2019          4 
 375.1176      20            6             3             2019          4 
 353.455       21            6             3             2019          4 
 300.1927      22            6             3             2019          4 
 306.377       23            6             3             2019          4 
 278.6497      0             7             3             2019          5 
 279.6554      1             7             3             2019          5 
 312.4767      2             7             3             2019          5 
 289.4725      3             7             3             2019          5 
 302.1374      4             7             3             2019          5 
 343.8897      5             7             3             2019          5 
 330.4727      6             7             3             2019          5 
 399.8885      7             7             3             2019          5 
 451.3651      8             7             3             2019          5 
 471.5366      9             7             3             2019          5 
 540.2771      10            7             3             2019          5 
 530.9039      11            7             3             2019          5 
 534.9752      12            7             3             2019          5 
 545.9199      13            7             3             2019          5 
 529.8795      14            7             3             2019          5 
 544.7453      15            7             3             2019          5 
 546.6105      16            7             3             2019          5 
 484.222       17            7             3             2019          5 
 457.0584      18            7             3             2019          5 
 385.6472      19            7             3             2019          5 
 300.607       20            7             3             2019          5 
 274.1096      21            7             3             2019          5 
 265.7848      22            7             3             2019          5 
 266.4787      23            7             3             2019          5 
 315.9447      0             8             3             2019          6 
 349.1997      1             8             3             2019          6 
 313.5892      2             8             3             2019          6 
 323.8109      3             8             3             2019          6 
 286.3833      4             8             3             2019          6 
 292.8233      5             8             3             2019          6 
 320.9596      6             8             3             2019          6 
 357.7006      7             8             3             2019          6 
 317.9094      8             8             3             2019          6 
 414.1222      9             8             3             2019          6 
 442.1091      10            8             3             2019          6 
 482.0333      11            8             3             2019          6 
 639.5422      12            8             3             2019          6 
 702.9974      13            8             3             2019          6 
 758.5079      14            8             3             2019          6 
 798.984       15            8             3             2019          6 
 824.0887      16            8             3             2019          6 
 743.1559      17            8             3             2019          6 
 744.7568      18            8             3             2019          6 
 603.1927      19            8             3             2019          6 
 514.4012      20            8             3             2019          6 
 395.3483      21            8             3             2019          6 
 329.7674      22            8             3             2019          6 
 312.7132      23            8             3             2019          6 
 351.7259      0             9             3             2019          7 
 385.0366      1             9             3             2019          7 
 405.9995      2             9             3             2019          7 
 427.9456      3             9             3             2019          7 
 380.8887      4             9             3             2019          7 
 346.7678      5             9             3             2019          7 
 265.1937      6             9             3             2019          7 
 277.1723      7             9             3             2019          7 
 254.8821      8             9             3             2019          7 
 333.2799      9             9             3             2019          7 
 362.3185      10            9             3             2019          7 
 487.8541      11            9             3             2019          7 
 487.1725      12            9             3             2019          7 
 539.8881      13            9             3             2019          7 
 531.0553      14            9             3             2019          7 
 503.4908      15            9             3             2019          7 
 363.4249      16            9             3             2019          7 
 288.0977      17            9             3             2019          7 
 141.7822      18            9             3             2019          7 
 69.32578      19            9             3             2019          7 
 15.32144      20            9             3             2019          7 
 107.1306      21            9             3             2019          7 
 152.4012      22            9             3             2019          7 
 257.0064      23            9             3             2019          7 
 342.4842      0             10            3             2019          1 
 467.9333      1             10            3             2019          1 
 444.2113      2             10            3             2019          1 
 563.3893      3             10            3             2019          1 
 552.144       4             10            3             2019          1 
 598.4603      5             10            3             2019          1 
 550.0264      6             10            3             2019          1 
 624.8535      7             10            3             2019          1 
 529.5646      8             10            3             2019          1 
 550.1342      9             10            3             2019          1 
 551.0165      10            10            3             2019          1 
 707.9712      11            10            3             2019          1 
 772.4335      12            10            3             2019          1 
 981.7148      13            10            3             2019          1 
 1010.118      14            10            3             2019          1 
 1023.843      15            10            3             2019          1 
 797.7796      16            10            3             2019          1 
 763.538       17            10            3             2019          1 
 473.3022      18            10            3             2019          1 
 555.7899      19            10            3             2019          1 
 458.1094      20            10            3             2019          1 
 616.4901      21            10            3             2019          1 
 548.9778      22            10            3             2019          1 
 588.8312      23            10            3             2019          1 
 432.6753      0             11            3             2019          2 
 400.6964      1             11            3             2019          2 
 255.2635      2             11            3             2019          2 
 272.8393      3             11            3             2019          2 
 307.3241      4             11            3             2019          2 
 370.8321      5             11            3             2019          2 
 440.2809      6             11            3             2019          2 
 518.3898      7             11            3             2019          2 
 524.2999      8             11            3             2019          2 
 577.1141      9             11            3             2019          2 
 572.6694      10            11            3             2019          2 
 594.2601      11            11            3             2019          2 
 599.7225      12            11            3             2019          2 
 594.694       13            11            3             2019          2 
 589.8993      14            11            3             2019          2 
 664.7834      15            11            3             2019          2 
 651.2736      16            11            3             2019          2 
 674.6151      17            11            3             2019          2 
 697.9045      18            11            3             2019          2 
 728.0604      19            11            3             2019          2 
 646.7702      20            11            3             2019          2 
 716.0111      21            11            3             2019          2 
 621.0183      22            11            3             2019          2 
 584.5953      23            11            3             2019          2 
 480.5308      0             12            3             2019          3 
 486.9342      1             12            3             2019          3 
 391.7204      2             12            3             2019          3 
 428.2242      3             12            3             2019          3 
 439.1891      4             12            3             2019          3 
 408.6458      5             12            3             2019          3 
 416.6135      6             12            3             2019          3 
 389.7105      7             12            3             2019          3 
 465.6582      8             12            3             2019          3 
 470.8423      9             12            3             2019          3 
 591.8146      10            12            3             2019          3 
 575.4928      11            12            3             2019          3 
 627.3687      12            12            3             2019          3 
 542.0632      13            12            3             2019          3 
 548.9415      14            12            3             2019          3 
 446.5339      15            12            3             2019          3 
 460.7888      16            12            3             2019          3 
 499.1957      17            12            3             2019          3 
 460.6333      18            12            3             2019          3 
 579.0133      19            12            3             2019          3 
 522.7595      20            12            3             2019          3 
 537.1714      21            12            3             2019          3 
 406.9237      22            12            3             2019          3 
 362.2541      23            12            3             2019          3 
 188.2997      0             13            3             2019          4 
 226.9712      1             13            3             2019          4 
 193.8966      2             13            3             2019          4 
 252.7865      3             13            3             2019          4 
 337.1791      4             13            3             2019          4 
 365.3796      5             13            3             2019          4 
 390.0938      6             13            3             2019          4 
 417.7664      7             13            3             2019          4 
 431.0815      8             13            3             2019          4 
 399.0439      9             13            3             2019          4 
 450.3449      10            13            3             2019          4 
 407.8512      11            13            3             2019          4 
 425.8242      12            13            3             2019          4 
 385.7259      13            13            3             2019          4 
 409.2285      14            13            3             2019          4 
 370.8637      15            13            3             2019          4 
 428.8011      16            13            3             2019          4 
 433.6474      17            13            3             2019          4 
 479.503       18            13            3             2019          4 
 458.1559      19            13            3             2019          4 
 382.3621      20            13            3             2019          4 
 305.4279      21            13            3             2019          4 
 221.2744      22            13            3             2019          4 
 127.4525      23            13            3             2019          4 
 167.1519      0             14            3             2019          5 
 184.3777      1             14            3             2019          5 
 238.6549      2             14            3             2019          5 
 242.2777      3             14            3             2019          5 
 353.7513      4             14            3             2019          5 
 305.6726      5             14            3             2019          5 
 419.574       6             14            3             2019          5 
 422.5092      7             14            3             2019          5 
 455.7845      8             14            3             2019          5 
 387.4684      9             14            3             2019          5 
 415.6866      10            14            3             2019          5 
 322.4419      11            14            3             2019          5 
 370.05        12            14            3             2019          5 
 371.8291      13            14            3             2019          5 
 366.4566      14            14            3             2019          5 
 405.4233      15            14            3             2019          5 
 310.8216      16            14            3             2019          5 
 273.9489      17            14            3             2019          5 
 207.812       18            14            3             2019          5 
 145.2645      19            14            3             2019          5 
 76.17715      20            14            3             2019          5 
 79.704        21            14            3             2019          5 
-12.96694      22            14            3             2019          5 
-37.4772       23            14            3             2019          5 
-44.82451      0             15            3             2019          6 
-81.19014      1             15            3             2019          6 
-79.87675      2             15            3             2019          6 
-67.07725      3             15            3             2019          6 
-29.25439      4             15            3             2019          6 
-114.5473      5             15            3             2019          6 
 23.45161      6             15            3             2019          6 
-.2992187      7             15            3             2019          6 
 57.09829      8             15            3             2019          6 
 117.0665      9             15            3             2019          6 
 174.6819      10            15            3             2019          6 
 134.3841      11            15            3             2019          6 
 196.4036      12            15            3             2019          6 
 214.0504      13            15            3             2019          6 
 208.2874      14            15            3             2019          6 
 259.5754      15            15            3             2019          6 
 246.7901      16            15            3             2019          6 
 234.106       17            15            3             2019          6 
 154.9342      18            15            3             2019          6 
 97.64502      19            15            3             2019          6 
 40.55556      20            15            3             2019          6 
-61.61367      21            15            3             2019          6 
-81.24785      22            15            3             2019          6 
-82.62383      23            15            3             2019          6 
-70.0544       0             16            3             2019          7 
-31.25947      1             16            3             2019          7 
 63.38262      2             16            3             2019          7 
 18.18066      3             16            3             2019          7 
 135.6943      4             16            3             2019          7 
 65.69405      5             16            3             2019          7 
 155.064       6             16            3             2019          7 
 163.7495      7             16            3             2019          7 
 218.0388      8             16            3             2019          7 
 199.2502      9             16            3             2019          7 
 303.4178      10            16            3             2019          7 
 227.5193      11            16            3             2019          7 
 256.2079      12            16            3             2019          7 
 286.5644      13            16            3             2019          7 
 344.9161      14            16            3             2019          7 
 1358.991      15            16            3             2019          7 
 1487.422      16            16            3             2019          7 
 2452.523      17            16            3             2019          7 
 2458.847      18            16            3             2019          7 
 2344.872      19            16            3             2019          7 
 1302.277      20            16            3             2019          7 
 1233.448      21            16            3             2019          7 
 179.9166      22            16            3             2019          7 
 166.5504      23            16            3             2019          7 
 148.5758      0             17            3             2019          1 
 67.52246      1             17            3             2019          1 
 50.67544      2             17            3             2019          1 
 54.44429      3             17            3             2019          1 
 133.7779      4             17            3             2019          1 
 95.66518      5             17            3             2019          1 
 246.4423      6             17            3             2019          1 
 128.301       7             17            3             2019          1 
 170.6316      8             17            3             2019          1 
 63.93379      9             17            3             2019          1 
 121.1048      10            17            3             2019          1 
 4.149072      11            17            3             2019          1 
 118.9555      12            17            3             2019          1 
 52.06162      13            17            3             2019          1 
 93.86182      14            17            3             2019          1 
 121.2276      15            17            3             2019          1 
 126.5768      16            17            3             2019          1 
 80.93916      17            17            3             2019          1 
 120.9636      18            17            3             2019          1 
 12.46978      19            17            3             2019          1 
-5.619629      20            17            3             2019          1 
 24.91846      21            17            3             2019          1 
 28.02764      22            17            3             2019          1 
-10.55835      23            17            3             2019          1 
 112.9675      0             18            3             2019          2 
 .9962891      1             18            3             2019          2 
 13.99658      2             18            3             2019          2 
-5.930957      3             18            3             2019          2 
 47.19082      4             18            3             2019          2 
 3.734229      5             18            3             2019          2 
 154.3243      6             18            3             2019          2 
 145.901       7             18            3             2019          2 
 174.5891      8             18            3             2019          2 
 157.8826      9             18            3             2019          2 
 102.0289      10            18            3             2019          2 
 17.50527      11            18            3             2019          2 
-16.85381      12            18            3             2019          2 
-56.98379      13            18            3             2019          2 
-8.922168      14            18            3             2019          2 
 48.97261      15            18            3             2019          2 
 68.47241      16            18            3             2019          2 
 122.9926      17            18            3             2019          2 
 248.5473      18            18            3             2019          2 
 166.1393      19            18            3             2019          2 
 303.5871      20            18            3             2019          2 
 257.6104      21            18            3             2019          2 
 237.0305      22            18            3             2019          2 
 152.1557      23            18            3             2019          2 
 164.6914      0             19            3             2019          3 
 32.51963      1             19            3             2019          3 
 117.9443      2             19            3             2019          3 
 92.7292       3             19            3             2019          3 
 167.9282      4             19            3             2019          3 
 186.1429      5             19            3             2019          3 
 252.3096      6             19            3             2019          3 
 78.14131      7             19            3             2019          3 
 129.3402      8             19            3             2019          3 
-103.3685      9             19            3             2019          3 
-98.56826      10            19            3             2019          3 
-109.7915      11            19            3             2019          3 
 29.45371      12            19            3             2019          3 
-93.79746      13            19            3             2019          3 
 118.9156      14            19            3             2019          3 
-25.37275      15            19            3             2019          3 
 48.39199      16            19            3             2019          3 
 72.10274      17            19            3             2019          3 
 194.2904      18            19            3             2019          3 
 269.3646      19            19            3             2019          3 
 357.6092      20            19            3             2019          3 
 349.4059      21            19            3             2019          3 
 338.095       22            19            3             2019          3 
 285.3776      23            19            3             2019          3 
 153.1856      0             20            3             2019          4 
 202.1751      1             20            3             2019          4 
 47.44668      2             20            3             2019          4 
 41.87861      3             20            3             2019          4 
 13.6          4             20            3             2019          4 
 39.24922      5             20            3             2019          4 
 1.308545      6             20            3             2019          4 
 120.3611      7             20            3             2019          4 
 100.193       8             20            3             2019          4 
 200.7008      9             20            3             2019          4 
 190.8738      10            20            3             2019          4 
 209.6936      11            20            3             2019          4 
 201.0999      12            20            3             2019          4 
 200.2964      13            20            3             2019          4 
 207.5813      14            20            3             2019          4 
 213.6248      15            20            3             2019          4 
 244.1716      16            20            3             2019          4 
 257.0523      17            20            3             2019          4 
 275.6029      18            20            3             2019          4 
 235.4558      19            20            3             2019          4 
 257.8241      20            20            3             2019          4 
 197.4234      21            20            3             2019          4 
 122.7014      22            20            3             2019          4 
 143.8464      23            20            3             2019          4 
 72.40752      0             21            3             2019          5 
-25.32012      1             21            3             2019          5 
 .6410156      2             21            3             2019          5 
-97.43896      3             21            3             2019          5 
-147.3457      4             21            3             2019          5 
-171.4757      5             21            3             2019          5 
-112.0724      6             21            3             2019          5 
-170.5627      7             21            3             2019          5 
-61.20518      8             21            3             2019          5 
-46.75718      9             21            3             2019          5 
-11.2002       10            21            3             2019          5 
 25.21694      11            21            3             2019          5 
 71.95303      12            21            3             2019          5 
 140.8562      13            21            3             2019          5 
 177.3193      14            21            3             2019          5 
 261.0017      15            21            3             2019          5 
 276.3783      16            21            3             2019          5 
 313.4997      17            21            3             2019          5 
 113.1513      18            21            3             2019          5 
 294.9815      19            21            3             2019          5 
 120.2069      20            21            3             2019          5 
 231.7004      21            21            3             2019          5 
 263.9492      22            21            3             2019          5 
 332.2894      23            21            3             2019          5 
 111.0503      0             22            3             2019          6 
 199.7518      1             22            3             2019          6 
 1.344434      2             22            3             2019          6 
-60.95264      3             22            3             2019          6 
-37.10659      4             22            3             2019          6 
-8.86001       5             22            3             2019          6 
-31.92227      6             22            3             2019          6 
 52.3792       7             22            3             2019          6 
 66.98555      8             22            3             2019          6 
 148.5808      9             22            3             2019          6 
 220.0112      10            22            3             2019          6 
 279.9677      11            22            3             2019          6 
 250.5033      12            22            3             2019          6 
 168.606       13            22            3             2019          6 
 72.5332       14            22            3             2019          6 
-61.60425      15            22            3             2019          6 
-59.9436       16            22            3             2019          6 
-71.63613      17            22            3             2019          6 
 35.48936      18            22            3             2019          6 
 49.39228      19            22            3             2019          6 
 123.3734      20            22            3             2019          6 
 59.85444      21            22            3             2019          6 
 25.38174      22            22            3             2019          6 
-7.287744      23            22            3             2019          6 
-36.25571      0             23            3             2019          7 
-17.94355      1             23            3             2019          7 
 28.32285      2             23            3             2019          7 
 59.84267      3             23            3             2019          7 
-41.37608      4             23            3             2019          7 
 90.1877       5             23            3             2019          7 
-103.7794      6             23            3             2019          7 
-6.633252      7             23            3             2019          7 
-12.40689      8             23            3             2019          7 
 29.43135      9             23            3             2019          7 
-5.853711      10            23            3             2019          7 
 95.45664      11            23            3             2019          7 
 13.30801      12            23            3             2019          7 
 71.75078      13            23            3             2019          7 
 128.696       14            23            3             2019          7 
 123.1101      15            23            3             2019          7 
 208.1212      16            23            3             2019          7 
 189.4863      17            23            3             2019          7 
 193.8484      18            23            3             2019          7 
 276.1778      19            23            3             2019          7 
 382.4447      20            23            3             2019          7 
 418.367       21            23            3             2019          7 
 529.5385      22            23            3             2019          7 
 444.0167      23            23            3             2019          7 
 364.2743      0             24            3             2019          1 
 180.484       1             24            3             2019          1 
 129.3233      2             24            3             2019          1 
 45.85869      3             24            3             2019          1 
 43.40791      4             24            3             2019          1 
 136.3576      5             24            3             2019          1 
 141.5669      6             24            3             2019          1 
 155.2246      7             24            3             2019          1 
 176.2717      8             24            3             2019          1 
 192.1713      9             24            3             2019          1 
 134.9323      10            24            3             2019          1 
 109.2623      11            24            3             2019          1 
 107.6639      12            24            3             2019          1 
-26.48896      13            24            3             2019          1 
 25.51514      14            24            3             2019          1 
-53.92407      15            24            3             2019          1 
 27.58037      16            24            3             2019          1 
-41.15391      17            24            3             2019          1 
 63.2376       18            24            3             2019          1 
 68.62514      19            24            3             2019          1 
 116.435       20            24            3             2019          1 
 157.9748      21            24            3             2019          1 
 287.5505      22            24            3             2019          1 
 267.7208      23            24            3             2019          1 
 297.2231      0             25            3             2019          2 
 280.2422      1             25            3             2019          2 
 237.167       2             25            3             2019          2 
 173.1319      3             25            3             2019          2 
 198.4534      4             25            3             2019          2 
 224.6685      5             25            3             2019          2 
 229.3717      6             25            3             2019          2 
 271.8355      7             25            3             2019          2 
 297.447       8             25            3             2019          2 
 281.3918      9             25            3             2019          2 
 222.4897      10            25            3             2019          2 
 243.2366      11            25            3             2019          2 
 160.3393      12            25            3             2019          2 
 160.3853      13            25            3             2019          2 
 156.4741      14            25            3             2019          2 
 133.7199      15            25            3             2019          2 
 194.5641      16            25            3             2019          2 
 141.1251      17            25            3             2019          2 
 186.7365      18            25            3             2019          2 
 185.9781      19            25            3             2019          2 
 220.6176      20            25            3             2019          2 
 188.5005      21            25            3             2019          2 
 270.0845      22            25            3             2019          2 
 99.08303      23            25            3             2019          2 
 87.06978      0             26            3             2019          3 
-58.90059      1             26            3             2019          3 
-54.84521      2             26            3             2019          3 
-123.5521      3             26            3             2019          3 
-52.17896      4             26            3             2019          3 
-86.50732      5             26            3             2019          3 
-54.54214      6             26            3             2019          3 
-66.18755      7             26            3             2019          3 
 11.13618      8             26            3             2019          3 
-40.01182      9             26            3             2019          3 
 237.9408      10            26            3             2019          3 
 325.3202      11            26            3             2019          3 
 475.6399      12            26            3             2019          3 
 604.6399      13            26            3             2019          3 
 628.3741      14            26            3             2019          3 
 558.5845      15            26            3             2019          3 
 607.7931      16            26            3             2019          3 
 545.2567      17            26            3             2019          3 
 594.4031      18            26            3             2019          3 
 610.3759      19            26            3             2019          3 
 564.5265      20            26            3             2019          3 
 525.3727      21            26            3             2019          3 
 400.0661      22            26            3             2019          3 
 224.6491      23            26            3             2019          3 
 218.1097      0             27            3             2019          4 
 120.0721      1             27            3             2019          4 
 54.6167       2             27            3             2019          4 
 101.7579      3             27            3             2019          4 
-82.20576      4             27            3             2019          4 
-31.42656      5             27            3             2019          4 
-223.1767      6             27            3             2019          4 
-167.1288      7             27            3             2019          4 
-314.5346      8             27            3             2019          4 
-155.37        9             27            3             2019          4 
-214.3791      10            27            3             2019          4 
-65.06718      11            27            3             2019          4 
-45.67681      12            27            3             2019          4 
 89.34843      13            27            3             2019          4 
 133.4666      14            27            3             2019          4 
 190.8759      15            27            3             2019          4 
 307.8195      16            27            3             2019          4 
 146.0271      17            27            3             2019          4 
 208.769       18            27            3             2019          4 
 42.00918      19            27            3             2019          4 
 41.50161      20            27            3             2019          4 
-13.29658      21            27            3             2019          4 
 72.48125      22            27            3             2019          4 
 23.12363      23            27            3             2019          4 
 108.602       0             28            3             2019          5 
 88.0436       1             28            3             2019          5 
-7.327002      2             28            3             2019          5 
 17.45029      3             28            3             2019          5 
-7.410547      4             28            3             2019          5 
-70.10376      5             28            3             2019          5 
-24.37651      6             28            3             2019          5 
 11.67197      7             28            3             2019          5 
-3.967529      8             28            3             2019          5 
 67.99922      9             28            3             2019          5 
 134.6078      10            28            3             2019          5 
 110.652       11            28            3             2019          5 
 176.7591      12            28            3             2019          5 
 174.3417      13            28            3             2019          5 
 180.0123      14            28            3             2019          5 
 201.5842      15            28            3             2019          5 
 203.0111      16            28            3             2019          5 
 216.3621      17            28            3             2019          5 
 202.9841      18            28            3             2019          5 
 161.9476      19            28            3             2019          5 
 131.6812      20            28            3             2019          5 
 47.89307      21            28            3             2019          5 
 25.74233      22            28            3             2019          5 
 30.43784      23            28            3             2019          5 
 15.91587      0             29            3             2019          6 
 52.71494      1             29            3             2019          6 
 107.9941      2             29            3             2019          6 
 94.90659      3             29            3             2019          6 
 79.76884      4             29            3             2019          6 
 109.3438      5             29            3             2019          6 
 70.671        6             29            3             2019          6 
 74.35747      7             29            3             2019          6 
 104.2754      8             29            3             2019          6 
 154.1777      9             29            3             2019          6 
 150.4504      10            29            3             2019          6 
 232.4511      11            29            3             2019          6 
 245.0647      12            29            3             2019          6 
 266.1555      13            29            3             2019          6 
 260.8096      14            29            3             2019          6 
 307.8663      15            29            3             2019          6 
 281.8526      16            29            3             2019          6 
 318.1337      17            29            3             2019          6 
 275.6642      18            29            3             2019          6 
 252.64        19            29            3             2019          6 
 170.0998      20            29            3             2019          6 
 212.3616      21            29            3             2019          6 
 125.8313      22            29            3             2019          6 
 156.7201      23            29            3             2019          6 
 131.1525      0             30            3             2019          7 
 81.53574      1             30            3             2019          7 
-30.70083      2             30            3             2019          7 
 16.12139      3             30            3             2019          7 
-119.5081      4             30            3             2019          7 
-71.95796      5             30            3             2019          7 
-47.12373      6             30            3             2019          7 
-21.69297      7             30            3             2019          7 
 12.7144       8             30            3             2019          7 
 126.4096      9             30            3             2019          7 
 125.1768      10            30            3             2019          7 
 205.0793      11            30            3             2019          7 
 217.0607      12            30            3             2019          7 
 137.2193      13            30            3             2019          7 
 117.9836      14            30            3             2019          7 
 17.82158      15            30            3             2019          7 
-89.86259      16            30            3             2019          7 
-120.2511      17            30            3             2019          7 
-230.0465      18            30            3             2019          7 
-252.1338      19            30            3             2019          7 
-223.3365      20            30            3             2019          7 
-231.8161      21            30            3             2019          7 
-232.327       22            30            3             2019          7 
-106.8592      23            30            3             2019          7 
-196.34        0             31            3             2019          1 
-93.70249      1             31            3             2019          1 
-81.33144      2             31            3             2019          1 
 102.789       3             31            3             2019          1 
 92.21083      4             31            3             2019          1 
 336.3976      5             31            3             2019          1 
 144.5276      6             31            3             2019          1 
 235.4353      7             31            3             2019          1 
-97.87254      8             31            3             2019          1 
 10.24257      9             31            3             2019          1 
-165.6533      10            31            3             2019          1 
-17.95283      11            31            3             2019          1 
 11.15256      12            31            3             2019          1 
 176.3707      13            31            3             2019          1 
 159.5316      14            31            3             2019          1 
 182.2287      15            31            3             2019          1 
 175.4697      16            31            3             2019          1 
 106.0909      17            31            3             2019          1 
 171.6004      18            31            3             2019          1 
 274.6788      19            31            3             2019          1 
 350.7769      20            31            3             2019          1 
 517.4857      21            31            3             2019          1 
 451.7585      22            31            3             2019          1 
 458.3868      23            31            3             2019          1 
