-150.4053      0             1             9             2020          3 
-109.221       1             1             9             2020          3 
-138.738       2             1             9             2020          3 
-126.3201      3             1             9             2020          3 
-191.4971      4             1             9             2020          3 
-188.8925      5             1             9             2020          3 
-262.9406      6             1             9             2020          3 
-313.1068      7             1             9             2020          3 
-332.1432      8             1             9             2020          3 
-352.5875      9             1             9             2020          3 
-338.9538      10            1             9             2020          3 
-282.2239      11            1             9             2020          3 
-183.6037      12            1             9             2020          3 
-161.405       13            1             9             2020          3 
-58.76826      14            1             9             2020          3 
-16.87588      15            1             9             2020          3 
-8.33125       16            1             9             2020          3 
-40.97988      17            1             9             2020          3 
-31.42158      18            1             9             2020          3 
-112.7388      19            1             9             2020          3 
-195.0318      20            1             9             2020          3 
-203.9403      21            1             9             2020          3 
-248.5815      22            1             9             2020          3 
-247.5133      23            1             9             2020          3 
-211.4444      0             2             9             2020          4 
-148.0618      1             2             9             2020          4 
-105.5595      2             2             9             2020          4 
-28.25127      3             2             9             2020          4 
-7.815527      4             2             9             2020          4 
 3.091406      5             2             9             2020          4 
-41.89141      6             2             9             2020          4 
-94.66846      7             2             9             2020          4 
-147.899       8             2             9             2020          4 
-207.8078      9             2             9             2020          4 
-246.5373      10            2             9             2020          4 
-262.3602      11            2             9             2020          4 
-215.3633      12            2             9             2020          4 
-182.9128      13            2             9             2020          4 
-82.88057      14            2             9             2020          4 
-43.08096      15            2             9             2020          4 
 15.32617      16            2             9             2020          4 
-22.15078      17            2             9             2020          4 
 1.766992      18            2             9             2020          4 
-40.70625      19            2             9             2020          4 
-42.24443      20            2             9             2020          4 
-38.30596      21            2             9             2020          4 
-52.13945      22            2             9             2020          4 
-82.80615      23            2             9             2020          4 
-120.5302      0             3             9             2020          5 
-152.2771      1             3             9             2020          5 
-186.5806      2             3             9             2020          5 
-175.5929      3             3             9             2020          5 
-170.9184      4             3             9             2020          5 
-133.9627      5             3             9             2020          5 
-136.6946      6             3             9             2020          5 
-142.209       7             3             9             2020          5 
-178.7797      8             3             9             2020          5 
-221.3951      9             3             9             2020          5 
-258.4756      10            3             9             2020          5 
-273.3039      11            3             9             2020          5 
-266.882       12            3             9             2020          5 
-217.3126      13            3             9             2020          5 
-167.9575      14            3             9             2020          5 
-114.6427      15            3             9             2020          5 
-61.05049      16            3             9             2020          5 
-85.64717      17            3             9             2020          5 
-107.235       18            3             9             2020          5 
-175.4409      19            3             9             2020          5 
-226.8733      20            3             9             2020          5 
-299.0233      21            3             9             2020          5 
-280.6434      22            3             9             2020          5 
-338.3467      23            3             9             2020          5 
-325.114       0             4             9             2020          6 
-348.6921      1             4             9             2020          6 
-323.9509      2             4             9             2020          6 
-331.4411      3             4             9             2020          6 
-271.715       4             4             9             2020          6 
-249.8898      5             4             9             2020          6 
-215.3238      6             4             9             2020          6 
-252.8486      7             4             9             2020          6 
-238.9388      8             4             9             2020          6 
-296.6958      9             4             9             2020          6 
-270.7897      10            4             9             2020          6 
-245.04        11            4             9             2020          6 
-151.5867      12            4             9             2020          6 
-114.1967      13            4             9             2020          6 
-15.57236      14            4             9             2020          6 
-9.246142      15            4             9             2020          6 
-23.42495      16            4             9             2020          6 
-65.37749      17            4             9             2020          6 
-111.0402      18            4             9             2020          6 
-183.344       19            4             9             2020          6 
-184.7387      20            4             9             2020          6 
-194.1208      21            4             9             2020          6 
-127.8722      22            4             9             2020          6 
-99.89756      23            4             9             2020          6 
-9.878613      0             5             9             2020          7 
-16.07764      1             5             9             2020          7 
 17.85322      2             5             9             2020          7 
 2.964942      3             5             9             2020          7 
 17.55098      4             5             9             2020          7 
 20.4415       5             5             9             2020          7 
 21.06982      6             5             9             2020          7 
 13.75         7             5             9             2020          7 
 4.213769      8             5             9             2020          7 
-28.51934      9             5             9             2020          7 
-58.01099      10            5             9             2020          7 
-68.26626      11            5             9             2020          7 
-90.52661      12            5             9             2020          7 
-129.0044      13            5             9             2020          7 
-119.3159      14            5             9             2020          7 
-138.0146      15            5             9             2020          7 
-98.63877      16            5             9             2020          7 
-66.96733      17            5             9             2020          7 
-19.17095      18            5             9             2020          7 
-.7117187      19            5             9             2020          7 
 10.97407      20            5             9             2020          7 
-15.82104      21            5             9             2020          7 
-42.14111      22            5             9             2020          7 
-75.9459       23            5             9             2020          7 
-116.3856      0             6             9             2020          1 
-134.3747      1             6             9             2020          1 
-147.2447      2             6             9             2020          1 
-142.1241      3             6             9             2020          1 
-136.0981      4             6             9             2020          1 
-49.3502       5             6             9             2020          1 
-26.41143      6             6             9             2020          1 
 33.85713      7             6             9             2020          1 
 76.41191      8             6             9             2020          1 
 82.01768      9             6             9             2020          1 
 77.18282      10            6             9             2020          1 
 99.69951      11            6             9             2020          1 
 153.3571      12            6             9             2020          1 
 192.9098      13            6             9             2020          1 
 290.2333      14            6             9             2020          1 
 349.3697      15            6             9             2020          1 
 410.7344      16            6             9             2020          1 
 431.7045      17            6             9             2020          1 
 486.8351      18            6             9             2020          1 
 530.6945      19            6             9             2020          1 
 530.9801      20            6             9             2020          1 
 565.4245      21            6             9             2020          1 
 580.2479      22            6             9             2020          1 
 558.7443      23            6             9             2020          1 
 540.2582      0             7             9             2020          2 
 547.0676      1             7             9             2020          2 
 572.103       2             7             9             2020          2 
 526.8169      3             7             9             2020          2 
 538.619       4             7             9             2020          2 
 478.7308      5             7             9             2020          2 
 442.1519      6             7             9             2020          2 
 793.8104      7             7             9             2020          2 
 1418.169      8             7             9             2020          2 
 2161.917      9             7             9             2020          2 
 3084.045      10            7             9             2020          2 
 3454.154      11            7             9             2020          2 
 3412.36       12            7             9             2020          2 
 2855.653      13            7             9             2020          2 
 2143.884      14            7             9             2020          2 
 1338.373      15            7             9             2020          2 
 968.655       16            7             9             2020          2 
 594.971       17            7             9             2020          2 
 492.3071      18            7             9             2020          2 
 376.4135      19            7             9             2020          2 
 259.1553      20            7             9             2020          2 
 217.6586      21            7             9             2020          2 
 195.1205      22            7             9             2020          2 
 153.5536      23            7             9             2020          2 
 164.8381      0             8             9             2020          3 
 120.3568      1             8             9             2020          3 
 167.2312      2             8             9             2020          3 
 165.5863      3             8             9             2020          3 
 245.4537      4             8             9             2020          3 
 324.9498      5             8             9             2020          3 
 453.3559      6             8             9             2020          3 
 466.5811      7             8             9             2020          3 
 511.2393      8             8             9             2020          3 
 428.6396      9             8             9             2020          3 
 302.0076      10            8             9             2020          3 
-43.37871      11            8             9             2020          3 
-104.7258      12            8             9             2020          3 
-409.1821      13            8             9             2020          3 
-390.4277      14            8             9             2020          3 
-370.7134      15            8             9             2020          3 
-162.8449      16            8             9             2020          3 
-89.12569      17            8             9             2020          3 
 79.68056      18            8             9             2020          3 
 145.0773      19            8             9             2020          3 
 103.1734      20            8             9             2020          3 
 148.1424      21            8             9             2020          3 
 105.2295      22            8             9             2020          3 
 243.2843      23            8             9             2020          3 
 216.3762      0             9             9             2020          4 
 349.1024      1             9             9             2020          4 
 385.856       2             9             9             2020          4 
 423.7563      3             9             9             2020          4 
 411.606       4             9             9             2020          4 
 449.9582      5             9             9             2020          4 
 398.2435      6             9             9             2020          4 
 371.3673      7             9             9             2020          4 
 262.5496      8             9             9             2020          4 
 191.7517      9             9             9             2020          4 
 75.63027      10            9             9             2020          4 
 116.7242      11            9             9             2020          4 
 229.1628      12            9             9             2020          4 
 355.7733      13            9             9             2020          4 
 351.537       14            9             9             2020          4 
 439.6323      15            9             9             2020          4 
 280.8922      16            9             9             2020          4 
 161.2384      17            9             9             2020          4 
 85.45254      18            9             9             2020          4 
 81.01112      19            9             9             2020          4 
-59.94982      20            9             9             2020          4 
 16.6728       21            9             9             2020          4 
-92.37207      22            9             9             2020          4 
-140.289       23            9             9             2020          4 
-93.79248      0             10            9             2020          5 
 .8994141      1             10            9             2020          5 
 66.83408      2             10            9             2020          5 
 175.9187      3             10            9             2020          5 
 296.5792      4             10            9             2020          5 
 314.7164      5             10            9             2020          5 
 423.4894      6             10            9             2020          5 
 423.6061      7             10            9             2020          5 
 474.9184      8             10            9             2020          5 
 371.6136      9             10            9             2020          5 
 383.19        10            10            9             2020          5 
 343.7879      11            10            9             2020          5 
 357.5726      12            10            9             2020          5 
 383.4528      13            10            9             2020          5 
 499.6961      14            10            9             2020          5 
 502.5489      15            10            9             2020          5 
 480.1075      16            10            9             2020          5 
 447.8822      17            10            9             2020          5 
 409.4784      18            10            9             2020          5 
 291.7492      19            10            9             2020          5 
 291.5912      20            10            9             2020          5 
 241.6468      21            10            9             2020          5 
 234.5518      22            10            9             2020          5 
 183.9883      23            10            9             2020          5 
 194.7049      0             11            9             2020          6 
 206.9198      1             11            9             2020          6 
 220.0727      2             11            9             2020          6 
 261.1638      3             11            9             2020          6 
 278.4315      4             11            9             2020          6 
 329.1095      5             11            9             2020          6 
 277.4625      6             11            9             2020          6 
 318.7626      7             11            9             2020          6 
 266.372       8             11            9             2020          6 
 264.3753      9             11            9             2020          6 
 231.5559      10            11            9             2020          6 
 247.9464      11            11            9             2020          6 
 250.6183      12            11            9             2020          6 
 276.3015      13            11            9             2020          6 
 300.1148      14            11            9             2020          6 
 328.3734      15            11            9             2020          6 
 306.9518      16            11            9             2020          6 
 279.3969      17            11            9             2020          6 
 252.8142      18            11            9             2020          6 
 262.1124      19            11            9             2020          6 
 212.4653      20            11            9             2020          6 
 254.3362      21            11            9             2020          6 
 199.2249      22            11            9             2020          6 
 184.859       23            11            9             2020          6 
 151.6094      0             12            9             2020          7 
 160.8769      1             12            9             2020          7 
 138.1192      2             12            9             2020          7 
 189.1183      3             12            9             2020          7 
 185.7949      4             12            9             2020          7 
 222.4137      5             12            9             2020          7 
 201.2646      6             12            9             2020          7 
 192.9808      7             12            9             2020          7 
 170.2624      8             12            9             2020          7 
 169.5552      9             12            9             2020          7 
 90.31455      10            12            9             2020          7 
 101.1874      11            12            9             2020          7 
 30.58462      12            12            9             2020          7 
 76.92094      13            12            9             2020          7 
 46.146        14            12            9             2020          7 
 130.314       15            12            9             2020          7 
 130.4491      16            12            9             2020          7 
 196.7153      17            12            9             2020          7 
 154.2464      18            12            9             2020          7 
 215.242       19            12            9             2020          7 
 114.4369      20            12            9             2020          7 
 157.884       21            12            9             2020          7 
 161.4574      22            12            9             2020          7 
 192.2367      23            12            9             2020          7 
 215.1887      0             13            9             2020          1 
 231.4582      1             13            9             2020          1 
 206.1187      2             13            9             2020          1 
 192.6754      3             13            9             2020          1 
 193.9824      4             13            9             2020          1 
 246.3883      5             13            9             2020          1 
 297.0571      6             13            9             2020          1 
 364.1733      7             13            9             2020          1 
 478.1968      8             13            9             2020          1 
 449.1393      9             13            9             2020          1 
 396.3314      10            13            9             2020          1 
 405.9727      11            13            9             2020          1 
 249.0363      12            13            9             2020          1 
 180.8565      13            13            9             2020          1 
 227.9036      14            13            9             2020          1 
 240.2449      15            13            9             2020          1 
 283.8438      16            13            9             2020          1 
 463.7403      17            13            9             2020          1 
 458.5526      18            13            9             2020          1 
 488.3941      19            13            9             2020          1 
 516.7619      20            13            9             2020          1 
 443.2946      21            13            9             2020          1 
 385.8624      22            13            9             2020          1 
 331.2915      23            13            9             2020          1 
 218.8031      0             14            9             2020          2 
 150.7021      1             14            9             2020          2 
 105.2646      2             14            9             2020          2 
 94.46309      3             14            9             2020          2 
 42.33638      4             14            9             2020          2 
 101.1283      5             14            9             2020          2 
 103.7424      6             14            9             2020          2 
 162.573       7             14            9             2020          2 
 225.0018      8             14            9             2020          2 
 338.3477      9             14            9             2020          2 
 416.7857      10            14            9             2020          2 
 454.5809      11            14            9             2020          2 
 529.4874      12            14            9             2020          2 
 500.6676      13            14            9             2020          2 
 436.9567      14            14            9             2020          2 
 407.4063      15            14            9             2020          2 
 321.9371      16            14            9             2020          2 
 284.6278      17            14            9             2020          2 
 265.4498      18            14            9             2020          2 
 275.482       19            14            9             2020          2 
 244.5875      20            14            9             2020          2 
 290.4352      21            14            9             2020          2 
 292.7858      22            14            9             2020          2 
 317.6047      23            14            9             2020          2 
 336.1535      0             15            9             2020          3 
 311.4932      1             15            9             2020          3 
 318.0831      2             15            9             2020          3 
 210.1555      3             15            9             2020          3 
 258.3063      4             15            9             2020          3 
 171.5289      5             15            9             2020          3 
 197.3784      6             15            9             2020          3 
 121.8573      7             15            9             2020          3 
 125.033       8             15            9             2020          3 
-52.47529      9             15            9             2020          3 
-52.8667       10            15            9             2020          3 
-93.64043      11            15            9             2020          3 
-78.69365      12            15            9             2020          3 
 21.39512      13            15            9             2020          3 
 136.4319      14            15            9             2020          3 
 215.8845      15            15            9             2020          3 
 241.635       16            15            9             2020          3 
 329.7954      17            15            9             2020          3 
 254.0873      18            15            9             2020          3 
 247.3896      19            15            9             2020          3 
 238.7953      20            15            9             2020          3 
 243.4403      21            15            9             2020          3 
 213.1301      22            15            9             2020          3 
 284.7431      23            15            9             2020          3 
 286.4459      0             16            9             2020          4 
 327.2831      1             16            9             2020          4 
 313.1912      2             16            9             2020          4 
 335.1011      3             16            9             2020          4 
 325.6698      4             16            9             2020          4 
 333.0538      5             16            9             2020          4 
 341.1183      6             16            9             2020          4 
 401.1374      7             16            9             2020          4 
 419.0622      8             16            9             2020          4 
 460.4134      9             16            9             2020          4 
 182.4498      10            16            9             2020          4 
 168.7982      11            16            9             2020          4 
-126.0068      12            16            9             2020          4 
-171.6888      13            16            9             2020          4 
-189.5002      14            16            9             2020          4 
 55.11196      15            16            9             2020          4 
 74.79195      16            16            9             2020          4 
 276.6353      17            16            9             2020          4 
 298.1072      18            16            9             2020          4 
 220.6878      19            16            9             2020          4 
 228.8603      20            16            9             2020          4 
 178.7454      21            16            9             2020          4 
 255.3168      22            16            9             2020          4 
 234.5554      23            16            9             2020          4 
 255.5197      0             17            9             2020          5 
 278.5735      1             17            9             2020          5 
 277.4802      2             17            9             2020          5 
 245.7884      3             17            9             2020          5 
 241.9978      4             17            9             2020          5 
 251.094       5             17            9             2020          5 
 244.3171      6             17            9             2020          5 
 268.5486      7             17            9             2020          5 
 275.8537      8             17            9             2020          5 
 266.592       9             17            9             2020          5 
 284.5082      10            17            9             2020          5 
 238.0977      11            17            9             2020          5 
 261.2997      12            17            9             2020          5 
 290.0023      13            17            9             2020          5 
 316.5683      14            17            9             2020          5 
 354.7336      15            17            9             2020          5 
 424.6455      16            17            9             2020          5 
 398.6321      17            17            9             2020          5 
 370.9789      18            17            9             2020          5 
 398.4015      19            17            9             2020          5 
 305.8358      20            17            9             2020          5 
 262.9299      21            17            9             2020          5 
 171.9299      22            17            9             2020          5 
 125.1479      23            17            9             2020          5 
 49.32617      0             18            9             2020          6 
 46.62363      1             18            9             2020          6 
 36.30605      2             18            9             2020          6 
 62.07432      3             18            9             2020          6 
 44.36396      4             18            9             2020          6 
 111.4702      5             18            9             2020          6 
 96.14463      6             18            9             2020          6 
 141.617       7             18            9             2020          6 
 213.487       8             18            9             2020          6 
 234.6746      9             18            9             2020          6 
 258.2208      10            18            9             2020          6 
 349.8923      11            18            9             2020          6 
 301.1264      12            18            9             2020          6 
 330.0303      13            18            9             2020          6 
 410.0949      14            18            9             2020          6 
 388.2746      15            18            9             2020          6 
 383.0692      16            18            9             2020          6 
 417.5536      17            18            9             2020          6 
 396.3926      18            18            9             2020          6 
 338.5122      19            18            9             2020          6 
 399.2906      20            18            9             2020          6 
 352.5068      21            18            9             2020          6 
 387.2582      22            18            9             2020          6 
 334.1039      23            18            9             2020          6 
 332.063       0             19            9             2020          7 
 213.7763      1             19            9             2020          7 
 173.6933      2             19            9             2020          7 
 64.07295      3             19            9             2020          7 
 52.17959      4             19            9             2020          7 
 61.12256      5             19            9             2020          7 
 71.34492      6             19            9             2020          7 
 134.1744      7             19            9             2020          7 
 151.0829      8             19            9             2020          7 
 160.6269      9             19            9             2020          7 
 163.5649      10            19            9             2020          7 
 172.6017      11            19            9             2020          7 
 202.7236      12            19            9             2020          7 
 255.2273      13            19            9             2020          7 
 313.2728      14            19            9             2020          7 
 333.0316      15            19            9             2020          7 
 375.4966      16            19            9             2020          7 
 336.2563      17            19            9             2020          7 
 323.3974      18            19            9             2020          7 
 273.1287      19            19            9             2020          7 
 229.0785      20            19            9             2020          7 
 160.6914      21            19            9             2020          7 
 149.937       22            19            9             2020          7 
 153.2084      23            19            9             2020          7 
 163.8327      0             20            9             2020          1 
 206.2312      1             20            9             2020          1 
 230.3288      2             20            9             2020          1 
 234.016       3             20            9             2020          1 
 252.7977      4             20            9             2020          1 
 235.4635      5             20            9             2020          1 
 229.8506      6             20            9             2020          1 
 214.6425      7             20            9             2020          1 
 184.9731      8             20            9             2020          1 
 100.1065      9             20            9             2020          1 
 17.68525      10            20            9             2020          1 
-92.33061      11            20            9             2020          1 
-185.5057      12            20            9             2020          1 
-223.3578      13            20            9             2020          1 
-206.0057      14            20            9             2020          1 
-93.26855      15            20            9             2020          1 
-10.66025      16            20            9             2020          1 
 153.1642      17            20            9             2020          1 
 248.0155      18            20            9             2020          1 
 277.6353      19            20            9             2020          1 
 332.0447      20            20            9             2020          1 
 333.6829      21            20            9             2020          1 
 334.2433      22            20            9             2020          1 
 300.9088      23            20            9             2020          1 
 299.6846      0             21            9             2020          2 
 212.8175      1             21            9             2020          2 
 252.2403      2             21            9             2020          2 
 192.0392      3             21            9             2020          2 
 252.4567      4             21            9             2020          2 
 300.3181      5             21            9             2020          2 
 343.2576      6             21            9             2020          2 
 377.4263      7             21            9             2020          2 
 424.3662      8             21            9             2020          2 
 430.0355      9             21            9             2020          2 
 366.1334      10            21            9             2020          2 
 372.1769      11            21            9             2020          2 
 282.4423      12            21            9             2020          2 
 281.7852      13            21            9             2020          2 
 188.5016      14            21            9             2020          2 
 236.6242      15            21            9             2020          2 
 137.7184      16            21            9             2020          2 
 92.02861      17            21            9             2020          2 
 22.1918       18            21            9             2020          2 
 32.36216      19            21            9             2020          2 
 37.6522       20            21            9             2020          2 
 120.0739      21            21            9             2020          2 
 199.718       22            21            9             2020          2 
 210.5832      23            21            9             2020          2 
 191.8208      0             22            9             2020          3 
 155.4824      1             22            9             2020          3 
 135.6783      2             22            9             2020          3 
 95.61494      3             22            9             2020          3 
 126.3994      4             22            9             2020          3 
 131.786       5             22            9             2020          3 
 153.6551      6             22            9             2020          3 
 194.0481      7             22            9             2020          3 
 223.4531      8             22            9             2020          3 
 221.3467      9             22            9             2020          3 
 223.4559      10            22            9             2020          3 
 169.4003      11            22            9             2020          3 
 153.3172      12            22            9             2020          3 
 153.3038      13            22            9             2020          3 
 191.1169      14            22            9             2020          3 
 213.5457      15            22            9             2020          3 
 244.0494      16            22            9             2020          3 
 233.7833      17            22            9             2020          3 
 175.0312      18            22            9             2020          3 
 150.8476      19            22            9             2020          3 
 98.1064       20            22            9             2020          3 
 103.6243      21            22            9             2020          3 
 66.71055      22            22            9             2020          3 
 106.698       23            22            9             2020          3 
 72.10381      0             23            9             2020          4 
 125.2052      1             23            9             2020          4 
 150.8462      2             23            9             2020          4 
 201.6482      3             23            9             2020          4 
 247.9797      4             23            9             2020          4 
 268.946       5             23            9             2020          4 
 309.6696      6             23            9             2020          4 
 273.1581      7             23            9             2020          4 
 260.8447      8             23            9             2020          4 
 255.8429      9             23            9             2020          4 
 207.4054      10            23            9             2020          4 
 213.3278      11            23            9             2020          4 
 208.7708      12            23            9             2020          4 
 244.6571      13            23            9             2020          4 
 220.7627      14            23            9             2020          4 
 315.0672      15            23            9             2020          4 
 312.6622      16            23            9             2020          4 
 322.9825      17            23            9             2020          4 
 343.7912      18            23            9             2020          4 
 312.0657      19            23            9             2020          4 
 273.4844      20            23            9             2020          4 
 241.7589      21            23            9             2020          4 
 224.3876      22            23            9             2020          4 
 155.7288      23            23            9             2020          4 
 148.3383      0             24            9             2020          5 
 97.79424      1             24            9             2020          5 
 58.10342      2             24            9             2020          5 
 94.18359      3             24            9             2020          5 
 92.98799      4             24            9             2020          5 
 143.7303      5             24            9             2020          5 
 183.1604      6             24            9             2020          5 
 250.0137      7             24            9             2020          5 
 224.774       8             24            9             2020          5 
 299.7379      9             24            9             2020          5 
 308.0031      10            24            9             2020          5 
 357.6014      11            24            9             2020          5 
 353.8751      12            24            9             2020          5 
 392.4824      13            24            9             2020          5 
 352.2476      14            24            9             2020          5 
 337.6169      15            24            9             2020          5 
 308.1743      16            24            9             2020          5 
 306.5165      17            24            9             2020          5 
 252.1398      18            24            9             2020          5 
 223.7071      19            24            9             2020          5 
 212.3086      20            24            9             2020          5 
 168.4978      21            24            9             2020          5 
 147.1947      22            24            9             2020          5 
 159.4666      23            24            9             2020          5 
 107.7563      0             25            9             2020          6 
 79.01396      1             25            9             2020          6 
 107.6987      2             25            9             2020          6 
 82.72227      3             25            9             2020          6 
 146.8934      4             25            9             2020          6 
 214.7469      5             25            9             2020          6 
 258.5716      6             25            9             2020          6 
 295.6292      7             25            9             2020          6 
 331.1031      8             25            9             2020          6 
 295.1882      9             25            9             2020          6 
 320.175       10            25            9             2020          6 
 299.8247      11            25            9             2020          6 
 286.9478      12            25            9             2020          6 
 291.8155      13            25            9             2020          6 
 306.3918      14            25            9             2020          6 
 275.5811      15            25            9             2020          6 
 334.7166      16            25            9             2020          6 
 318.3117      17            25            9             2020          6 
 314.7948      18            25            9             2020          6 
 280.0607      19            25            9             2020          6 
 249.7989      20            25            9             2020          6 
 167.9279      21            25            9             2020          6 
 132.7624      22            25            9             2020          6 
 116.3842      23            25            9             2020          6 
 129.6086      0             26            9             2020          7 
 128.5369      1             26            9             2020          7 
 147.045       2             26            9             2020          7 
 118.6308      3             26            9             2020          7 
 107.0148      4             26            9             2020          7 
 58.61758      5             26            9             2020          7 
 34.79023      6             26            9             2020          7 
 38.16533      7             26            9             2020          7 
 59.20537      8             26            9             2020          7 
 92.09316      9             26            9             2020          7 
 146.4919      10            26            9             2020          7 
 196.4274      11            26            9             2020          7 
 215.5079      12            26            9             2020          7 
 240.2486      13            26            9             2020          7 
 270.133       14            26            9             2020          7 
 260.0942      15            26            9             2020          7 
 305.9435      16            26            9             2020          7 
 293.6884      17            26            9             2020          7 
 315.4352      18            26            9             2020          7 
 310.2849      19            26            9             2020          7 
 299.5403      20            26            9             2020          7 
 286.0213      21            26            9             2020          7 
 275.6417      22            26            9             2020          7 
 261.7117      23            26            9             2020          7 
 195.9844      0             27            9             2020          1 
 223.3985      1             27            9             2020          1 
 180.8542      2             27            9             2020          1 
 182.2617      3             27            9             2020          1 
 160.628       4             27            9             2020          1 
 152.3882      5             27            9             2020          1 
 115.6167      6             27            9             2020          1 
 125.971       7             27            9             2020          1 
 167.1179      8             27            9             2020          1 
 220.1467      9             27            9             2020          1 
 347.6115      10            27            9             2020          1 
 372.7826      11            27            9             2020          1 
 496.394       12            27            9             2020          1 
 497.0958      13            27            9             2020          1 
 541.3911      14            27            9             2020          1 
 565.1405      15            27            9             2020          1 
 619.1204      16            27            9             2020          1 
 605.5289      17            27            9             2020          1 
 623.2279      18            27            9             2020          1 
 621.4582      19            27            9             2020          1 
 470.634       20            27            9             2020          1 
 437.0113      21            27            9             2020          1 
 252.138       22            27            9             2020          1 
 146.0395      23            27            9             2020          1 
 6.203418      0             28            9             2020          2 
-42.62774      1             28            9             2020          2 
-149.8731      2             28            9             2020          2 
-153.0365      3             28            9             2020          2 
-120.1845      4             28            9             2020          2 
-97.57861      5             28            9             2020          2 
-11.01934      6             28            9             2020          2 
 63.07373      7             28            9             2020          2 
 140.9822      8             28            9             2020          2 
 147.3202      9             28            9             2020          2 
 192.4712      10            28            9             2020          2 
 175.4966      11            28            9             2020          2 
 170.3853      12            28            9             2020          2 
 198.5469      13            28            9             2020          2 
 217.5633      14            28            9             2020          2 
 246.2978      15            28            9             2020          2 
 260.8674      16            28            9             2020          2 
 283.8529      17            28            9             2020          2 
 283.107       18            28            9             2020          2 
 271.6227      19            28            9             2020          2 
 268.4473      20            28            9             2020          2 
 236.1088      21            28            9             2020          2 
 219.916       22            28            9             2020          2 
 151.9083      23            28            9             2020          2 
 151.269       0             29            9             2020          3 
 77.42354      1             29            9             2020          3 
 106.1178      2             29            9             2020          3 
 86.60825      3             29            9             2020          3 
 163.1684      4             29            9             2020          3 
 204.4405      5             29            9             2020          3 
 278.0473      6             29            9             2020          3 
 307.5915      7             29            9             2020          3 
 340.6129      8             29            9             2020          3 
 308.9338      9             29            9             2020          3 
 304.9308      10            29            9             2020          3 
 295.3714      11            29            9             2020          3 
 301.4034      12            29            9             2020          3 
 361.0993      13            29            9             2020          3 
 433.4432      14            29            9             2020          3 
 467.4567      15            29            9             2020          3 
 503.0084      16            29            9             2020          3 
 477.2284      17            29            9             2020          3 
 409.4796      18            29            9             2020          3 
 313.9298      19            29            9             2020          3 
 236.338       20            29            9             2020          3 
 138.4191      21            29            9             2020          3 
 117.6572      22            29            9             2020          3 
 77.5875       23            29            9             2020          3 
 94.22588      0             30            9             2020          4 
 94.3623       1             30            9             2020          4 
 139.5517      2             30            9             2020          4 
 135.0721      3             30            9             2020          4 
 172.0677      4             30            9             2020          4 
 193.1623      5             30            9             2020          4 
 200.1551      6             30            9             2020          4 
 232.3487      7             30            9             2020          4 
 300.4053      8             30            9             2020          4 
 276.364       9             30            9             2020          4 
 288.6155      10            30            9             2020          4 
 314.3725      11            30            9             2020          4 
 270.498       12            30            9             2020          4 
 260.8911      13            30            9             2020          4 
 295.5651      14            30            9             2020          4 
 353.1478      15            30            9             2020          4 
 307.3849      16            30            9             2020          4 
 389.7898      17            30            9             2020          4 
 280.0754      18            30            9             2020          4 
 293.0911      19            30            9             2020          4 
 154.545       20            30            9             2020          4 
 208.5456      21            30            9             2020          4 
 109.9277      22            30            9             2020          4 
 145.313       23            30            9             2020          4 
