 193.6318      0             1             3             2020          1 
 162.6982      1             1             3             2020          1 
 211.638       2             1             3             2020          1 
 269.075       3             1             3             2020          1 
 330.0212      4             1             3             2020          1 
 449.6072      5             1             3             2020          1 
 518.705       6             1             3             2020          1 
 533.465       7             1             3             2020          1 
 474.7469      8             1             3             2020          1 
 504.1899      9             1             3             2020          1 
 395.0823      10            1             3             2020          1 
 379.2803      11            1             3             2020          1 
 330.6743      12            1             3             2020          1 
 285.9749      13            1             3             2020          1 
 203.8934      14            1             3             2020          1 
 178.3717      15            1             3             2020          1 
 144.9657      16            1             3             2020          1 
 60.51985      17            1             3             2020          1 
 37.55493      18            1             3             2020          1 
-31.55459      19            1             3             2020          1 
-69.6771       20            1             3             2020          1 
-76.53027      21            1             3             2020          1 
-43.97671      22            1             3             2020          1 
-25.36582      23            1             3             2020          1 
 11.49902      0             2             3             2020          2 
 19.14141      1             2             3             2020          2 
 22.73662      2             2             3             2020          2 
 15.64004      3             2             3             2020          2 
 7.869141      4             2             3             2020          2 
 13.70332      5             2             3             2020          2 
-17.10684      6             2             3             2020          2 
 1.469238      7             2             3             2020          2 
-8.321094      8             2             3             2020          2 
 26.57109      9             2             3             2020          2 
 31.62656      10            2             3             2020          2 
 136.0896      11            2             3             2020          2 
 139.9258      12            2             3             2020          2 
 223.8299      13            2             3             2020          2 
 234.6598      14            2             3             2020          2 
 239.6562      15            2             3             2020          2 
 182.5268      16            2             3             2020          2 
 177.5357      17            2             3             2020          2 
 57.37832      18            2             3             2020          2 
 31.84839      19            2             3             2020          2 
-14.1647       20            2             3             2020          2 
-15.21924      21            2             3             2020          2 
-10.49858      22            2             3             2020          2 
 70.43745      23            2             3             2020          2 
 68.01162      0             3             3             2020          3 
 111.7848      1             3             3             2020          3 
 127.1516      2             3             3             2020          3 
 118.6522      3             3             3             2020          3 
 120.2649      4             3             3             2020          3 
 149.6301      5             3             3             2020          3 
 158.6626      6             3             3             2020          3 
 138.7902      7             3             3             2020          3 
 172.2771      8             3             3             2020          3 
 140.5213      9             3             3             2020          3 
 178.5767      10            3             3             2020          3 
 180.4239      11            3             3             2020          3 
 264.6633      12            3             3             2020          3 
 260.8264      13            3             3             2020          3 
 422.2972      14            3             3             2020          3 
 390.7613      15            3             3             2020          3 
 515.4639      16            3             3             2020          3 
 453.0569      17            3             3             2020          3 
 446.1424      18            3             3             2020          3 
 231.4053      19            3             3             2020          3 
 220.7367      20            3             3             2020          3 
 18.62991      21            3             3             2020          3 
 23.58255      22            3             3             2020          3 
-32.00927      23            3             3             2020          3 
 23.57026      0             4             3             2020          4 
-51.17007      1             4             3             2020          4 
-15.76875      2             4             3             2020          4 
-125.1147      3             4             3             2020          4 
-97.06553      4             4             3             2020          4 
-127.1706      5             4             3             2020          4 
-36.63047      6             4             3             2020          4 
 27.0585       7             4             3             2020          4 
 105.2687      8             4             3             2020          4 
 134.634       9             4             3             2020          4 
 186.1982      10            4             3             2020          4 
 190.3138      11            4             3             2020          4 
 169.3767      12            4             3             2020          4 
 204.7877      13            4             3             2020          4 
 174.4445      14            4             3             2020          4 
 186.1788      15            4             3             2020          4 
 167.5052      16            4             3             2020          4 
 195.6943      17            4             3             2020          4 
 116.1823      18            4             3             2020          4 
 85.98643      19            4             3             2020          4 
 34.27407      20            4             3             2020          4 
-58.33728      21            4             3             2020          4 
-75.07851      22            4             3             2020          4 
-42.27956      23            4             3             2020          4 
-20.84729      0             5             3             2020          5 
 10.10801      1             5             3             2020          5 
 70.48643      2             5             3             2020          5 
 39.73096      3             5             3             2020          5 
 249.8036      4             5             3             2020          5 
 212.3259      5             5             3             2020          5 
 421.8498      6             5             3             2020          5 
 410.0526      7             5             3             2020          5 
 425.6597      8             5             3             2020          5 
 231.7193      9             5             3             2020          5 
 289.1211      10            5             3             2020          5 
 83.14397      11            5             3             2020          5 
 140.4393      12            5             3             2020          5 
 143.1707      13            5             3             2020          5 
 178.7388      14            5             3             2020          5 
 183.491       15            5             3             2020          5 
 208.8357      16            5             3             2020          5 
 179.7724      17            5             3             2020          5 
 156.8478      18            5             3             2020          5 
 94.74654      19            5             3             2020          5 
 36.88213      20            5             3             2020          5 
-94.17778      21            5             3             2020          5 
-130.2264      22            5             3             2020          5 
-200.285       23            5             3             2020          5 
-178.604       0             6             3             2020          6 
-155.4076      1             6             3             2020          6 
-82.94389      2             6             3             2020          6 
-58.67065      3             6             3             2020          6 
-1.285156      4             6             3             2020          6 
-22.49316      5             6             3             2020          6 
 146.5857      6             6             3             2020          6 
 167.9076      7             6             3             2020          6 
 330.8045      8             6             3             2020          6 
 452.2691      9             6             3             2020          6 
 566.9513      10            6             3             2020          6 
 520.8693      11            6             3             2020          6 
 667.6539      12            6             3             2020          6 
 569.7076      13            6             3             2020          6 
 599.6027      14            6             3             2020          6 
 550.303       15            6             3             2020          6 
 457.8672      16            6             3             2020          6 
 390.7811      17            6             3             2020          6 
 327.2713      18            6             3             2020          6 
 296.0522      19            6             3             2020          6 
 319.1979      20            6             3             2020          6 
 392.7589      21            6             3             2020          6 
 346.168       22            6             3             2020          6 
 411.048       23            6             3             2020          6 
 348.0616      0             7             3             2020          7 
 334.8377      1             7             3             2020          7 
 321.8379      2             7             3             2020          7 
 397.4906      3             7             3             2020          7 
 406.1711      4             7             3             2020          7 
 483.9843      5             7             3             2020          7 
 515.2668      6             7             3             2020          7 
 517.8478      7             7             3             2020          7 
 537.8429      8             7             3             2020          7 
 550.5235      9             7             3             2020          7 
 550.451       10            7             3             2020          7 
 587.83        11            7             3             2020          7 
 653.0365      12            7             3             2020          7 
 618.6874      13            7             3             2020          7 
 638.5359      14            7             3             2020          7 
 554.1656      15            7             3             2020          7 
 480.9605      16            7             3             2020          7 
 417.3478      17            7             3             2020          7 
 483.9979      18            7             3             2020          7 
 511.7721      19            7             3             2020          7 
 630.1939      20            7             3             2020          7 
 682.6332      21            7             3             2020          7 
 673.8172      22            7             3             2020          7 
 560.2589      23            7             3             2020          7 
 519.9191      0             8             3             2020          1 
 397.1511      1             8             3             2020          1 
 532.5657      2             8             3             2020          1 
 506.9525      3             8             3             2020          1 
 701.069       4             8             3             2020          1 
 686.4533      5             8             3             2020          1 
 701.8345      6             8             3             2020          1 
 605.9732      7             8             3             2020          1 
 601.2314      8             8             3             2020          1 
 504.8155      9             8             3             2020          1 
 570.4994      10            8             3             2020          1 
 563.3607      11            8             3             2020          1 
 605.0038      12            8             3             2020          1 
 610.8864      13            8             3             2020          1 
 629.7413      14            8             3             2020          1 
 605.7797      15            8             3             2020          1 
 698.7596      16            8             3             2020          1 
 620.0764      17            8             3             2020          1 
 675.6774      18            8             3             2020          1 
 581.4876      19            8             3             2020          1 
 550.3787      20            8             3             2020          1 
 450.9803      21            8             3             2020          1 
 421.5104      22            8             3             2020          1 
 347.9963      23            8             3             2020          1 
 321.8103      0             9             3             2020          2 
 313.5799      1             9             3             2020          2 
 329.1234      2             9             3             2020          2 
 344.3375      3             9             3             2020          2 
 366.1201      4             9             3             2020          2 
 383.202       5             9             3             2020          2 
 326.8275      6             9             3             2020          2 
 360.7519      7             9             3             2020          2 
 471.4483      8             9             3             2020          2 
 511.0643      9             9             3             2020          2 
 709.6439      10            9             3             2020          2 
 587.4973      11            9             3             2020          2 
 517.5035      12            9             3             2020          2 
 192.3355      13            9             3             2020          2 
 46.15669      14            9             3             2020          2 
-167.1348      15            9             3             2020          2 
-43.87129      16            9             3             2020          2 
-10.34546      17            9             3             2020          2 
 144.5912      18            9             3             2020          2 
 200.9418      19            9             3             2020          2 
 152.2393      20            9             3             2020          2 
 101.9626      21            9             3             2020          2 
 49.56924      22            9             3             2020          2 
-9.170215      23            9             3             2020          2 
-22.32734      0             10            3             2020          3 
-45.69277      1             10            3             2020          3 
-65.63232      2             10            3             2020          3 
-8.542871      3             10            3             2020          3 
-7.597998      4             10            3             2020          3 
 84.14087      5             10            3             2020          3 
 182.3357      6             10            3             2020          3 
 251.4168      7             10            3             2020          3 
 277.3049      8             10            3             2020          3 
 321.05        9             10            3             2020          3 
 263.5684      10            10            3             2020          3 
 186.5872      11            10            3             2020          3 
 197.2437      12            10            3             2020          3 
 115.8438      13            10            3             2020          3 
 120.8037      14            10            3             2020          3 
 120.4572      15            10            3             2020          3 
 129.5444      16            10            3             2020          3 
 87.79887      17            10            3             2020          3 
 90.42954      18            10            3             2020          3 
 61.72285      19            10            3             2020          3 
 38.52075      20            10            3             2020          3 
 55.64966      21            10            3             2020          3 
 69.25439      22            10            3             2020          3 
 49.91885      23            10            3             2020          3 
 46.29922      0             11            3             2020          4 
 12.19766      1             11            3             2020          4 
 69.60703      2             11            3             2020          4 
 57.03369      3             11            3             2020          4 
 207.005       4             11            3             2020          4 
 269.4759      5             11            3             2020          4 
 395.0639      6             11            3             2020          4 
 428.7916      7             11            3             2020          4 
 538.6736      8             11            3             2020          4 
 523.1635      9             11            3             2020          4 
 394.7828      10            11            3             2020          4 
 422.4155      11            11            3             2020          4 
 244.1065      12            11            3             2020          4 
 236.4644      13            11            3             2020          4 
 212.0662      14            11            3             2020          4 
 351.8981      15            11            3             2020          4 
 304.2235      16            11            3             2020          4 
 497.2491      17            11            3             2020          4 
 472.9415      18            11            3             2020          4 
 525.8456      19            11            3             2020          4 
 500.4007      20            11            3             2020          4 
 535.3966      21            11            3             2020          4 
 445.6192      22            11            3             2020          4 
 461.3254      23            11            3             2020          4 
 374.8681      0             12            3             2020          5 
 376.0815      1             12            3             2020          5 
 342.3944      2             12            3             2020          5 
 356.9586      3             12            3             2020          5 
 384.4171      4             12            3             2020          5 
 313.0277      5             12            3             2020          5 
 487.4138      6             12            3             2020          5 
 411.6689      7             12            3             2020          5 
 556.2833      8             12            3             2020          5 
 581.108       9             12            3             2020          5 
 771.9384      10            12            3             2020          5 
 664.9669      11            12            3             2020          5 
 832.3162      12            12            3             2020          5 
 735.0114      13            12            3             2020          5 
 1647.652      14            12            3             2020          5 
 1644.269      15            12            3             2020          5 
 2583.429      16            12            3             2020          5 
 2578.432      17            12            3             2020          5 
 2549.861      18            12            3             2020          5 
 1571.296      19            12            3             2020          5 
 1443.741      20            12            3             2020          5 
 443.4664      21            12            3             2020          5 
 348.8687      22            12            3             2020          5 
 371.1552      23            12            3             2020          5 
 399.8952      0             13            3             2020          6 
 463.7404      1             13            3             2020          6 
 496.82        2             13            3             2020          6 
 516.7853      3             13            3             2020          6 
 503.819       4             13            3             2020          6 
 464.4893      5             13            3             2020          6 
 510.1551      6             13            3             2020          6 
 449.5018      7             13            3             2020          6 
 508.5802      8             13            3             2020          6 
 451.7606      9             13            3             2020          6 
 471.1764      10            13            3             2020          6 
 383.3947      11            13            3             2020          6 
 434.7293      12            13            3             2020          6 
 330.5899      13            13            3             2020          6 
 336.1374      14            13            3             2020          6 
 285.8637      15            13            3             2020          6 
 243.9568      16            13            3             2020          6 
 240.2497      17            13            3             2020          6 
 294.7173      18            13            3             2020          6 
 357.069       19            13            3             2020          6 
 436.5893      20            13            3             2020          6 
 503.8729      21            13            3             2020          6 
 512.2707      22            13            3             2020          6 
 493.2171      23            13            3             2020          6 
 479.6117      0             14            3             2020          7 
 442.9347      1             14            3             2020          7 
 443.9875      2             14            3             2020          7 
 439.9671      3             14            3             2020          7 
 479.9522      4             14            3             2020          7 
 465.1033      5             14            3             2020          7 
 475.5079      6             14            3             2020          7 
 431.7568      7             14            3             2020          7 
 423.5724      8             14            3             2020          7 
 367.8551      9             14            3             2020          7 
 415.7674      10            14            3             2020          7 
 405.9412      11            14            3             2020          7 
 452.8584      12            14            3             2020          7 
 444.1747      13            14            3             2020          7 
 428.7421      14            14            3             2020          7 
 343.8141      15            14            3             2020          7 
 326.4415      16            14            3             2020          7 
 262.8944      17            14            3             2020          7 
 304.6863      18            14            3             2020          7 
 335.9326      19            14            3             2020          7 
 406.8338      20            14            3             2020          7 
 441.8097      21            14            3             2020          7 
 500.6869      22            14            3             2020          7 
 493.5756      23            14            3             2020          7 
 503.2779      0             15            3             2020          1 
 483.3687      1             15            3             2020          1 
 467.9933      2             15            3             2020          1 
 457.6974      3             15            3             2020          1 
 441.2068      4             15            3             2020          1 
 453.8794      5             15            3             2020          1 
 466.1508      6             15            3             2020          1 
 485.685       7             15            3             2020          1 
 504.4348      8             15            3             2020          1 
 471.0274      9             15            3             2020          1 
 408.2866      10            15            3             2020          1 
 450.0865      11            15            3             2020          1 
 372.3563      12            15            3             2020          1 
 339.8995      13            15            3             2020          1 
 457.5573      14            15            3             2020          1 
 624.6385      15            15            3             2020          1 
 666.2086      16            15            3             2020          1 
 790.7706      17            15            3             2020          1 
 870.8123      18            15            3             2020          1 
 609.6782      19            15            3             2020          1 
 543.4159      20            15            3             2020          1 
 421.4738      21            15            3             2020          1 
 273.0702      22            15            3             2020          1 
-38.6999       23            15            3             2020          1 
 37.60371      0             16            3             2020          2 
-270.8787      1             16            3             2020          2 
-276.9458      2             16            3             2020          2 
-138.6379      3             16            3             2020          2 
 126.6099      4             16            3             2020          2 
 278.0137      5             16            3             2020          2 
 575.4088      6             16            3             2020          2 
 408.7073      7             16            3             2020          2 
 339.555       8             16            3             2020          2 
 37.9418       9             16            3             2020          2 
-72.48286      10            16            3             2020          2 
-196.822       11            16            3             2020          2 
-46.42979      12            16            3             2020          2 
-52.88091      13            16            3             2020          2 
 184.8872      14            16            3             2020          2 
 151.695       15            16            3             2020          2 
 169.8083      16            16            3             2020          2 
 154.4386      17            16            3             2020          2 
 97.27798      18            16            3             2020          2 
 107.1094      19            16            3             2020          2 
 127.9781      20            16            3             2020          2 
 127.9791      21            16            3             2020          2 
 80.61162      22            16            3             2020          2 
 71.50655      23            16            3             2020          2 
-12.92373      0             17            3             2020          3 
-16.70713      1             17            3             2020          3 
-91.06279      2             17            3             2020          3 
-77.59619      3             17            3             2020          3 
-187.754       4             17            3             2020          3 
-152.0478      5             17            3             2020          3 
-190.8653      6             17            3             2020          3 
-94.68272      7             17            3             2020          3 
-24.03955      8             17            3             2020          3 
 140.0984      9             17            3             2020          3 
 191.4814      10            17            3             2020          3 
 287.6169      11            17            3             2020          3 
 292.6452      12            17            3             2020          3 
 292.5291      13            17            3             2020          3 
 286.914       14            17            3             2020          3 
 305.4465      15            17            3             2020          3 
 319.4994      16            17            3             2020          3 
 358.0617      17            17            3             2020          3 
 397.0265      18            17            3             2020          3 
 452.2334      19            17            3             2020          3 
 421.2875      20            17            3             2020          3 
 402.7736      21            17            3             2020          3 
 314.7692      22            17            3             2020          3 
 211.9992      23            17            3             2020          3 
 102.797       0             18            3             2020          4 
 56.80312      1             18            3             2020          4 
-.2597656      2             18            3             2020          4 
-2.985547      3             18            3             2020          4 
 13.58633      4             18            3             2020          4 
 16.10464      5             18            3             2020          4 
 43.61743      6             18            3             2020          4 
 26.8981       7             18            3             2020          4 
 108.1396      8             18            3             2020          4 
 103.1436      9             18            3             2020          4 
 132.1361      10            18            3             2020          4 
 140.2213      11            18            3             2020          4 
 144.4819      12            18            3             2020          4 
 106.8875      13            18            3             2020          4 
 143.5372      14            18            3             2020          4 
 111.198       15            18            3             2020          4 
 81.61723      16            18            3             2020          4 
 81.56348      17            18            3             2020          4 
-22.29204      18            18            3             2020          4 
-24.08535      19            18            3             2020          4 
-57.44819      20            18            3             2020          4 
-124.5969      21            18            3             2020          4 
-34.51743      22            18            3             2020          4 
-62.20405      23            18            3             2020          4 
-25.60181      0             19            3             2020          5 
 8.628418      1             19            3             2020          5 
 225.5938      2             19            3             2020          5 
 273.9202      3             19            3             2020          5 
 511.9168      4             19            3             2020          5 
 595.4666      5             19            3             2020          5 
 638.2404      6             19            3             2020          5 
 538.0292      7             19            3             2020          5 
 468.1314      8             19            3             2020          5 
 331.5839      9             19            3             2020          5 
 208.0071      10            19            3             2020          5 
 178.0739      11            19            3             2020          5 
 154.4347      12            19            3             2020          5 
 130.9084      13            19            3             2020          5 
 136.2827      14            19            3             2020          5 
 109.6907      15            19            3             2020          5 
 116.4001      16            19            3             2020          5 
 125.2325      17            19            3             2020          5 
 111.7609      18            19            3             2020          5 
 139.5755      19            19            3             2020          5 
 155.874       20            19            3             2020          5 
 138.8598      21            19            3             2020          5 
 112.7701      22            19            3             2020          5 
 115.3734      23            19            3             2020          5 
 63.40347      0             20            3             2020          6 
 54.43272      1             20            3             2020          6 
 55.75938      2             20            3             2020          6 
 46.22402      3             20            3             2020          6 
 25.47832      4             20            3             2020          6 
 71.0789       5             20            3             2020          6 
 75.48515      6             20            3             2020          6 
 122.2107      7             20            3             2020          6 
 151.4866      8             20            3             2020          6 
 174.2173      9             20            3             2020          6 
 161.2832      10            20            3             2020          6 
 206.5515      11            20            3             2020          6 
 172.6768      12            20            3             2020          6 
 169.1028      13            20            3             2020          6 
 159.3251      14            20            3             2020          6 
 122.5037      15            20            3             2020          6 
-11.12986      16            20            3             2020          6 
-90.48413      17            20            3             2020          6 
-218.8459      18            20            3             2020          6 
-322.8125      19            20            3             2020          6 
-306.4117      20            20            3             2020          6 
-242.5859      21            20            3             2020          6 
-172.0457      22            20            3             2020          6 
-68.7581       23            20            3             2020          6 
 7.023291      0             21            3             2020          7 
 4.709815      1             21            3             2020          7 
-2.520996      2             21            3             2020          7 
-41.47207      3             21            3             2020          7 
-68.86255      4             21            3             2020          7 
-34.42886      5             21            3             2020          7 
 16.06118      6             21            3             2020          7 
 115.2493      7             21            3             2020          7 
 266.8242      8             21            3             2020          7 
 389.0324      9             21            3             2020          7 
 465.2328      10            21            3             2020          7 
 521.6432      11            21            3             2020          7 
 531.1099      12            21            3             2020          7 
 510.7791      13            21            3             2020          7 
 547.1571      14            21            3             2020          7 
 556.6593      15            21            3             2020          7 
 561.3145      16            21            3             2020          7 
 566.9347      17            21            3             2020          7 
 564.18        18            21            3             2020          7 
 538.7137      19            21            3             2020          7 
 562.7512      20            21            3             2020          7 
 506.9865      21            21            3             2020          7 
 519.0719      22            21            3             2020          7 
 433.4782      23            21            3             2020          7 
 370.4352      0             22            3             2020          1 
 276.5119      1             22            3             2020          1 
 246.4302      2             22            3             2020          1 
 82.81245      3             22            3             2020          1 
 195.6123      4             22            3             2020          1 
 427.7366      5             22            3             2020          1 
 882.5641      6             22            3             2020          1 
 1598.629      7             22            3             2020          1 
 2347.921      8             22            3             2020          1 
 2653.717      9             22            3             2020          1 
 2716.117      10            22            3             2020          1 
 2292.905      11            22            3             2020          1 
 1594.527      12            22            3             2020          1 
 1006.455      13            22            3             2020          1 
 624.475       14            22            3             2020          1 
 392.2896      15            22            3             2020          1 
 364.0508      16            22            3             2020          1 
 360.5316      17            22            3             2020          1 
 264.1945      18            22            3             2020          1 
 237.8863      19            22            3             2020          1 
 154.4544      20            22            3             2020          1 
 139.0862      21            22            3             2020          1 
 104.5969      22            22            3             2020          1 
 106.3829      23            22            3             2020          1 
 73.11094      0             23            3             2020          2 
 37.98369      1             23            3             2020          2 
-1.128516      2             23            3             2020          2 
-12.82373      3             23            3             2020          2 
-15.14365      4             23            3             2020          2 
 23.80347      5             23            3             2020          2 
 61.53098      6             23            3             2020          2 
 115.2143      7             23            3             2020          2 
 201.3575      8             23            3             2020          2 
 215.8474      9             23            3             2020          2 
 254.1238      10            23            3             2020          2 
 249.7404      11            23            3             2020          2 
 233.7227      12            23            3             2020          2 
 181.8525      13            23            3             2020          2 
 210.053       14            23            3             2020          2 
 179.9528      15            23            3             2020          2 
 190.5627      16            23            3             2020          2 
 146.8527      17            23            3             2020          2 
 160.4364      18            23            3             2020          2 
 64.26225      19            23            3             2020          2 
 71.07837      20            23            3             2020          2 
 34.78198      21            23            3             2020          2 
 27.65391      22            23            3             2020          2 
-9.28584       23            23            3             2020          2 
-5.560742      0             24            3             2020          3 
-53.33281      1             24            3             2020          3 
-132.717       2             24            3             2020          3 
-49.49018      3             24            3             2020          3 
-135.8409      4             24            3             2020          3 
 118.2229      5             24            3             2020          3 
 370.1559      6             24            3             2020          3 
 862.9434      7             24            3             2020          3 
 1274.538      8             24            3             2020          3 
 1618.297      9             24            3             2020          3 
 1632.71       10            24            3             2020          3 
 1534.003      11            24            3             2020          3 
 1166.395      12            24            3             2020          3 
 854.3571      13            24            3             2020          3 
 680.1272      14            24            3             2020          3 
 438.2616      15            24            3             2020          3 
 354.0145      16            24            3             2020          3 
 340.07        17            24            3             2020          3 
 232.0685      18            24            3             2020          3 
 178.5914      19            24            3             2020          3 
 257.6115      20            24            3             2020          3 
 210.1748      21            24            3             2020          3 
 172.4401      22            24            3             2020          3 
 150.0066      23            24            3             2020          3 
 74.98018      0             25            3             2020          4 
 1.756934      1             25            3             2020          4 
-23.01299      2             25            3             2020          4 
-53.26777      3             25            3             2020          4 
-76.67509      4             25            3             2020          4 
-62.98745      5             25            3             2020          4 
-58.47461      6             25            3             2020          4 
-30.18291      7             25            3             2020          4 
 32.23125      8             25            3             2020          4 
 114.1485      9             25            3             2020          4 
 414.8974      10            25            3             2020          4 
 410.532       11            25            3             2020          4 
 674.4852      12            25            3             2020          4 
 840.8057      13            25            3             2020          4 
 1077.893      14            25            3             2020          4 
 782.3805      15            25            3             2020          4 
 972.515       16            25            3             2020          4 
 410.8396      17            25            3             2020          4 
 135.5339      18            25            3             2020          4 
-135.8045      19            25            3             2020          4 
-113.0547      20            25            3             2020          4 
-274.7364      21            25            3             2020          4 
-22.17383      22            25            3             2020          4 
 56.95117      23            25            3             2020          4 
 2.465283      0             26            3             2020          5 
-6.703467      1             26            3             2020          5 
-14.74404      2             26            3             2020          5 
 8.757959      3             26            3             2020          5 
 72.57188      4             26            3             2020          5 
 70.05674      5             26            3             2020          5 
 158.1146      6             26            3             2020          5 
 135.4029      7             26            3             2020          5 
 199.0425      8             26            3             2020          5 
 177.6892      9             26            3             2020          5 
 225.338       10            26            3             2020          5 
 134.1095      11            26            3             2020          5 
 149.2933      12            26            3             2020          5 
 69.83662      13            26            3             2020          5 
 47.68398      14            26            3             2020          5 
 27.73633      15            26            3             2020          5 
 52.5519       16            26            3             2020          5 
 49.06655      17            26            3             2020          5 
 72.96836      18            26            3             2020          5 
 33.03574      19            26            3             2020          5 
 22.5479       20            26            3             2020          5 
-10.79858      21            26            3             2020          5 
-15.08994      22            26            3             2020          5 
-80.23183      23            26            3             2020          5 
-97.10844      0             27            3             2020          6 
-190.4939      1             27            3             2020          6 
-211.6791      2             27            3             2020          6 
-226.0374      3             27            3             2020          6 
-170.255       4             27            3             2020          6 
-147.0876      5             27            3             2020          6 
-65.04936      6             27            3             2020          6 
-37.46235      7             27            3             2020          6 
-18.59692      8             27            3             2020          6 
 8.091797      9             27            3             2020          6 
 45.28501      10            27            3             2020          6 
 69.4998       11            27            3             2020          6 
 72.177        12            27            3             2020          6 
 95.31548      13            27            3             2020          6 
 100.0402      14            27            3             2020          6 
 124.739       15            27            3             2020          6 
 34.7252       16            27            3             2020          6 
 82.98574      17            27            3             2020          6 
-23.39077      18            27            3             2020          6 
-33.75771      19            27            3             2020          6 
-36.08374      20            27            3             2020          6 
 25.17866      21            27            3             2020          6 
-18.77988      22            27            3             2020          6 
 41.54663      23            27            3             2020          6 
-6.065137      0             28            3             2020          7 
-66.64966      1             28            3             2020          7 
-44.49849      2             28            3             2020          7 
-27.38994      3             28            3             2020          7 
 37.87617      4             28            3             2020          7 
 102.0608      5             28            3             2020          7 
 128.1712      6             28            3             2020          7 
 127.5036      7             28            3             2020          7 
 125.7137      8             28            3             2020          7 
 98.05908      9             28            3             2020          7 
 95.47041      10            28            3             2020          7 
 118.9854      11            28            3             2020          7 
 144.0361      12            28            3             2020          7 
 166.0142      13            28            3             2020          7 
 226.6081      14            28            3             2020          7 
 246.6716      15            28            3             2020          7 
 284.3338      16            28            3             2020          7 
 280.9486      17            28            3             2020          7 
 294.5821      18            28            3             2020          7 
 221.0249      19            28            3             2020          7 
 247.4855      20            28            3             2020          7 
 215.7941      21            28            3             2020          7 
 197.93        22            28            3             2020          7 
 179.1467      23            28            3             2020          7 
 147.3298      0             29            3             2020          1 
 45.86509      1             29            3             2020          1 
 3.999024E-02                2             29            3             2020          1 
-24.55024      3             29            3             2020          1 
 83.62486      4             29            3             2020          1 
 130.4433      5             29            3             2020          1 
 307.9612      6             29            3             2020          1 
 332.2194      7             29            3             2020          1 
 352.0309      8             29            3             2020          1 
 230.3629      9             29            3             2020          1 
 227.9141      10            29            3             2020          1 
 103.2643      11            29            3             2020          1 
 121.1537      12            29            3             2020          1 
 129.8728      13            29            3             2020          1 
 142.934       14            29            3             2020          1 
 160.4824      15            29            3             2020          1 
 159.7153      16            29            3             2020          1 
 184.2464      17            29            3             2020          1 
 191.1056      18            29            3             2020          1 
 187.9119      19            29            3             2020          1 
 107.8618      20            29            3             2020          1 
 120.137       21            29            3             2020          1 
-52.76211      22            29            3             2020          1 
-44.1312       23            29            3             2020          1 
-142.0705      0             30            3             2020          2 
-98.93618      1             30            3             2020          2 
-182.9377      2             30            3             2020          2 
-28.22334      3             30            3             2020          2 
-107.1704      4             30            3             2020          2 
 7.843946      5             30            3             2020          2 
 6.439844      6             30            3             2020          2 
 90.04199      7             30            3             2020          2 
 70.38911      8             30            3             2020          2 
 146.3857      9             30            3             2020          2 
 135.5557      10            30            3             2020          2 
 174.7213      11            30            3             2020          2 
 165.4177      12            30            3             2020          2 
 182.9676      13            30            3             2020          2 
 173.7831      14            30            3             2020          2 
 186.5513      15            30            3             2020          2 
 106.2789      16            30            3             2020          2 
 162.7166      17            30            3             2020          2 
 70.58965      18            30            3             2020          2 
 89.0955       19            30            3             2020          2 
 43.02602      20            30            3             2020          2 
 87.87588      21            30            3             2020          2 
-44.05503      22            30            3             2020          2 
 53.98594      23            30            3             2020          2 
-32.85625      0             31            3             2020          3 
 9.349805      1             31            3             2020          3 
 19.84902      2             31            3             2020          3 
 46.52954      3             31            3             2020          3 
 81.28423      4             31            3             2020          3 
 109.5323      5             31            3             2020          3 
-1.165186      6             31            3             2020          3 
 29.72295      7             31            3             2020          3 
-15.82886      8             31            3             2020          3 
-45.33452      9             31            3             2020          3 
-55.43159      10            31            3             2020          3 
 50.67027      11            31            3             2020          3 
-55.44375      12            31            3             2020          3 
 55.37939      13            31            3             2020          3 
 49.92353      14            31            3             2020          3 
 244.7449      15            31            3             2020          3 
 258.6349      16            31            3             2020          3 
 484.8879      17            31            3             2020          3 
 504.6285      18            31            3             2020          3 
 462.0862      19            31            3             2020          3 
 332.8115      20            31            3             2020          3 
 284.6425      21            31            3             2020          3 
 144.6002      22            31            3             2020          3 
 89.89917      23            31            3             2020          3 
