 20.2873       0             1             8             2020          7 
 30.80225      1             1             8             2020          7 
 16.25596      2             1             8             2020          7 
 80.05391      3             1             8             2020          7 
 74.54472      4             1             8             2020          7 
 118.0353      5             1             8             2020          7 
 126.1854      6             1             8             2020          7 
 196.3966      7             1             8             2020          7 
 165.3267      8             1             8             2020          7 
 195.7868      9             1             8             2020          7 
 207.963       10            1             8             2020          7 
 171.7502      11            1             8             2020          7 
 149.9997      12            1             8             2020          7 
 199.5793      13            1             8             2020          7 
 188.5799      14            1             8             2020          7 
 218.9386      15            1             8             2020          7 
 315.5489      16            1             8             2020          7 
 338.6018      17            1             8             2020          7 
 359.5479      18            1             8             2020          7 
 376.5589      19            1             8             2020          7 
 327.3976      20            1             8             2020          7 
 251.9102      21            1             8             2020          7 
 228.4843      22            1             8             2020          7 
 201.2961      23            1             8             2020          7 
 149.3488      0             2             8             2020          1 
 153.4567      1             2             8             2020          1 
 155.6542      2             2             8             2020          1 
 157.0142      3             2             8             2020          1 
 189.1141      4             2             8             2020          1 
 254.3963      5             2             8             2020          1 
 330.2409      6             2             8             2020          1 
 347.6236      7             2             8             2020          1 
 557.5854      8             2             8             2020          1 
 523.6994      9             2             8             2020          1 
 688.9927      10            2             8             2020          1 
 657.1078      11            2             8             2020          1 
 700.931       12            2             8             2020          1 
 566.6798      13            2             8             2020          1 
 458.6042      14            2             8             2020          1 
 334.0713      15            2             8             2020          1 
 198.666       16            2             8             2020          1 
 156.7518      17            2             8             2020          1 
 109.1318      18            2             8             2020          1 
 161.6155      19            2             8             2020          1 
 110.2504      20            2             8             2020          1 
 182.5458      21            2             8             2020          1 
 173.0899      22            2             8             2020          1 
 143.5894      23            2             8             2020          1 
 167.8313      0             3             8             2020          2 
 131.8615      1             3             8             2020          2 
 96.74648      2             3             8             2020          2 
 107.631       3             3             8             2020          2 
 85.15283      4             3             8             2020          2 
 147.9644      5             3             8             2020          2 
 187.5716      6             3             8             2020          2 
 306.9921      7             3             8             2020          2 
 366.119       8             3             8             2020          2 
 417.0765      9             3             8             2020          2 
 453.8354      10            3             8             2020          2 
 407.9715      11            3             8             2020          2 
 368.6874      12            3             8             2020          2 
 337.4883      13            3             8             2020          2 
 209.6353      14            3             8             2020          2 
 149.9804      15            3             8             2020          2 
 35.79752      16            3             8             2020          2 
-82.44799      17            3             8             2020          2 
-181.8113      18            3             8             2020          2 
-199.7         19            3             8             2020          2 
-285.6707      20            3             8             2020          2 
-212.9996      21            3             8             2020          2 
-171.5265      22            3             8             2020          2 
-149.2624      23            3             8             2020          2 
-68.4          0             4             8             2020          3 
-41.152        1             4             8             2020          3 
-38.70493      2             4             8             2020          3 
-46.48037      3             4             8             2020          3 
-78.84951      4             4             8             2020          3 
-121.2093      5             4             8             2020          3 
-170.3755      6             4             8             2020          3 
-197.4222      7             4             8             2020          3 
-125.5506      8             4             8             2020          3 
-54.00246      9             4             8             2020          3 
 104.5545      10            4             8             2020          3 
 295.4679      11            4             8             2020          3 
 418.0712      12            4             8             2020          3 
 458.8351      13            4             8             2020          3 
 430.626       14            4             8             2020          3 
 310.2509      15            4             8             2020          3 
 134.0753      16            4             8             2020          3 
-5.547852      17            4             8             2020          3 
-95.3171       18            4             8             2020          3 
-164.4441      19            4             8             2020          3 
-169.4745      20            4             8             2020          3 
-144.9081      21            4             8             2020          3 
-134.6974      22            4             8             2020          3 
-157.7398      23            4             8             2020          3 
-169.7505      0             5             8             2020          4 
-217.7018      1             5             8             2020          4 
-214.3451      2             5             8             2020          4 
-196.0686      3             5             8             2020          4 
-121.1421      4             5             8             2020          4 
-60.24482      5             5             8             2020          4 
-12.5833       6             5             8             2020          4 
-47.76953      7             5             8             2020          4 
-65.87016      8             5             8             2020          4 
-164.5163      9             5             8             2020          4 
-186.2722      10            5             8             2020          4 
-195.6955      11            5             8             2020          4 
-124.2114      12            5             8             2020          4 
-106.1654      13            5             8             2020          4 
 .4439575      14            5             8             2020          4 
-.1164307      15            5             8             2020          4 
 35.57038      16            5             8             2020          4 
-16.74214      17            5             8             2020          4 
-1.567444      18            5             8             2020          4 
-115.5683      19            5             8             2020          4 
-116.3496      20            5             8             2020          4 
-186.2031      21            5             8             2020          4 
-174.2284      22            5             8             2020          4 
-227.0858      23            5             8             2020          4 
-203.829       0             6             8             2020          5 
-244.1634      1             6             8             2020          5 
-233.3144      2             6             8             2020          5 
-213.2474      3             6             8             2020          5 
-185.7059      4             6             8             2020          5 
-145.6903      5             6             8             2020          5 
-60.37695      6             6             8             2020          5 
 150.6124      7             6             8             2020          5 
 192.9749      8             6             8             2020          5 
 385.8432      9             6             8             2020          5 
 356.3495      10            6             8             2020          5 
 300.8736      11            6             8             2020          5 
 95.34107      12            6             8             2020          5 
 14.23702      13            6             8             2020          5 
-223.736       14            6             8             2020          5 
-250.4267      15            6             8             2020          5 
-301.3709      16            6             8             2020          5 
-341.3719      17            6             8             2020          5 
-343.8398      18            6             8             2020          5 
-320.2787      19            6             8             2020          5 
-318.728       20            6             8             2020          5 
-254.3425      21            6             8             2020          5 
-204.927       22            6             8             2020          5 
-196.3394      23            6             8             2020          5 
-148.3174      0             7             8             2020          6 
-148.765       1             7             8             2020          6 
-147.2182      2             7             8             2020          6 
-158.8225      3             7             8             2020          6 
-149.6367      4             7             8             2020          6 
-153.5146      5             7             8             2020          6 
-158.106       6             7             8             2020          6 
 14.22031      7             7             8             2020          6 
 .5141602      8             7             8             2020          6 
 149.4703      9             7             8             2020          6 
 124.0776      10            7             8             2020          6 
 124.7677      11            7             8             2020          6 
-131.4016      12            7             8             2020          6 
-115.1871      13            7             8             2020          6 
-331.7767      14            7             8             2020          6 
-273.6401      15            7             8             2020          6 
-234.143       16            7             8             2020          6 
-52.8689       17            7             8             2020          6 
-25.45098      18            7             8             2020          6 
 65.2253       19            7             8             2020          6 
 24.85625      20            7             8             2020          6 
-18.75684      21            7             8             2020          6 
-118.9866      22            7             8             2020          6 
-133.8387      23            7             8             2020          6 
-166.9626      0             8             8             2020          7 
-176.1062      1             8             8             2020          7 
-157.8723      2             8             8             2020          7 
-182.7433      3             8             8             2020          7 
-137.7897      4             8             8             2020          7 
-106.682       5             8             8             2020          7 
-38.29453      6             8             8             2020          7 
 55.4166       7             8             8             2020          7 
 157.552       8             8             8             2020          7 
 183.5293      9             8             8             2020          7 
 315.711       10            8             8             2020          7 
 346.5179      11            8             8             2020          7 
 378.1696      12            8             8             2020          7 
 403.7422      13            8             8             2020          7 
 416.5788      14            8             8             2020          7 
 338.3469      15            8             8             2020          7 
 302.8006      16            8             8             2020          7 
 299.6966      17            8             8             2020          7 
 247.9698      18            8             8             2020          7 
 269.424       19            8             8             2020          7 
 262.5127      20            8             8             2020          7 
 293.7961      21            8             8             2020          7 
 155.2952      22            8             8             2020          7 
 138.2392      23            8             8             2020          7 
-27.28838      0             9             8             2020          1 
-133.7922      1             9             8             2020          1 
-245.9281      2             9             8             2020          1 
-257.1875      3             9             8             2020          1 
-315.3707      4             9             8             2020          1 
-325.5069      5             9             8             2020          1 
-334.8138      6             9             8             2020          1 
-232.1013      7             9             8             2020          1 
-190.1243      8             9             8             2020          1 
 40.96892      9             9             8             2020          1 
 230.3743      10            9             8             2020          1 
 410.3391      11            9             8             2020          1 
 376.3201      12            9             8             2020          1 
 417.3404      13            9             8             2020          1 
 163.3221      14            9             8             2020          1 
 54.88977      15            9             8             2020          1 
-82.3315       16            9             8             2020          1 
-90.33662      17            9             8             2020          1 
-230.4495      18            9             8             2020          1 
-159.6395      19            9             8             2020          1 
-259.5598      20            9             8             2020          1 
-239.0391      21            9             8             2020          1 
-251.2354      22            9             8             2020          1 
-158.3275      23            9             8             2020          1 
-153.3495      0             10            8             2020          2 
-71.8207       1             10            8             2020          2 
-65.96143      2             10            8             2020          2 
-72.13545      3             10            8             2020          2 
-72.91416      4             10            8             2020          2 
-95.58945      5             10            8             2020          2 
 67.52266      6             10            8             2020          2 
 101.7438      7             10            8             2020          2 
 358.4265      8             10            8             2020          2 
 440.4933      9             10            8             2020          2 
 604.4991      10            10            8             2020          2 
 458.9291      11            10            8             2020          2 
 418.156       12            10            8             2020          2 
 118.2752      13            10            8             2020          2 
-10.71426      14            10            8             2020          2 
-166.6615      15            10            8             2020          2 
-134.4044      16            10            8             2020          2 
-90.80183      17            10            8             2020          2 
-24.29624      18            10            8             2020          2 
 39.25332      19            10            8             2020          2 
-14.10049      20            10            8             2020          2 
-79.6084       21            10            8             2020          2 
-174.0083      22            10            8             2020          2 
-224.0553      23            10            8             2020          2 
-243.9117      0             11            8             2020          3 
-216.029       1             11            8             2020          3 
-194.3022      2             11            8             2020          3 
-163.2316      3             11            8             2020          3 
-139.8627      4             11            8             2020          3 
-133.0512      5             11            8             2020          3 
-84.52177      6             11            8             2020          3 
 68.57271      7             11            8             2020          3 
 116.2583      8             11            8             2020          3 
 330.508       9             11            8             2020          3 
 445.4383      10            11            8             2020          3 
 543.069       11            11            8             2020          3 
 512.0504      12            11            8             2020          3 
 559.5334      13            11            8             2020          3 
 224.3711      14            11            8             2020          3 
 121.9499      15            11            8             2020          3 
-149.5376      16            11            8             2020          3 
-291.0167      17            11            8             2020          3 
-392.985       18            11            8             2020          3 
-299.6442      19            11            8             2020          3 
-325.669       20            11            8             2020          3 
-196.2032      21            11            8             2020          3 
-196.4207      22            11            8             2020          3 
-195.7322      23            11            8             2020          3 
-194.1741      0             12            8             2020          4 
-198.2134      1             12            8             2020          4 
-203.0232      2             12            8             2020          4 
-198.7639      3             12            8             2020          4 
-206.5799      4             12            8             2020          4 
-207.8632      5             12            8             2020          4 
-195.5884      6             12            8             2020          4 
-28.71682      7             12            8             2020          4 
-25.02701      8             12            8             2020          4 
 230.0079      9             12            8             2020          4 
 243.9591      10            12            8             2020          4 
 357.2961      11            12            8             2020          4 
 253.7616      12            12            8             2020          4 
 351.9188      13            12            8             2020          4 
 170.1005      14            12            8             2020          4 
 280.3529      15            12            8             2020          4 
 280.215       16            12            8             2020          4 
 320.9343      17            12            8             2020          4 
 347.1809      18            12            8             2020          4 
 347.7241      19            12            8             2020          4 
 382.1862      20            12            8             2020          4 
 305.6609      21            12            8             2020          4 
 339.5732      22            12            8             2020          4 
 200.1067      23            12            8             2020          4 
 156.9084      0             13            8             2020          5 
-28.38301      1             13            8             2020          5 
 9.592676      2             13            8             2020          5 
-104.5216      3             13            8             2020          5 
 32.97471      4             13            8             2020          5 
 83.95215      5             13            8             2020          5 
 305.1597      6             13            8             2020          5 
 387.4689      7             13            8             2020          5 
 587.7324      8             13            8             2020          5 
 627.28        9             13            8             2020          5 
 646.9434      10            13            8             2020          5 
 602.3241      11            13            8             2020          5 
 473.0193      12            13            8             2020          5 
 337.3439      13            13            8             2020          5 
 158.2388      14            13            8             2020          5 
 96.90186      15            13            8             2020          5 
-75.54263      16            13            8             2020          5 
-122.7247      17            13            8             2020          5 
-168.1487      18            13            8             2020          5 
-220.8589      19            13            8             2020          5 
-234.388       20            13            8             2020          5 
-208.6328      21            13            8             2020          5 
-197.4232      22            13            8             2020          5 
-232.3439      23            13            8             2020          5 
-125.5878      0             14            8             2020          6 
-144.813       1             14            8             2020          6 
-99.56787      2             14            8             2020          6 
-42.96006      3             14            8             2020          6 
-64.68486      4             14            8             2020          6 
-67.45341      5             14            8             2020          6 
-104.5806      6             14            8             2020          6 
-177.5742      7             14            8             2020          6 
-241.54        8             14            8             2020          6 
-266.5253      9             14            8             2020          6 
-280.9301      10            14            8             2020          6 
-270.6068      11            14            8             2020          6 
-204.7214      12            14            8             2020          6 
-187.6596      13            14            8             2020          6 
-86.21533      14            14            8             2020          6 
-83.87305      15            14            8             2020          6 
 5.658887      16            14            8             2020          6 
-1.234766      17            14            8             2020          6 
 7.745313      18            14            8             2020          6 
-34.58047      19            14            8             2020          6 
-45.27305      20            14            8             2020          6 
-89.2998       21            14            8             2020          6 
-119.3728      22            14            8             2020          6 
-110.0244      23            14            8             2020          6 
-135.0484      0             15            8             2020          7 
-143.2021      1             15            8             2020          7 
-236.616       2             15            8             2020          7 
-234.1907      3             15            8             2020          7 
-297.9187      4             15            8             2020          7 
-340.8992      5             15            8             2020          7 
-320.7935      6             15            8             2020          7 
-295.3748      7             15            8             2020          7 
-345.2054      8             15            8             2020          7 
-292.1958      9             15            8             2020          7 
-262.1898      10            15            8             2020          7 
-307.1463      11            15            8             2020          7 
-248.5815      12            15            8             2020          7 
-213.3642      13            15            8             2020          7 
-205.2541      14            15            8             2020          7 
-169.2513      15            15            8             2020          7 
-105.7306      16            15            8             2020          7 
-103.471       17            15            8             2020          7 
-43.89443      18            15            8             2020          7 
-30.62783      19            15            8             2020          7 
-24.55322      20            15            8             2020          7 
-38.10195      21            15            8             2020          7 
-44.98281      22            15            8             2020          7 
-77.33321      23            15            8             2020          7 
-103.2908      0             16            8             2020          1 
-115.6812      1             16            8             2020          1 
-149.7893      2             16            8             2020          1 
-154.3186      3             16            8             2020          1 
-184.3127      4             16            8             2020          1 
-179.086       5             16            8             2020          1 
-241.7778      6             16            8             2020          1 
-190.3763      7             16            8             2020          1 
-257.8138      8             16            8             2020          1 
-199.494       9             16            8             2020          1 
-285.8069      10            16            8             2020          1 
-240.1565      11            16            8             2020          1 
-343.0825      12            16            8             2020          1 
-324.7657      13            16            8             2020          1 
-450.913       14            16            8             2020          1 
-479.5635      15            16            8             2020          1 
-562.366       16            16            8             2020          1 
-608.3616      17            16            8             2020          1 
-573.4574      18            16            8             2020          1 
-519.106       19            16            8             2020          1 
-397.7582      20            16            8             2020          1 
-319.5453      21            16            8             2020          1 
-203.5173      22            16            8             2020          1 
-200.3346      23            16            8             2020          1 
-154.4113      0             17            8             2020          2 
-173.1459      1             17            8             2020          2 
-155.0518      2             17            8             2020          2 
-182.0164      3             17            8             2020          2 
-219.2393      4             17            8             2020          2 
-281.8849      5             17            8             2020          2 
-329.5772      6             17            8             2020          2 
-370.3364      7             17            8             2020          2 
-384.5016      8             17            8             2020          2 
-321.7554      9             17            8             2020          2 
-290.9914      10            17            8             2020          2 
-191.3303      11            17            8             2020          2 
-205.4462      12            17            8             2020          2 
-160.8557      13            17            8             2020          2 
-322.6728      14            17            8             2020          2 
-355.8787      15            17            8             2020          2 
-507.3684      16            17            8             2020          2 
-488.442       17            17            8             2020          2 
-486.8809      18            17            8             2020          2 
-349.8991      19            17            8             2020          2 
-2.209961      20            17            8             2020          2 
 118.3351      21            17            8             2020          2 
 457.7626      22            17            8             2020          2 
 503.9101      23            17            8             2020          2 
 558.8422      0             18            8             2020          3 
 310.0771      1             18            8             2020          3 
 347.8889      2             18            8             2020          3 
 13.81002      3             18            8             2020          3 
 7.091547      4             18            8             2020          3 
-70.88973      5             18            8             2020          3 
-120.7353      6             18            8             2020          3 
-209.2507      7             18            8             2020          3 
-244.0637      8             18            8             2020          3 
-340.2558      9             18            8             2020          3 
-304.0209      10            18            8             2020          3 
-311.8897      11            18            8             2020          3 
-372.2085      12            18            8             2020          3 
-306.325       13            18            8             2020          3 
-404.1586      14            18            8             2020          3 
-384.2888      15            18            8             2020          3 
-207.8036      16            18            8             2020          3 
 461.0107      17            18            8             2020          3 
 598.5446      18            18            8             2020          3 
 1288.774      19            18            8             2020          3 
 1256.684      20            18            8             2020          3 
 1082.841      21            18            8             2020          3 
 522.9344      22            18            8             2020          3 
 403.8276      23            18            8             2020          3 
-128.6748      0             19            8             2020          4 
-94.39815      1             19            8             2020          4 
-48.99306      2             19            8             2020          4 
-41.67939      3             19            8             2020          4 
-10.87734      4             19            8             2020          4 
 46.88686      5             19            8             2020          4 
 50.01821      6             19            8             2020          4 
 112.2114      7             19            8             2020          4 
 78.85478      8             19            8             2020          4 
 9.186816      9             19            8             2020          4 
-58.30112      10            19            8             2020          4 
-49.66631      11            19            8             2020          4 
-129.2301      12            19            8             2020          4 
 7.353516E-02                13            19            8             2020          4 
 21.04062      14            19            8             2020          4 
 28.06108      15            19            8             2020          4 
-52.66948      16            19            8             2020          4 
-131.9867      17            19            8             2020          4 
-306.0196      18            19            8             2020          4 
-336.5583      19            19            8             2020          4 
-367.9118      20            19            8             2020          4 
-290.6274      21            19            8             2020          4 
-186.0474      22            19            8             2020          4 
-116.4917      23            19            8             2020          4 
-39.46924      0             20            8             2020          5 
 5.481836      1             20            8             2020          5 
-.9709961      2             20            8             2020          5 
-16.91406      3             20            8             2020          5 
 70.03081      4             20            8             2020          5 
 62.60669      5             20            8             2020          5 
 106.6142      6             20            8             2020          5 
 108.1085      7             20            8             2020          5 
 35.73652      8             20            8             2020          5 
-98.87505      9             20            8             2020          5 
-248.3962      10            20            8             2020          5 
-317.9732      11            20            8             2020          5 
-415.263       12            20            8             2020          5 
-366.2799      13            20            8             2020          5 
-400.0136      14            20            8             2020          5 
-367.9552      15            20            8             2020          5 
-410.419       16            20            8             2020          5 
-386.3849      17            20            8             2020          5 
-352.4847      18            20            8             2020          5 
-278.7954      19            20            8             2020          5 
-205.2613      20            20            8             2020          5 
-158.5634      21            20            8             2020          5 
-113.6021      22            20            8             2020          5 
-131.814       23            20            8             2020          5 
-127.7999      0             21            8             2020          6 
-93.14121      1             21            8             2020          6 
-87.6459       2             21            8             2020          6 
-61.84385      3             21            8             2020          6 
 16.81406      4             21            8             2020          6 
 55.68262      5             21            8             2020          6 
 111.6898      6             21            8             2020          6 
 149.7514      7             21            8             2020          6 
 212.6255      8             21            8             2020          6 
 132.9635      9             21            8             2020          6 
 171.112       10            21            8             2020          6 
 166.8564      11            21            8             2020          6 
 144.7033      12            21            8             2020          6 
 118.4826      13            21            8             2020          6 
 201.3598      14            21            8             2020          6 
 166.0308      15            21            8             2020          6 
 226.6687      16            21            8             2020          6 
 236.5111      17            21            8             2020          6 
 240.9199      18            21            8             2020          6 
 137.0324      19            21            8             2020          6 
 120.7128      20            21            8             2020          6 
-6.758008      21            21            8             2020          6 
 16.71348      22            21            8             2020          6 
-41.84258      23            21            8             2020          6 
-6.14707       0             22            8             2020          7 
 30.2918       1             22            8             2020          7 
 31.89502      2             22            8             2020          7 
 48.75127      3             22            8             2020          7 
 71.09336      4             22            8             2020          7 
 125.8694      5             22            8             2020          7 
 15.04844      6             22            8             2020          7 
 75.2207       7             22            8             2020          7 
 18.46963      8             22            8             2020          7 
 9.5896        9             22            8             2020          7 
 14.65195      10            22            8             2020          7 
 133.7779      11            22            8             2020          7 
 84.83208      12            22            8             2020          7 
 145.64        13            22            8             2020          7 
 157.458       14            22            8             2020          7 
 129.6891      15            22            8             2020          7 
 81.05737      16            22            8             2020          7 
 127.9933      17            22            8             2020          7 
 178.6378      18            22            8             2020          7 
 214.3621      19            22            8             2020          7 
 265.4808      20            22            8             2020          7 
 248.4144      21            22            8             2020          7 
 189.5843      22            22            8             2020          7 
 50.71338      23            22            8             2020          7 
 1.279102      0             23            8             2020          1 
-99.64043      1             23            8             2020          1 
-116.1319      2             23            8             2020          1 
-116.228       3             23            8             2020          1 
-82.80342      4             23            8             2020          1 
-66.53916      5             23            8             2020          1 
-29.25479      6             23            8             2020          1 
-34.45547      7             23            8             2020          1 
-75.68115      8             23            8             2020          1 
-79.10405      9             23            8             2020          1 
-181.9271      10            23            8             2020          1 
-207.0688      11            23            8             2020          1 
-210.7427      12            23            8             2020          1 
-227.8299      13            23            8             2020          1 
-244.0363      14            23            8             2020          1 
-191.3894      15            23            8             2020          1 
-219.077       16            23            8             2020          1 
-196.3997      17            23            8             2020          1 
-147.2644      18            23            8             2020          1 
-144.9123      19            23            8             2020          1 
-167.6905      20            23            8             2020          1 
-146.4762      21            23            8             2020          1 
-160.5556      22            23            8             2020          1 
-158.2251      23            23            8             2020          1 
-55.69541      0             24            8             2020          2 
 21.43047      1             24            8             2020          2 
 121.7536      2             24            8             2020          2 
 121.1158      3             24            8             2020          2 
 156.7598      4             24            8             2020          2 
 59.00869      5             24            8             2020          2 
 72.46309      6             24            8             2020          2 
 55.28599      7             24            8             2020          2 
 192.5756      8             24            8             2020          2 
 250.5715      9             24            8             2020          2 
 358.5673      10            24            8             2020          2 
 358.2604      11            24            8             2020          2 
 345.1705      12            24            8             2020          2 
 255.5092      13            24            8             2020          2 
 246.8321      14            24            8             2020          2 
 141.4864      15            24            8             2020          2 
 155.0483      16            24            8             2020          2 
 42.53314      17            24            8             2020          2 
 8.493134      18            24            8             2020          2 
-56.40035      19            24            8             2020          2 
-65.57656      20            24            8             2020          2 
-97.33408      21            24            8             2020          2 
-25.60293      22            24            8             2020          2 
 41.84776      23            24            8             2020          2 
 56.68379      0             25            8             2020          3 
 140.9752      1             25            8             2020          3 
 135.7261      2             25            8             2020          3 
 127.8921      3             25            8             2020          3 
 59.08877      4             25            8             2020          3 
 66.3206       5             25            8             2020          3 
-77.03642      6             25            8             2020          3 
-95.41592      7             25            8             2020          3 
-184.9952      8             25            8             2020          3 
-247.2827      9             25            8             2020          3 
-297.9141      10            25            8             2020          3 
-259.4743      11            25            8             2020          3 
-253.1243      12            25            8             2020          3 
-163.8319      13            25            8             2020          3 
-95.31416      14            25            8             2020          3 
-41.91196      15            25            8             2020          3 
-23.93784      16            25            8             2020          3 
-21.21423      17            25            8             2020          3 
-58.48333      18            25            8             2020          3 
-92.8968       19            25            8             2020          3 
-106.9138      20            25            8             2020          3 
-134.9712      21            25            8             2020          3 
-88.33096      22            25            8             2020          3 
-66.7874       23            25            8             2020          3 
-18.82803      0             26            8             2020          4 
 5.964063      1             26            8             2020          4 
 33.66543      2             26            8             2020          4 
 10.89522      3             26            8             2020          4 
-10.90518      4             26            8             2020          4 
-43.77842      5             26            8             2020          4 
-117.3424      6             26            8             2020          4 
 53.87954      7             26            8             2020          4 
 99.25777      8             26            8             2020          4 
 336.7034      9             26            8             2020          4 
 456.7894      10            26            8             2020          4 
 555.9902      11            26            8             2020          4 
 450.5654      12            26            8             2020          4 
 456.1835      13            26            8             2020          4 
 164.1586      14            26            8             2020          4 
 75.88567      15            26            8             2020          4 
-112.4718      16            26            8             2020          4 
-226.8044      17            26            8             2020          4 
-325.6656      18            26            8             2020          4 
-297.7007      19            26            8             2020          4 
-333.4841      20            26            8             2020          4 
-243.2397      21            26            8             2020          4 
-174.7944      22            26            8             2020          4 
-167.312       23            26            8             2020          4 
-127.7522      0             27            8             2020          5 
-127.3392      1             27            8             2020          5 
-152.4815      2             27            8             2020          5 
-174.5037      3             27            8             2020          5 
-187.231       4             27            8             2020          5 
-191.3772      5             27            8             2020          5 
-71.43262      6             27            8             2020          5 
 237.3455      7             27            8             2020          5 
 322.7522      8             27            8             2020          5 
 632.3113      9             27            8             2020          5 
 606.4156      10            27            8             2020          5 
 518.3196      11            27            8             2020          5 
 246.8721      12            27            8             2020          5 
 179.1371      13            27            8             2020          5 
-119.5054      14            27            8             2020          5 
-88.31853      15            27            8             2020          5 
-124.132       16            27            8             2020          5 
-147.4316      17            27            8             2020          5 
-195.1129      18            27            8             2020          5 
-209.8645      19            27            8             2020          5 
-262.8094      20            27            8             2020          5 
-275.6766      21            27            8             2020          5 
-298.5483      22            27            8             2020          5 
-288.3434      23            27            8             2020          5 
-329.9091      0             28            8             2020          6 
-284.0349      1             28            8             2020          6 
-293.2209      2             28            8             2020          6 
-257.4486      3             28            8             2020          6 
-229.6412      4             28            8             2020          6 
-147.9584      5             28            8             2020          6 
-156.7436      6             28            8             2020          6 
-31.13394      7             28            8             2020          6 
-72.74917      8             28            8             2020          6 
-37.448        9             28            8             2020          6 
-75.25224      10            28            8             2020          6 
-95.87627      11            28            8             2020          6 
-211.0968      12            28            8             2020          6 
-175.6091      13            28            8             2020          6 
-263.001       14            28            8             2020          6 
-244.7199      15            28            8             2020          6 
-224.7475      16            28            8             2020          6 
-194.881       17            28            8             2020          6 
-180.8749      18            28            8             2020          6 
-203.5081      19            28            8             2020          6 
-228.0823      20            28            8             2020          6 
-318.2191      21            28            8             2020          6 
-362.6812      22            28            8             2020          6 
-402.1169      23            28            8             2020          6 
-355.3817      0             29            8             2020          7 
-356.2577      1             29            8             2020          7 
-250.4027      2             29            8             2020          7 
-219.1056      3             29            8             2020          7 
-156.4613      4             29            8             2020          7 
-140.4831      5             29            8             2020          7 
-132.3751      6             29            8             2020          7 
-163.5037      7             29            8             2020          7 
-158.64        8             29            8             2020          7 
-195.824       9             29            8             2020          7 
-174.2939      10            29            8             2020          7 
-171.988       11            29            8             2020          7 
-144.6452      12            29            8             2020          7 
-142.4619      13            29            8             2020          7 
-117.8218      14            29            8             2020          7 
-94.8623       15            29            8             2020          7 
-105.4911      16            29            8             2020          7 
-43.34805      17            29            8             2020          7 
 12.46807      18            29            8             2020          7 
 84.84599      19            29            8             2020          7 
 172.7436      20            29            8             2020          7 
 344.0678      21            29            8             2020          7 
 365.33        22            29            8             2020          7 
 414.4385      23            29            8             2020          7 
 457.91        0             30            8             2020          1 
 357.1218      1             30            8             2020          1 
 303.3155      2             30            8             2020          1 
 260.8736      3             30            8             2020          1 
 197.1594      4             30            8             2020          1 
 103.1642      5             30            8             2020          1 
 141.4731      6             30            8             2020          1 
 32.33037      7             30            8             2020          1 
 27.43862      8             30            8             2020          1 
-29.56377      9             30            8             2020          1 
-36.90063      10            30            8             2020          1 
-96.28423      11            30            8             2020          1 
-57.39458      12            30            8             2020          1 
-14.89248      13            30            8             2020          1 
 223.3734      14            30            8             2020          1 
 337.2857      15            30            8             2020          1 
 621.534       16            30            8             2020          1 
 777.0483      17            30            8             2020          1 
 728.8105      18            30            8             2020          1 
 628.5928      19            30            8             2020          1 
 459.6361      20            30            8             2020          1 
 122.9772      21            30            8             2020          1 
-60.73464      22            30            8             2020          1 
-158.7658      23            30            8             2020          1 
-289.8546      0             31            8             2020          2 
-286.3872      1             31            8             2020          2 
-249.3891      2             31            8             2020          2 
-252.2379      3             31            8             2020          2 
-220.4478      4             31            8             2020          2 
-202.3829      5             31            8             2020          2 
-160.7809      6             31            8             2020          2 
 117.1267      7             31            8             2020          2 
 115.0224      8             31            8             2020          2 
 421.5373      9             31            8             2020          2 
 256.6361      10            31            8             2020          2 
 245.6053      11            31            8             2020          2 
-151.5686      12            31            8             2020          2 
-133.2788      13            31            8             2020          2 
-415.9382      14            31            8             2020          2 
-238.591       15            31            8             2020          2 
-180.038       16            31            8             2020          2 
-58.88828      17            31            8             2020          2 
-24.49228      18            31            8             2020          2 
-20.42734      19            31            8             2020          2 
-59.70049      20            31            8             2020          2 
-106.7721      21            31            8             2020          2 
-129.4748      22            31            8             2020          2 
-139.0767      23            31            8             2020          2 
