 18197.2492    1             12            2020          3 
   8.79402693509165E-03    9.06859584772605E-03    1.05994539631499E-02    1.16536845822503E-02    1.59641542210101E-02    1.46522249081626E-02    1.90595337456322E-02    1.55204001309817E-02    1.68770075591803E-02    1.30434496756139E-02    1.89331316244568E-02    1.82322934771166E-02    3.41937191483847E-02    4.40579513802456E-02    .051495089143834    .058945945123089    6.85744286447907E-02    7.21293650401533E-02    8.99012832493111E-02    .101829181210978    9.89664948232945E-02    .091499324565066    7.24136909917544E-02    4.35955737223717E-02 
 3966.9958399                2             12            2020          4 
   .1197533143901596154532433191    .0746656946349272121907475258    .0338396876169610424299552843    .0331058073414341116965082099    .0346867517772513406965723297    .0392903361360542877739961101    .0340853142924920565153023215    .0699354401155594718273150363    .0612873846638893219677258175    .0717401558977117595338267801    .053706055816123720861177503    .0648493495789713091702907183    .031878001667677019839468171    .0225116722084213648232215279    .0010982093694632714656303565   -.0001818963591396631350926666   -.0142938163508206203803536285    .0195842227054007755830013872    .0315030579924052317128823919    .0461542455271683432248612679    .0520814007219145811033145571    .0482195363241978982343525195    .0295929980110489099482153455    .0409070759207276374638378153 
 5430.596996   3             12            2020          5 
   .0150422283333064326690464659    .0151050777769774319670396695    .008669752153341337722789106   -.0008762561470691020873536387   -.0079765963174778731085940445    .0112842602839314059090972178    .0172939734009310382640663914    .0421311690351032632582408625    .0559126740989343706402330135    .0661380323865961936682808123    .0661400211182232974519915932    .0623430720875388632870668645    .0627740744251684110790533056    .0675762904649903430248942008    .0659627109623216091802220707    .0709739647931702277249961488    .0684338757366336524228431257    .0578315791489087326118352974    .052691260318297424992719898    .0532068205784423484772980565    .0428264148805933600895764205    .043858382453242899411053996    .036208081753227559882073783    .0264491362746667714615293836 
 5614.02417    4             12            2020          6 
   .0185112134991039769606121949    .0117706760781544693634619674    .00777351836730692237115894    .0046693885181474022759684699    .0134764346766251987832107962    .0182677339631047580616312167    .0266792046960496074957226271    .0368027093834189887358465006    .0522106230974776868479353198    .0429112331377796686614550147    .0601718998299218223707789986    .0602386612097539295061495968    .0654471710263406293813658447    .073459836921222232643148738    .0762604483051237023797850874    .0708879384821031149924671593    .0613978297140106541436568129    .06502072113451552881362105    .0479985464686732903752354169    .0558501692378713075615419019    .0419949563558790307096237528    .0457457061500324819584807737    .0199753504089384780828259241    .0224780293384451175243158955 
 3575.891608   5             12            2020          7 
   .0044667880772072887730550025    .0003120670653169306019971509   -.0081376935293280287817941041    .0014428765090242075368857209   -.0104743331470689253621246788    .0044863692076429403897076961    .0137041318283716836866717466    .0223238981353374400156035155    .0368819065166697860378770183    .0621503458054481387401158609    .0641262166579630844336263785    .0771100833658154886667918263    .1008255952706718620426371716    .0988032185342459071539061035    .1077787702339102891510239535    .1135335867260996687347017594    .1021801385653186163354199745    .0542308384197533540004325545    .0544310402375037537770915566    .0101411407210640485386882566    .0129871302295916795026075634    .0072904251185009632428433496    .0380688552459054290216058473    .0313366042050343937606287757 
 3671.22161    6             12            2020          1 
   .0460579932138719351240689608    .0412590456504749109929106132    .032968726178314253276581688    .0327919730239330335604556435    .0273606746393062335455145678    .0372243668504664309818115284    .0175432803687380778955482341    .0330579063027470030609239086    .0115151860854294764297816388    .0230368904371316336852789445    .0227486757466542587713739242    .0334043849780019136463952118    .0253298274739671735588852126    .02629565040068501884853527    .0264410216303994789352964176    .0074180757505401587565834796    .0230337933753881994609418307    .0274780470144377909128727318    .0569093675606251402513399348    .0774736396259118773273945726    .1016710347812536437973299029    .1083815803753672064487548056    .0917721499247766739965338132    .0688267086115784767348871647 
 3571.06535    7             12            2020          2 
   .0289507443486017414943134547    .0185232006465521556473336451   -.0141053677441103115069008748   -.0072392822494833369543349298   -.0016692049614829927433279819    .00370072477111067149751264    .0059600393479217623390734084    .0372961530933619010920648652    .0249079031835695753929566145    .04027831638533302113891587    .0495716775387490458554615922    .0421572794796376381070707653    .0550973675124707533005521728    .0851833193139408664139960362    .0835212942826711362198958358    .0972884464295787810211874168    .0979192385824023074794752776    .0762374455006823103923315209    .0600430064938464371703530993    .0606792311991714181315668166    .0411055205136472789555643388    .0486045151764024704840531692    .0340667246540307642367844094    .0319217065013946048341008377 
 3849.57677    8             12            2020          3 
   .0089890037444298065005208352   -.0084024821253272473378937186   -.0194316711860249509974053589   -.0168466935132715901130087087   -.016150035111522142731550201    .0059837149318624966660945432    .0280097804102241608237884291    .0383192254144862787085033246    .0431078817009798196594998676    .0494493060856661393454948555    .0467577894283687710428489519    .041245053543899060882996756    .0563858868049019321155140907    .0696506436992033282661356043    .0874613288982414552548331177    .0948988997561931983499578319    .1122600030652200761280051054    .1060316040924155930003702719    .0881131927653439159754696878    .0713123328619836824295882272    .0509760193716048426798876387    .0283299974298213566994275062    .0154694615948651414996979006    .0180797563364348751512234422 
 2534.14488    9             12            2020          4 
   .0302597418976297835031436719    .0294936057483816789512050313    .049800428142845566114594048    .0594565058963795313865401413    .0433622800603255169846484862    .0394768668474866362021101177    .0421709906341266486705369426    .0403767759324005184739082479    .0084058177447218408443956054    .0399485052330551834905350794    .0329483332460455062853391397    .0146205689707843381077722754    .0423970234882545468355384638    .0499514850153318779469309584    .0353579034518342139933214868    .0594405636350199519768577714    .0685597344379142205949961314    .0621955758109615263986011723    .0681209671011390635250499174    .0646518284305828639126583797    .0440409705383537503191214545    .0408550043121449315084147833    .012379880190591155151318736    .0217286432336891488224619581 
 5786.22243    10            12            2020          5 
   .0101670149586696756142504532    .0084317515598860239460237964    .013823751327858994871028489    .0163488530115148027588009609    .0157361268256671563868656878    .0368554618457693822185124674    .0377322687887060712251257164    .063502536317118386338977985    .065721064926292506871361321    .0764836826364450700869444454    .0675895551426286942792138739    .0619858818666257183618155516    .0486518974003562458970316494    .045667273112416454408580349    .047088355709823619760154986    .0440358287436247071476649058    .0609182423013074525031696716    .0492968605080050474312650992    .0557244910476073765453223339    .0492949940052684770364073266    .043859686189077249144049929    .0326727847550098415418157369    .0310626496257939396221931966    .0173489873945271060034240682 
 4524.008248   11            12            2020          6 
   .0113261177237358564603571872    .0040845460456817451850056839    .0024255150296976204805539957    .0111151786741835312409890195    .0278254134606520284133664117    .0337321003045173935323912787    .0412846506375334972643047224    .0521757448396234665750768543    .0357107218076849094197318979    .0406052973226144303881914585    .0469313025885535476592261067    .0449394627186807021046792751    .0701931744135051806828624509    .1059901029605726748887218209    .1006737333428486711282406132    .1230468578933501537683315028    .1186563707608872599915737377    .0707161177571752296239403319    .0585540046522037198549333856    .0279817571190245982062586195    .0006250183123008311544528378   -.0049338990506632692593623229   -.0023469187981020674743915719   -.0213123705162617112894352972 
 3670.08979    12            12            2020          7 
  -.020564624932514253282070246   -.0204001575667171892271333231   -.025180871664722949462225555    .0194397587204535396394211925    .0195041903865790705899868461    .0659399126036096244936830278    .0567920982663478650204904115    .062699501420100133299463499    .0331063017398274607335969292    .0331101708549751857705911876    .0111262073509106162767750704    .02998468873972699180201801    .0401445219137268028529623522    .0541034447007357822708746317    .0760910811394617132786824815    .080021720667493532903455204    .0766750178065806940380060838    .0825891782881965947759550591    .081537460150259702501719992    .0670291775068533132536792785    .0656940058134109029523225915    .0555959967399053743587019979    .0360625236910075706894353666    .0188986956637919204696079111 
 3877.241299   13            12            2020          1 
   .0185238483915158564909323174   -.0017700448516758667694156324   -.0066148475222872632462383147   -.003046271585688069397612181   -.0072907559318762946045881371   -.0117851318698645688804213885    .0165335312033670773091597568    .0125540032838693849887210747    .0432446647164427616915260759    .0674595620518794025153604452    .0976074664472411006370021646    .1069898332370982000106875474    .1365740378698055336070534309    .1066214527598840579666486215    .1009915735966682222219876339    .0593903196221989896842889272    .0537149184018324880635704794    .0297732307839012317298645384    .0559569506432207225903687559    .0333350416011856269046720479    .0548250633910314179803643941    .0272086238293212815589582422    .0159992131560135844926684301   -.0067962832250848775455592298 
 2620.92987    14            12            2020          2 
  -.0190322643009139347936845025   -.0440917940318639658984847237   -.0478693846165368781881981451   -.0596054865062070508586328561   -.0546981823668559281214189833   -.0449524427755863608819109685   -.0269931564403132999510589728    .0121543007940155224374622431    .0458329699603904319652780332    .0534212691467398935019959157    .1003963146865886953320120694    .1003326731516093561099366615    .10190967070782401362002105    .1072665099581622914618467071    .1119557235615770215171762684    .0747908222359265187053631466    .0829569697719534937422801015    .0546855914156909509371954313    .0781756896074445517307946893    .0670989720148444872353642946    .0948937637923139088036720342    .0860717421637840313522009652    .0813373537537652619449905388    .0439623743156469882957990021 
 2612.69321    15            12            2020          3 
   .0395066667624554357838285958    .0139998603203779903420042187    .0329023972929450832843860761    .0420189020202643692712777403    .0723409083303737754958225654    .0438465180533002571702630176    .059724616500228130496806397    .0081540036612258811665071078    .0221932601110866744281851599    .0070122469526378108511255326    .0363851100604345352893537776    .0316450127720889204592069193    .0519763282884636883945513067    .0360121041536292736030802484    .0179595713038194790577803813    .035309235560802793221941278    .0241109364692688124680356175    .058772151055576862007460876    .0629574109085697053577905536    .0897121403702809791433568276    .0732385261566933072865451355    .0710799106796009930304829016    .0381207596891944309067959801    .0310214225266808114834117856 
 3744.063313   16            12            2020          4 
   .0038964672283574708876724596    .004497928745362538691663412    .0014248858937498421517745312   -.0161375529602322192354443233   -.0127780691725711744127228652   -.0085117310621718110887084777   -.0141919715447931582560820867    .0084149618652562566855289714    .0212407118554514678956231636    .0324919986202167089261505766    .0459102546164662039730843622    .0555661276553845498498919214    .0629015538231631394423484206    .0859903727808568711562276938    .0930571336201119417341434258    .0936027440516735727540299744    .0881739095740553252764932611    .0576334805158782313572484184    .0533670195443086514920801501    .05214487140805463190093228    .0668208518620208493253116097    .0789883010186158142032466212    .0852462881414954320244957888    .0602494619192888632650107111 
 2113.28232    17            12            2020          5 
   .0337305760453246019679945082   -.0460662208161567357455581231   -.0972343345019798395890616262   -.0960027432586479973958235736   -.0779486481484404790742772125    .0081304470478889919450043002    .0387006029558795532818350555    .0931658293530795260710835834    .0867594917464695393845910754    .1075946634522546897567382289    .052355475154876609198150108    .067719300277872953576784762    .0602790733611020793473538358    .0967732034970131203293273187    .1093943283451119772771297306    .1316374520182424088041393352    .1163341488609056266556945406    .0778348441395184719096121525    .0270634592731557040613485093    .0215048645275185002257530835    .0143662821160591548411761662    .0206313182045643574967304889    .0606500602342615538467193536    .0926265261141256318275543989 
 6349.465      18            12            2020          6 
   2.76233355250575E-02    3.52200698915922E-02    4.15193854930716E-02    3.81600806999893E-02    4.35162972469063E-02    3.72027092699998E-02    .030706240712185    2.75555351330843E-02    .022258253715815    3.10648861131595E-02    3.56703430296084E-02    4.78852926963507E-02    5.56292543415813E-02    6.17374369059785E-02    5.27112588945732E-02    5.70132590111062E-02    3.63364152530961E-02    3.35999017470739E-02    2.75217202493266E-02    3.76955688308053E-02    .034013101314503    .059031164782744    5.66865876722734E-02    6.96419008933602E-02 
 8576.7773     19            12            2020          7 
   .042772159892628    .047677522725104    3.35813197262825E-02    .027244242531903    2.25055636596197E-02    .016752703151283    1.59480173017244E-02    2.37978318048763E-02    .029154318208133    3.64379986134459E-02    4.57828965958989E-02    4.58640903346281E-02    4.74572296906941E-02    5.09338972632129E-02    .04492889103853    5.91594716497292E-02    .062316484464975    6.92618991374935E-02    .074389376784222    6.32884467089914E-02    4.89605111792872E-02    4.16359883913106E-02    2.87581326857321E-02    .021391006224033 
 4934.97726    20            12            2020          1 
   .0562893779170119215503740741    .0385882021267915629665940953    .0378997288429248000222801432    .0334355340068983418172832675    .0204291316227868494778028623    .0125321550113890494401183928    .0199416481201779641027160478    .0156858027751074176175636522    .0209688706853332086073280103    .0371892493786283424535982563    .0380861329440046903073267657    .0451841190449578687622969918    .0632871811855116835938571275    .0557795072798369895629468412    .0598249767821625180092521845    .0574422707674239617468875632    .0551502439952479132598880506    .036556966829873497735225633    .0570510227639833136738709106    .0422570538855937909630813577    .0509638619895079313901438322    .0481926840732798027117960823    .056891143607822825104567959    .040373134363743755123199899 
 5109.15883    21            12            2020          2 
   .0477493474204637321873980575    .0233869613327327308789106484    .0188684308332610595313984396   -.0083295962047826960979406467   -.012152129551235736392246784   -.0272291202189930744431368559    .004209640121914158616987055    .0113659531700250547896942167    .0471204767771919120392661584    .0741484484247282639283304489    .0794768402218570292519169932    .0838438800306390161685382562    .0963907203487741249179368338    .0890663052649705939950197242    .0850505953051375386581982616    .0884691619579186188658769882    .0794508868302299382616766291    .0562780311920739406725392407    .0599716529070989950022751593    .0381694729971821995598441789    .0276910945044940010212992341    .0197833152898869656005585561    .0110695051537475886221372374    .0061501258906840443635219694 
 6377.06189    22            12            2020          3 
   .0079622372929487124673334478    .0133766319774575686296185531    .0192066820289241382915291104    .0224534593626156574748249777    .0244416320068049394452403535    .0189516429485366026453916068    .0289533962794894562329549541    .023224833403647584797079647    .0410257740183230368491844761    .0463526001627059636393147817    .0548627261323317657185227663    .0501530650818256367902366398    .0636922468381438273919590264    .0483217671892470844437735259    .0529929622495791710122480872    .0491585161642519357766496445    .0545088013878441440059475415    .0408270931803674246605124292    .0520357816379919122911319275    .041831693748859006290748105    .0618599453485937549839272455    .0600694499453885651406152497    .0650946951998297134293611192    .058642366414292397591894784 
 3227.08485    23            12            2020          4 
   .0727925080742763860082575765    .0471880991911322071373487437    .0472983534969649155645845507    .0530884708531912323284589186    .0590861749420688458191609062    .0954767272388267076398688432    .0707239848372750409708006283    .0718716770028528998857901118    .04728437803548921250087366    .0435782777759934015989694228    .0450395656624894756021057209    .0572797458362459852891689538    .0679462766527505466737262889    .0725461247168632705768489477    .0852763136984142204999660917    .0618643789301046732626196674    .0576084015888209446987425819    .0217539244436042640775311501   -.004906840302014370647861955   -.0325818207104160896172283787   -.0290654520596196905079827697   -.0278503182214127403560523052   -.0199232133608138627033621381    .0366242616769125236976647825 
 2911.24258    24            12            2020          5 
   .0328330042493401563259630532    .0672135676168902421041121211    .0560728264698574173781148804   -.0055105267112436916885160425   -.0559000823627689589508545866   -.0917354678152584591559525761   -.1149044062140640990487299069   -.0994021940967901067179362291   -.0328652482130156257882158346    .0108655081570014684245240738    .056266764276304312641648708    .0672675651783026614017166512    .0938912139709086008215777058    .0882307100633297277480738139    .1027173420910874421189593895    .1232360375822752633688120899    .1257205093503407057202357902    .0899941838580830320227042021    .1004411662596663449460814083    .0910162903704163326712540732    .0708804898010251004229266254    .0823375563571208827263030757    .0811529762662374909341975893    .060180213494953759572999925 
 432.79199     25            12            2020          6 
   .0926389603467476373580758738    .0808000859720162565855250694   -.2510594061595271206382539566   -.1156115204442670022612941612   -.2973712614228373311622518707   -.1695176243904144344261084869   -.5519187173496441096333598965   -.5409129683754082417283184931   -.7128017780550883115928277693   -.4109070965014856213027417629   -.2535684636862156344436966128    .2602402599918727701037165683    .5268554069126833886181673556    .6045992209791128528048774655    .6683628779728571224250245482    .5687679201271724090827096869    .495312771384701459008056041    .4097689053810815676140401767    .2655596745217026775380015698    .1242779007994117451203290523   -.0233923460552031011479671793   -.04621270832669523296861386    .0926654857914537651216696501    .1834244205859724899252409916 
 4234.7089114                26            12            2020          7 
   .0303073487895463661738759483    .0354650350572381965493506671    .0355011414350788049776223398    .0143194187059135580140078669    .0139211103368402352662354945    .0000787991351900693478206281    .007184073483327640842104848    .007304324960029884334117823    .0249272387331817491496825342    .0163830481507792072983144218    .0211479400057258915564951433    .0056486550788899166364552119    .0178071649262593515791943555    .0195246029254618957751108673    .0724314720131721968066888745    .0991572759274213758653862406    .1530100683557458272384431358    .1125321031434141846597952211    .1185012973734948369041751274    .0358728080674093059930362419    .0346546605848012054224710129    .0142899219913545626001725848    .0605123528821920149323631265    .0495181379375317220770802849 
 2361.280701   27            12            2020          1 
   .1539417147000177849672773826    .0804404575532081139047940747    .016972467518591725448570462   -.0235403185976405437110291277   -.0390147600668506882443706552   -.0353525694614144902546255978    .0171150850396079191094866785    .0376661402273494463291257806    .0671691001975457216088092696    .0561382642664473290844043535    .0800183561064898569210810655    .0490634594823633380468644249    .0554095495485100312095423339    .0482905738194147888392029    .0605256291382360304989423619    .0502173671896706871022700998    .048146795911156688863311893    .0651906822999947942233234726    .0487208911466049372501096811    .0626175447660172105899916047    .0465345352432963453928639889    .040125826615986050868079322   -.0022680357306659747269073199    .0158712430860628966788815507 
 7865.56781    28            12            2020          2 
  -.0044190083716282906217802984    .0030659986135190410366572124    .0029588391534062688349005537    .0074283537325450888204852944    .0021736345567148571820652831    .0109355054940401054148435344    .016365137661943314935326964    .0333068643393972596111913756    .048323059336767703741912054    .0621400910661019398165992037    .0637060937117520063691371316    .0637051274750881589564479262    .062496517972298811063202823    .0591493597459685494720819145    .0603070129783802601277173402    .0617440103157663833045004287    .0676054943323920056573766923    .0675560764124923360110221973    .0642285734740871809990790735    .0709892678428259586767201235    .0544106554463739344458083059    .0509667845581767351135454771    .0368531944548832260337477149    .0340033556967071649974116745 
 6914.85992    29            12            2020          3 
   .0173734105086542374961082364    .0366890874052586736999294123    .0098833238548091947464931437    .0230380227283042343972746739    .0056646006503628492882036575    .0146990830148298940522861669    .0260954382428039120711500979    .0502172428678786597892499318    .0610274401625188670488642379    .0800813330141906909373805507    .0778627342027197566136668753    .0640774224100262033941535001    .0458450067922706379278323833    .0418663434038154745439875809    .0226886302564463229213181227    .0246691042152015134386120724    .029483185828585808864801993    .0366665996033655010035257518    .0288377642218383507037117246    .0587035752996135892800558713    .0520587986112088876559628123    .0619270679311172510346384573    .0665707194832082730028752339    .063974065290971216087917512 
 6647.258833   30            12            2020          4 
   .0583714294490448947439083421    .0581784927766178952400062199    .0262763350108891419483559623    .0267166067189007261574163529    .0143376619437259093714005826    .0114561734262469631743313823    .0185442004135661735258925489    .0442361291153892999009084923    .0366043065439332502068676404    .055550883345601174666941091    .0572006611375471318283778344    .0543926013840538530448405062    .0513510468864873220741636194    .0667704705278775173579885181    .0560481860809165214584024909    .0547664697804012831946241742    .0756595481889820371915702714    .0555798877825944889003542131    .0621541766884286450953067619    .0515989385424913842827639445    .035969007075972845602595779    .0097190769342801067364424682    .0183581086679192352129670712    .0001596015781321990835737327 
 7384.83834    31            12            2020          5 
   .0059555183167354209137636993    .0137963480457176805308374564    .0108589783970816076117381874    .0141812582995554104438256397    .0173364390803983394983836572    .023603698818409070278984604    .021094205834707547572395471    .0259948818324437417542710894    .019412571189743877318240659    .0189617285515284549884947109    .0251035556182533848127540731    .032714406040742118669045909    .0370308986344039590716348708    .0671128841528574341141230723    .0676508647852134296009518334    .079188585189801189337883326    .0753680140816731812168551817    .0708252606109181260696358046    .0469678392445351755662128685    .0617022037614434766354005252    .051412770668721232968791027    .0670133288252861063983697171    .074335682749691714984785977    .07237807727013831964262064 
