 8941.9664     1             11            2020          1 
   .024115233061015    2.86462504034627E-02    2.66857070635886E-02    3.75624096977061E-02    3.84115844649394E-02    4.40726540200654E-02    4.79931024971127E-02    5.19959473795716E-02    4.12804728358428E-02    4.14242902787474E-02    3.86581423041706E-02    3.53176118986291E-02    4.01629901448117E-02    4.84705361359419E-02    4.71883664323962E-02    5.38746489019427E-02    5.24449758789301E-02    5.16326701158662E-02    4.98457571584433E-02    5.16054628862782E-02    4.30089612369039E-02    4.08737738985238E-02    3.34737794511074E-02    3.12546804025067E-02 
 8470.2251     2             11            2020          2 
   2.82760960002455E-02    2.89119940888538E-02    2.63684251534273E-02    .029196580056014    3.16620754277073E-02    .042640246402845    4.57008871886784E-02    5.76130513834887E-02    5.66629098580107E-02    6.00096336259669E-02    5.59873435750877E-02    6.06941027343351E-02    5.34933490737823E-02    6.41078949343684E-02    5.76501903250869E-02    5.87907391832756E-02    5.72033448697286E-02    4.35427032278911E-02    3.76289392754745E-02    2.46193568268481E-02    1.87148866171413E-02    1.50856557692291E-02    2.44582520758233E-02    .020981343851448 
 5950.00708    3             11            2020          3 
   .0423687395007267789671268761    .03840519799852070091990546    .0281112774743118456927953773    .0403700864167711208841116203    .04245966376228244756979348    .0572220999777364970799328864    .0758335400165607870167441885    .0871195097804824796947972707    .0834611611924334046338647382    .0852070078545183848756025346    .0781315036687317689712732241    .0630586812679893483420863425    .06161407794492910082385986    .0434519819092383332088404843    .0243555340441712550029436267    .0115263543518338132801011726    .0020571051152429889209476369   -.0019779304195382570872503903    .0087220232349706716651503547    .0214797055333924073246648977    .026154943667730896212647868    .0338651697873273791129673748    .027030808171744225890904318    .0199717577478916209961887978 
 138359.03837                4             11            2020          4 
   .000830977877227927715323279    .000855590653090775742141348    .0010471061501061515364158858    .001194589829093794098476575    .0014871793156710416937252381    .0013459829021215536798906128    .0016681208739164208170551482    .0014349398661551278603324973    .0042868496846144999699451149    .029504433162388421130221245    .0576057198279008246911683129    .1080372498688970181225754352    .1519894200461549507371008768    .174581005220671078013361882    .1682004318197546316178548907    .1401780485647357712262191693    .0897611760410502772129089061    .0460804228990826282511405402    .0193882093400097400517947818    .0010201234531751682338611501   -.0001317465068762171680884313   -.0002012271863696099205549863   -.0006324683304460870690279574    .0004678646278741117561584857 
 3918.80123    5             11            2020          5 
  -.0124241795238999657045631784    .0208871119497938914344987077    .0064379151988783059558241488    .0031165372477950355241671699    .0065429013861976357499510124    .0284097083433854081953526385    .0404333597700743806288945153    .0615669399491333731157372327    .0816967182589151121604603559    .0740491244563583032252952518    .0708742249731303672169154647    .0627673325498063090074104116    .051804566775641233530999989    .0401237497825323485468029212    .0485408646255834721170586139    .0563421278705682145557558682    .0587407695592664698637955669    .0717266540206735619504743291    .0751566825449832779602347935    .0656598752777261938340261264    .045206426558154367017997491    .0333379756543559112846353782    .0121682900461884360488475196   -.0031656772752416432205723279 
 5378.84587    6             11            2020          6 
   .0008507812104309283731158484    .0009350141501637785356359356   -.0057149787785237281766543721   -.0004698944831449502009991597   -.0055661475944095048033045795   -.0015954608492992568310941395    .0098502023074329140425806624    .0241786441075323097146116961    .0387241064410719022889570175    .0585997270823452689861143019    .0632686282940470276014806128    .0683795574160967731912347955    .0675509224063339818287078005    .0586150463538008015091163042    .0626548720943364751963045188    .0590909105190627074056687927    .0605577865349765078879272664    .0631795013676419027043063422    .0771668328172415172773857526    .0670471898091402273253834656    .0790469201527799122453754192    .0605542913613919931860772951    .0594218551200092297866865629    .0336736921595412809253818608 
 5531.036356   7             11            2020          7 
   .0345983623471232160528579248    .0263963913094915118652313556    .036550943980090518862610058    .0440325798502127943705745549    .0540073108859528892237858217    .0470305713535613577876109697    .0494202320155568328359763904    .0156604213794468141080503142    .0160249841612142171209405806   -.0008227365916811558199058057    .0011092590258142935265855266    .0056547196559414551785311028    .0473619739844646213712213755    .0452062477818939868852310252    .0738088079202638312941872118    .0814567055794633796834872947    .0835320128566517055813762219    .069451197800081862271526895    .0712030213963034019152992167    .0532384133907508164641686185    .0522524679640706379041562749    .0372490771601068101892621152    .0317827778892292639994355517    .0237942569039949373277994053 
 5390.42667    8             11            2020          1 
   .0096864169010205642960726892    .0090990032891032724131279204    .0214215324813981747385499634    .0272193481114547839679637085    .0391937620032590110348352072    .0578954726787888944605566817    .0639281862264903048945474292    .0565767273483751890089249651    .075383735811028109209024821    .0719040854701024993259021553    .067369082677828172737205606    .0717612581862652441944822895    .0559521200202135390518168388    .0372566982717158454545862508    .0350793010602257204994127116    .0424838911684888944050879742    .0390075244266331889456906386    .0573080609220123200377383114    .0548976394850020286056502462    .0444395248586138358505858313    .0317902664280191386037350546    .0217272040174140797652294192    .0034988974258692586945070157    .0051202607306779298047662709 
 5029.654493   9             11            2020          2 
  -.0003118418973277176953792798    .0150418045822615911442488024    .010603867536870986418271256    .0350486301286381422223866462    .0285123561070818070604198856    .0558164582459322420101670391    .0462214254127296373715346574    .066726253357379472785189581    .0737262968094695326818744168    .0757757218772044984681217148    .0506742362432090819960821512    .0571031669073337280625013301    .0165388239124122277955445239    .0107047730763481689516520832    .0258850981078711642628928388    .0368858139775208610934699446    .0405757692270970868057994058    .0724824141513849309251151379    .0614284938319320853596453986    .0552727032019612723724321236    .0513400473848413110073244946    .0457661853951127851357960067    .0374767492006334121766085295    .030704753222101691588301312 
-242.83152     10            11            2020          3 
  -.4483260657430303940773421836   -.1677689947334678792934294527    .0515071931353886843025979494    .0460987931056067186006165921   -.109923827022126287394651238   -.3698009220549292777148534918   -.6866942149849409994221507982   -.8275820206536614357147704713   -.3923950646934137709964505432   -.1862416378236235559535269556    .4929331249913520287646348382    .643179270961199765170518226    .842730795409096809178643695    .6215638727624815757031871316    .4570246893813455518459877037    .2962330425638319111126924544    .1501211621950890065671869945    .208672498529021273679792475    .230314952523461534153391619    .3575809680720196455550745636    .1828301367137182191175181871    .1104090193892456794735708116   -.0713859963484147362747636715   -.4310807756752500663834744353 
 5245.45497    11            11            2020          4 
   .0194797211270312363390663136    .0237031107332144345907901293    .0159893813748628939235751365    .0184215650601610254601041785    .0274347984727814754265252991    .0370621425809323075744562154    .0688697743219784040963752664    .0742559038687162726706240317    .0845481283389989715229601904    .0665759790136945928257582583    .0664986168015850872893872159    .0393301631945951105934286573    .0357457267429368476687161419    .0330332451600475754346243106    .0286145436112665742701056873    .026407871346191348583819794    .0277194830251302300284545194    .0383609241049304060654246737    .0306720772402322233642203967    .0487193773393502222744274173    .0484610965976894088178589397    .0454681245695642679399457317    .0490749994942764707405352104    .0455532458798326124988162848 
 5987.36516    12            11            2020          5 
   .0312453466592974596525193396    .023919937430373797344940959    .0150212551926597374929442252    .0052970194989744036256509199    .0147308419718966998832588323    .0232736598280235842505386794    .0343580180100456742478021835    .0495194784478453290128040228    .0501406698902593741250951195    .0501743073909993490358620452    .0477279391457727625886108473    .0587819166853688275795759215    .0471735717552259665418502719    .0684554038457878189610870502    .0608346226205451614713273977    .0669196364833041183678197439    .0563729104506463741389710061    .0583629510914948103816671172    .0436727831044799679463679145    .0476769484358625622894194748    .0423527700789173179475828062    .0390725792979695262147665635    .0395793965571326536562871004    .0253360361271167232432504584 
 5328.12818    13            11            2020          6 
   .0223136148349944539059493873    .0087539898486451202455868845   -.0031919333442162046484399705   -.0060439480643275365045741073    .0069644946116893156275380747    .0102347087302993525204568183    .0279997956055178837683293122    .0500198551904958112325293195    .0531590814693951300548478922    .0598469836361932268679016652    .0640259746904212052946519016    .0579765331396362915578356075    .067000978193433777338292188    .0729669382691164911126443658    .0813599795941846128784386715    .0785857970856849768955821179    .0711992443094715487869512929    .0557898740341490808503784907    .0466262994446203431990256661    .0300629404152210166985885088    .028818206847268452914734495    .038792910571457010255335111    .0322970082900670756760960657    .0444406725965815634713202414 
 5563.1028     14            11            2020          7 
   4.34257468549563E-02    3.92531856207902E-02    3.94625286078759E-02    3.60990988782151E-02    3.22187285921023E-02    3.41833347522245E-02    3.63829158873565E-02    3.45670054286072E-02    .046311420466847    4.26563044746093E-02    4.52204468094128E-02    6.08518149878068E-02    5.45043308926057E-02    5.80809710361017E-02    6.49278139817523E-02    4.91914684813881E-02    4.17373929075394E-02    3.84826598123822E-02    2.78631914441422E-02    3.22238687039663E-02    3.84583937666719E-02    3.72736062105794E-02    3.61615646773567E-02    3.04622091910862E-02 
 1489.1103186                15            11            2020          1 
   .0241732795417350887464329199    .0288993833851471372108991845   -.0317924598390463399479125737    .0001093878660065582061167782   -.0009982954126579510762648744    .0838611474517251390967562395    .049610353965886486873746924    .0831000218414576769423240232    .05006640479806289081207096    .0218288192580388180784714092    .0108613040941156231673700794    .0067243372602602553747423881    .039536426055626957496257054    .0499634977144936426203070701    .1035677465085292304682576659    .0818171753148175384619888699    .1224650703995195591414122916    .0212567192669508911695214413    .0549817088615532477178551464    .0148528619563888367511578131    .0361060220511724281594136017    .0431913802467421838466870993    .0781873569377064687274405943    .0276303504757676319549478945 
 2619.2511     16            11            2020          2 
   .0057996425008659918096436039   -.0200740967523121399089991792   -.0436570590731068128595994481   -.032526110230515890591780223   -.0262994143631360887850729546    .0112871805227074257981603978    .0228554681145309054179646999    .0478948734621128917345877988    .0683624796416044265477257984    .0646256481480527010182414355    .0621170685009925165250479421    .0572770590799790062128827587    .0540684701821829911610994456    .0661111490990688139827449151    .0822481662792849452272827145    .0851507898574520022154424217    .0746744365211872966284141295    .0604737743548146262112861192    .0353395785535796854299307157    .0396164002756360396298010527    .047831305673595021111187087    .0691714895146937229500447666    .083099974645424411580852252    .0845517254913055109531117501 
 5633.63854    17            11            2020          3 
   .0318604572738527168624488997    .0223326539512064613218866541    .0242280897205023735867867732    .0160380790067514697171182019    .0252241067635127332823166891    .0260421393666481129973241059    .0381844696766789727336677869    .0380057574655828025487769402    .0531181398798084763173322085    .054617064587178857236374984    .0569917110798521340703551776    .0537632824416172074823955603    .0599360959356118008948440629    .0402060938755222304340455609    .0412550252114683949886497333    .032381665721848033225078015    .0403366666829143071007178959    .0303073047352448707154719231    .0554769174097562886950855033    .0548521346916232932473512935    .0564474802105425812427078433    .0548467740353111117420039519    .0528461131977416499284315106    .040701777079223119628828725 
 5233.63816    18            11            2020          4 
   .0387186874225939991235465923    .0435163824929005026973435244    .0275482170513675710435434459    .0233479266743958470373121859    .0278174561460320749419176506    .0262789088193288471436856078    .0414210140962439023488012782    .0499224424792867224126170771    .0630056358347861022168945665    .0611044726867399636966878123    .0638280656376137398081032029    .0731658147341236903546270383    .0715146688704211068347911924    .0873188183877045103171595646    .0629054760637101438437998549    .0614682922596238483556150164    .0235951734194784302780305316    .0229034939626013426958045567    .0056155143136605378160113385    .0270190822668565990431405751    .0247876708389026267723483581    .0348693957092364214953675743    .0265803434909225745938844194    .0117470463414688951289670358 
 3894.320023   19            11            2020          5 
   .0076851953160604438594182787   -.0108214989397649716472723485   -.0021684727886062588236344335   -.0235497980285016756056157329   -.0068525159315084876372010478   -.0218786205285625546547436376    .0118927334493485719368164007    .0260795207892959545815939739    .0440817392988044115859761225    .068651702587617566220751242    .0680984352682203796377625024    .0699804839844822378122261474    .0677299498865555867543554471    .0848360684403876481314026821    .0688656038579498118457533864    .091172887154374472423783134    .0833768920074188777063430362    .0678504330510692598002750222    .0707665518941353834391848078    .0548073601397498707825122157    .0477771212692141916452868773    .0455947377080776702259222624    .0436834412670969131598766915    .0423400488470846968192269698 
 2700.21748    20            11            2020          6 
   .0616368871147371433207668887    .0599729841020064798632442006    .0398815283574862273686192121    .0389073105326316160282022913    .0133645198089747941339895333    .0301729140720917042578362984    .0382265135177185802085837916    .0553445420996237680825620016    .0727425110958099567594829436    .0929191451645591154383609131    .0676985840414602456391771821    .0891950747611633119270081905    .0628135701128784634043625256    .0544659462022296070759456012    .0639053340251689652790485602    .0568390883833549585050460454    .0418958846233378209224836216    .0383726128607981605985307524    .0232080195258938920727229719   -.0069752233438619173741516554    .0097617988903619718808723511   -.0054533348180532480665224047   -.0066991492848198286606158849    .0078029381544482113344440686 
 3470.9625667                21            11            2020          7 
  -.0036118568722909413795724414   -.0001656882461128848220833796    .0001826537704792239930669835    .0227021866372120561077671849    .0161883797131876455393522813    .040082858090939722147479419    .0348919925446339732200834743    .0531460643712392474532185798    .0419864798883600129492574859    .0607977746647474381706359184    .0605690484872839928112613373    .0610476189034378271562129895    .0554837444366610835106129006    .0659324022089863467728650685    .0539576259902048340923699308    .0534688278636341307333638667    .0615958241817820063095294689    .0536172881221640632106100207    .0553835704954795241814095477    .0536046115233375213340355383    .0520150812722966840286552146    .043891110051596051400308523    .0331078476911538396050199039    .0301245542095866014745401835 
 9004.152999   22            11            2020          1 
   .0015145788839343999245608554    .0017901028560698716310206936   -.0054193959171306169405529445   -.0007594585521547066728158336   -.0028774966399257649931010463    .0058333326861319807300178019    .0023748807913831407342126617    .018164906795582539167824285    .017300883272119085856506335    .0280305432424382996648811165    .0327757424860256975293540322    .0508306778051006771880820636    .0476853403143733053308149368    .0910902558065250841257945177    .1102234824430708232571204447    .1401129012512462750523282173    .1486896102441495174775627999    .14722772926528766551004716    .1015873786353460873704996003    .0689493392736606474005562375    .0283925095484708566756329948    .0022753500526118725495459565   -.0155567103330603900592382637   -.0202364842112563485106546222 
-3686.82261    23            11            2020          2 
   .0397787513839728784781429991    .0328863394922057288782874205    .0139806916286650417390165674   -.0195247744778260432768692389   -.0312213556702691480998593529   -.0090602975877919984872827934   -.0155572280164572387712464419    .0182927135732196239297772995    .0309175710517843439177563251    .0947455944998666480457544986    .0900485147019319163826002467    .1581656514794998504145552042    .1516898584930832894072980636    .145880574384347718861363932    .084085385382835112861586796    .079409570508194317491179756    .0143121640452346037880026997    .0166483708311640195783653394    .0148369411242164428410077479    .0176707254163226475384992824    .018024949130926589386409345    .020032732195921951341184815    .0171128900611792656875346655    .0168436663677724380669348233 
 818.0988      24            11            2020          3 
  -.0566205328745134450753380887   -.0505818612617449139394899491   -.0346039744832775698974255921   -.0226180627572122095766428211   -.0155356174584292263966161544   -.0296526409768600076176618276    .0814105215653659435755192405    .0309260812997158778377379358    .1544633728835685860925355226    .2177272476136134168635866475    .1625378255046945430062970389    .1831886319843031184008581849    .1889699630411387964387675425    .109903974923322219761231773    .1118194892841793680665464856    .2065965626645583638553191864    .092837796608429201949691162    .1238467774307944223851691263    .0689737596485901213887613574   -.0289284252708841523786613548   -.0774778914233830926044629328   -.1065575575957329359241206563   -.1435807019885617727345401313   -.1670447383616746534770616947 
 1820.172659   25            11            2020          4 
  -.0793887872590003561854403176   -.0906129422307732840195354236   -.078278507973127399888056444   -.0578848932155067603397068717   -.0239486511262885638147584108    .0238711200199387238460876145    .0770334612525349442687129166    .1089851004074443687157922528    .125768398326435909836397559    .1647285484250315837757015776    .1522561602217759716387433111    .1337212152904885491964748823    .1244702247777253311659594597    .1118337862034658768050421529    .0539862850450606620171191133    .0626428484332045996302376059    .0271361784036115444144796376   -.0135304911202932204905732517   -.0008644707370038569511333375   -.0028869706255707470221922502    .0130726224692731196551832174    .0434182216776172331242560434    .0669802940930781226507809005    .0574912492408776479704280626 
 3820.21164    26            11            2020          5 
   .0318624232033385459241205809    .0161313314044559060083906765    .0148312961006526853051523606    .01740293896387373972819998    .0258265272444434518292813746    .0479170572863863636623022278    .061616010363237362420056916    .1117865291882101066002720205    .1194351368449314499235440265    .1098308521985446858645768641    .0937304614882540905508575436    .047624560402627326689156939    .0060945628656322297368844204   -.0044005755660175937268229464    .0045201736519498171048973611   -.0059931286948280174341335707    .0236601970041638844909650084    .0246987598833660430394374695    .030530847762141261890924975    .0391357375163644074965438302    .051826657436183300043554655    .0563550191161660352409166525    .0426700181459056545882887263    .0329066061900172630226319084 
 3797.459937   27            11            2020          6 
   .0174859882926001228278395923    .0036771342506990087569158205    .005127682799303749442031309   -.0017723091518160761573295829    .0151358621166672758501836434    .0139874023376694809881281968    .0296360993577481420576208702    .0506244445469708717034978426    .053670612299075849341870226    .0628110642263768535446697986    .0716133690708110820024695892    .0694390472512310799396328167    .0509653303025748287176729206    .0713028983826248592757701554    .0429175297972340399176672078    .045256645982095584119917471    .0437506656439546264000519988    .0430296573791082499575557734    .0315331042292968369504091492    .0600869011880243043627928075    .0439702597973714975890211742    .0620810762749595269792045735    .0567282087431802180458395182    .0569413248822379873865671279 
 1548.651247   28            11            2020          7 
   .0747513039002512100130701667    .070372267617461841620174668    .0015689684844840989560769714   -.0035681881319015913981309699   -.0122459462947115038870982164   -.0108467287470566315309337041    .0386392482593597136721900047    .0341494575376143419074133222    .0679539051828884750835060026    .1066254912588463501879710171    .0767243756334249734407762369    .0422892243343152133205882473    .0659422192038566834279635588   -.001804272592304314981770715   -.0131157806119017059752511212    .0490910720843528949807509502    .042486066586946673604428383    .0458360977899370780670026478    .0759389179634967872143520768    .0570248596454977057852716145    .007261357275748217571415548    .0636301557183326246984257263    .0325582600328348813837231876    .0887376678682259828380843967 
 6192.26029    29            11            2020          1 
   .0123734511166680947127950915    .0272939753958566234624481524    .0106730703983375350004868739    .0258090571964635549905154262    .013015886966211493024948407    .0305020123758395821568411492    .0238469465242715112028987399    .0302209841376031691329306185    .0359164004069990410561375158    .0585363474764398187144035575    .0676215275827818923936093132    .0920082446986413744568221308    .1030285178790505913956016859    .0904150300180614662113953223    .0787612724852042677941110902    .0707695864638790886485813406    .051348955810770674176553389    .0453687162430311856286648441    .0453452191687504143983585677    .0336652514973655928148976438    .0232292237831623838280221906    .0145687076729780039656569411    .0108175701380279025706136781    .0048640445636047382627063308 
 4684.04044    30            11            2020          2 
   .0128250280435238940849110175    .0112041645823194472676243589    .0110883713890395019732152441    .0022094215736531941641391977   -.016001663726028804311518711   -.0181743712699457394095427579   -.0185438108642802409280650873   -.0099918223592450452882938816    .0126024360284985071563558064    .0638755373341738270731069948    .0557864953019064882368948975    .0909508586565490882055663892    .0874610510407975896980086705    .0738783971728476366442301681    .0645611847023250721550132475    .0784906758832338347616828005    .0660174915142278319014683827    .0722266607928773561143720612    .0825833177477861399505765155    .0712188343104911365795125373    .0672461743306383580240823028    .0566779478957700886117883303    .0467580292709855425586376876    .0350495906478552947762338277 
