-550.464366    1             6             2019          7 
   .1657678782426399604584032239    .1487728271951394579463114602    .1701331562668309032741276481   -.0024370405840221090714525924   -.0183839874568738206025855632   -.1427500395184526803684146196   -.1507143697653991284878193187   -.1617322310014886594857259116   -.0332240761248476527179962817   -.0018911596541019332757317846    .1040905706873676179068056151    .1744783966633727568116552707    .1756726974039950843975248345    .1754826941876924327559470035    .1452559237958011618139874289    .0756791766608194943539724059    .0234439880164740763619202192   -.037303722581018078107530034   -.020915395638888639705335622   -.0920653781247667537484161146    .0246272980365817176256600777    .0110485553210178186175270063    .117048012513856346515988648    .1499162254582706267311770005 
-1499.49669    2             6             2019          1 
   .0621278130330517768598742289    .0517948525781674116266305329    .0350798706998146157961842517    .0257650251965544518807840783    .0231479337243485345739576124    .0510389322700005426487470272    .0534362900127508784297483178    .0848093902761465915606655991    .0853731794499659749165568348    .0561624647534233636754476597    .0646782754818885262094176413    .0201283005166220140172500147    .0410342086183598044487847452    .0085225863352856083997091051    .0432096185554100822990146114    .0163937807691992971321597249    .0374053910048977834022427885    .0244113176401876552325033809    .0387346770335318312706645588    .0314778153995124857528028288    .057341046881537297691534084    .0317129876425402446203465778    .0376221970853433494408047009    .018592045041459878114169095 
-3084.761914   3             6             2019          2 
   .0070399922604853581578549015   -.0016798171607612761780227296    .0163188736775878126975604251    .0052012215034109760472101057    .0195548543718178180282084486    .0244834097753970130221207081    .0324389054292505765162918826    .0390908288424881013361733304    .0499981860188384055626018728    .0654192464851600213318764412    .0597620189627380105160362143    .0747262532495076701079887619    .0677042850704749721569597932    .0643850013508692457229293969    .064999700330195401913277123    .0602479559788807740058217018    .0481521440360988585519731621    .0406651480721049903367031781    .0526724928956705214300697568    .0230241820860344037559327828    .0540599905759858263084092266    .0363347652508653217247935719    .0518911684151453122485614298    .0435091925217538846986685145 
 1002.001388   4             6             2019          3 
  -.1816312853251257172909225551   -.1307361462457375358446110256   -.1474821310327366532550152515   -.1389919232327450628242043912   -.0717152599393405231490557576   -.0932007790791603174904983265   -.0409509512575645254495395968   -.0573991819660034243385698783   -.0594650673278308871963358997   -.09262789564119845311032643   -.0742783901213518079477949785   -.0874513459256804941671398164   -.078046478714059426033449766   -.0056610819784612913131014545    .0158066946709658649694405413    .1449554878261306360585600307    .195445837047084010626140969    .2661649007615945537991610048    .3211831878220911206961322093    .3830175333050536652550026208    .3077418890761057508634908198    .3339841680937871116002885218    .2158393217714784243392684801    .0754988974127049812030799303 
-2036.377409   5             6             2019          4 
   .0241596374928160480295330167    .0566702417194218638083506651    .0676661896714254896745419552    .0178019849561196934295787997   -.0376905772283589500378316169   -.0751924959112527652284518149   -.0791848305168464967978831079   -.0378260334550784637976702284    .0018797984023402608862864281    .066695888198197940232600567    .0840642796582900021751321638    .1021493359141856400352553705    .0855052699123711404323480196    .0805711157837736550926351393    .0569537844445808227879432343    .0632513891731156992028877885    .0443621057672026060076960911    .0573689825293087407256736072    .0719544910252930428182725926    .0745348575019474693062655165    .0796094571092347057165767252    .0777025414349408548167605409    .0697909431581206467803630992    .0472016432588503539031354477 
-1529.432952   6             6             2019          5 
   .0632610405532834367753310967    .0742946592404790818185536256    .0536398015308355929812606784    .0862812585719677890136108431    .087117843136414913597336956    .062641006835061312318318613    .0560508585145221848208224037    .0609941873411394891928547908    .0429816749495534603860163201    .0330337135301894554708142577    .0597158573578320548699672583    .033398718089081684700095307    .0274865399918492144531746691    .0241696897870943740461530216    .0017554309893017134366018289    .0137734249627962769302226986   -.0087821698770355773006779051    .0150615232723192954979565525    .0031101317607808413428246837    .0331230734461120725218950298    .0267012620243322703040597232    .0567522949512075113182208984    .0513506067051182509110736095    .0420875723357633005935130395 
 515.526377    7             6             2019          6 
  -.1318335453473799653902093161   -.0743055092988966498604590314   -.0376401496911185205951159314   -.0300682577877096674725530096    .0067651203810275647641594874   -.0229523076372094147958601932   -.0138458308215721035744403821   -.0868384858608311326037154448   -.0830715593045203194326563042   -.1429923148238833955919970318   -.1314632054219797952258803627   -.1555269013907313611617587513   -.1516536175218828812710780073   -.464636361370894510020386406   -.0390027181868135527040161516   -.2230673446220192143534102815    .227878543642394460836676064    .4179714358243205856370759473    .7940049593233519455785285648    .3858687137554554264834445125    .6786630434624686526951461884    .1862045557370190584835972418    .0602543175011974217567532922    .0312874194602073678181553065 
 6122.371238   8             6             2019          7 
  -.0003594017602759422867914629   -.0047606685166516196154912095   -.003133854393035419522529777   -.0069971990156536796405223149   -.0091775993019258986659965751   -.0131818207133685087392278122   -.0140852533516361067159449503   -.0121050679743180905097542208   -.0125505244639658683827104442   -.0087081210739217183027018526    .0009479675070954918137553161    .0098747572876272551181091904    .026795075571665293387751277    .0531747565354023701886468323    .0707946452691080671119538537    .0977043496296393649038634138    .1200992509954686285882489637    .1226231260431123827254592888    .1272840488932141425952517517    .1187325419746132682978607708    .1009041719269882666987662992    .0887693475081623268268725001    .0772629724025892204480528105    .0700924990200667736770783516 
 2010.161293   9             6             2019          1 
   .1776579825925441297411351558    .1732551518193022931717549493    .122597226828603549277475815    .0860938873923486696049917423    .0414972720301007208778246035    .0443357805716140610215202268    .0154732906798638670235304347    .0226974273949468591225132102    .04326485655795581971739817    .0178847688119323467641758039    .0201823705099071370886256539    .0073027423476510051375265437   -.0119207349596498274628751395   -.01579980676704831963949273   -.002341375797250514464064949   -.0026292686156105384723473531    .0282431266573990289245908786    .0153931329330397170273241352    .0254739956332449388179518588    .0313231332327718838430543792    .0215800543722836473898813651    .0316009218868189598554766321    .0585087377861473925018015955    .0483253261010831731302270181 
-847.593873    10            6             2019          2 
  -.1114024452132867175645570057   -.1441962995407353540414278101   -.0454267323378822961359467024   -.0268505952260464251845765761   -.0038104180585552675414396253    .0508658348926030993147587323    .0741945193367389997638645035   -.0275319828792580240843718322   -.0198644781850611607712742397   -.0171769528588841038023879156   -.0593300536989606105847817991    .0693773419950146336180511772    .1196212044822084267237264468    .1462322982129437832781502421    .0927381054817983565107719933    .149715098282688978333376886    .0055563992969071403374809435    .0790958525487123241628246173    .0731172463300710999830457717    .127004221513526679303874581    .0918292268023508942943951649    .1373200110425998796713812489    .1136437308814760627699818212    .1252788668990296016450793764 
 1652.998539   11            6             2019          3 
  -.0665079232716732606864088704   -.0718882668050561416739401002   -.0593109538132507690014358809   -.0656186907857878028045855399   -.0349384579825088399548791132    .0137407138990822786202111701    .0253846806334049639471580924    .097309886370081056677812345    .0625522633931378205531493213    .1185307157733670567993163846    .06862480354557651547930376    .1222772405608278641073862437    .0787698820827572431387369786    .1647611256600148755485379168    .0834439334008388981401271523    .132154321280982088030750522    .0599951951923655027501509486    .0258660785180524590893180457   -.0044121702638722053946110596   -.0062913606725214413513767782   -.030100365382113625691474371    .028388397746793168823242378    .0857069118075003936830460804    .1715620391120019011704643739 
 3679.463682   12            6             2019          4 
   .1129384160069010840151023945    .1385033646324763479483638507    .1524291169780324522849849398    .1583266884382852837735931755    .1193136114232204561816897966    .1252412144341420897329569022    .1026176455680531975964207927    .1213982902413656708570279075    .1040526101325437678283897245    .1283409868427667225443210666    .0572211382408747471365855433    .0306984141608929189588342837   -.0177362424636102169848785044   -.0387603499655904471569125818   -.0803242878699515860583509899   -.0381553976702629674168910577   -.0531417121893472734649484169   -.0464126880326142053221113979   -.0333827999447012886700372111   -.0161794612326873348929551956   -.0229817324773909808087079795    .0087518325449257688854666075   -.0014363663992267664404684291   -.0113222913990974405274752213 
-3376.109773   13            6             2019          5 
   .0158065209925269808458920628    .0337022216842473504489334032    .0405945331209465978463017233    .0738854233931924938034294183    .0753708608751448912084885576    .1071532397711524292903967729    .0824454234948242602655443929    .1135993571853565437962434405    .0538741368703712466638447778    .0836904955696770822978806027    .0401574620245619602369487291    .0467376983005463430468852827    .0261705027207952695914902646    .0445826735859515548992784483    .019335410987538407863256406    .0318020761228370165320450912    .0298104939610919458097845446    .0104660015152889994610966105    .0160385039707652894496093744    .0005210526666130414356050028    .0024339795067439591810926582    .0085811635130147173683146706    .0127922913956743550471040919    .0304484767711372636105336732 
-2598.576561   14            6             2019          6 
   .0463761206072080783306965263    .0510139289292234942159166193    .0352329661454219512603384865    .0272569610082002121160516386   -.0014386256907363831178649656    .0004624300927033567590160373   -.00541330596570404453825134    .0224333663571438640402636957    .0382104116115746031313487246    .0538273923113401006313471478    .0605149382011992988187350929    .0513542691036379281803273373    .0755950403571734517773170971    .0639336175402376378165138079    .1047680118746364694851875099    .0925894982703186169468416136    .0920660193702101202012650648    .056094325711883460646669013    .045416633772215418670514207    .0073075237747439991628555292    .0110299655704467812291638691    .0204823289791845390234780926    .0204123906896118578512799877    .0304737913781251873609892074 
 6007.41466    15            6             2019          7 
  -.0127285087392319277657454064   -.0125175377855471691378134367    .002834826787202333724038287    .0045474720068682590324137871    .0304855266974362645377970296    .0388374888707948786741483232    .0569974305719059519690288867    .0524736542824230481869217265    .0573607316129564460596099421    .0475089728532240189992145473    .0449887705937049466134238851    .0509945321470450984317436812    .0401549607697631446669606123    .059169213400028557376127587    .0338367020597842333726968    .0545930684931277908490505298    .032532114238972809644540169    .0475474919189280668033659591    .04302208431205579539601816    .0584756704642059784166788314    .0627502713455108823801418762    .0666946303320437014747372208    .07750483799631703798518879    .0619355947704798523097122115 
 2603.064858   16            6             2019          1 
   .1749073975628155477945451945    .1429343947602860689074693812    .1536657831519924425947591967    .1624743227969158807644277298    .1726636962650740068498131905    .1521802650374069165817150761    .1557608135478889400764980862    .1205794389007882338366230597    .0744741335984030252695301839    .0496172808000007197669294493    .016231393493769028478044937   -.0259661259658094927114566732   -.0214333422498226511726816144   -.0359110568116316984983860129   -.0506908614260889845257939401   -.0344156388284659482733487849   -.0308596959284830850726347903   -.0149948319113299634887545318   -.0053282306652383841601537229   -.0031896370059635294726874608   -.013136595461656376446690903   -.0329164637356876798956808782   -.0426038174420316345417775219   -.0640426224831313826603086507 
-785.36135     17            6             2019          2 
   .190509629739227681627062498    .1789479454266497835677806146    .096192905342235138003671813   -.0246358571121433464990351257   -.1940996969102184618583534828   -.3482891028441875832061254351   -.2629893869872766211375184175   -.192433584871473494334805246    .092508741358356888838494535    .3327926692598254294026564969    .4398312954921960445341497898    .3993207712602612797281149626    .3378579809154091934878129666    .1793355377113987083779969564    .0756022689428248538077408571    .0455488037449258229985471019   -.0298095010659742805015805782   -.1292793438332558636861872564   -.1283773386607324131751581613   -.212456724538328757838668786   -.0726570132334625328837483535   -.025608237532952188187004619    .1267367944704689121765414099    .1254504439262258067576154594 
-1579.37       18            6             2019          3 
   .1156029935987134110436439846    .0969803149357022103750229522    .0822859114710295877470130495    .1097237506094202118566263763    .0864257267138162685121282537    .091350918404173816141879357    .0542229369938646422307628991    .0626992978212831698715310535   -.0062129513666841842000291255    .0125360238576141119560331018   -.0057810209134021793499939849    .0098779133451946029112874121    .0261868909755155536701342941    .0672218669469472004660085984    .0843352096088946858557526102    .0975082469592305792816122884    .0900451445829666259331252335    .0474720806397487605817509513    .0299316119718621982182769079   -.0294170143791511805340103966   -.0314020843754155137808113362   -.0467811025915396645497888399   -.0225224551561698651994149566   -.0222902106536150490385406839 
 4968.92279    19            6             2019          4 
  -.0086360589233466435086225198   -.0119883810873221477446221297   -.0057284568915589851618523539   -.015261281610696953494018771   -.0115149887446731688901932002    .0044898785799004133851715575    .0077517163433324348354384472    .020035624260525086565090298    .0439987718142829101999389288    .0581594466675140267172475022    .0660539545232096472161122069    .0798814384475473002871916229    .1014598981120413022155250676    .1089663943037440515351618092    .1192612614534105087191342734    .1101456237358842116361401542    .1048104633559822329217556629    .0583142689564713481893326018    .0508437161689123368326679111    .0391235904070065053274856782    .0262316009945487601347896975    .0253696032978608629175338826    .0215437841407875850693184146    .006688131694636374094273258 
-1170.46022    20            6             2019          5 
   .0313500957768560472734391605    .0161857102670264180358047538    .0385612250880256314904918341    .0156979534084464656133294304    .0435240421925659293230828468    .020415311508835387844278894    .0801153840153576513689632271    .0612124776013318931932603399    .096630622781866093663567652    .0955827443669977951066119957    .131386524182769748466974811    .1077365106863691616960719947    .1248048395869446977019005396    .0562537443604875354072263985    .0230498307751116906818071955   -.0086145687206695499655682446   -.0554775624924698423326168232   -.0444825369631101174886575812   -.0310192002937101100283442354    .0129763316518352071803004121    .0093996018079110796264395897    .0687318104668264590829067219    .0429768813501410581899143911    .0630022265942536688688146958 
-1814.98542    21            6             2019          6 
   .0164141814428459706304417586    .0377960722130759595853943554    .0094783846803573771959005599    .0239895976685035850040051561    .0211410293312438840417792447    .0242731261169029115396420099    .0087512548723394152664873749    .0158489041746682460953322699    .0153505806123775914409273877    .022745075274488981845374824    .0477429895828033703984244678    .0424916801811002977643754295    .0569396860499298115573843012    .0367598269742574571205095411    .0337495162908801768776743121    .0332609614021031640022761175    .0265667478474840861256064525    .0407358974817549774036201349    .0380234018629196481368979813    .0723579366273917506180297581    .0478713156825248767012133905    .0991907692569783838814528879    .0881180632294004874154856847    .1404030011436675893517645999 
-1095.9939336                22            6             2019          7 
   .1635933325023652302449203994    .1303212505299582253089215457    .1073372729478399733361443854   -.0428331932876676645137956264   -.0369887540041763603425842904   -.0572359646133720169343097904   -.0418015634899678426468253948   -.0605383004101693505942960267    .0539139480507066193491200908    .0098453373410168298763656587    .0373816120180758635542141107    .0625462312321689295890460392    .0415580402442475708973212514    .0882675688561858660273153906    .0822510757006620716207949639    .1154438871613112001626502433    .084044981615398240558290623    .0830775948740160070535631293    .0206578880647921133712377329    .0174551696077015585408163613    .0007590677051170860604843771    .0176406815834222241538144222    .052669087145757537430223601    .0706337486246100878965668027 
 5164.7212714                23            6             2019          1 
  -.0191074532030359821365054275   -.0187389667155775565402760681   -.0238387695153635508152971494   -.0255325104822654805773919968    .0145606986414612500283009948    .0314566055867639788775146097    .0974693257480558953673644709    .1350118357521708872291109638    .1601058908210649193176128773    .1358740313608010749619559808    .1173782607315167726323160356    .053176519228801068112564089    .0213352074990352208302909425   -.000173352743149545833978885   -.0023690997746105396924053647    .016360185876419181818308105    .0346294002331550487861241216    .0467887592188485589065703864    .0633241917257126504300206484    .0552666223404204596550108418    .0457652577127223439111533542    .0329614496222085515427840364    .022475075401026412881050408    .0058208349338183803078020254 
-1518.272594   24            6             2019          2 
  -.0061713068107979033967862032    .012391430942209314488884201    .0401055846233630954942996225    .0548939303319862203875096754    .0633235957626723781856000491    .0869677161544022443179264817    .0884984689383124042611810459    .1046163914357002481729575368    .0974309228689140126835484458    .0816358672940651130530780035    .0357339717613318125928050572    .0116568263630266120709546312   -.0361124281744098978315615964   -.0203068935854084184305575366   -.0381370184964295021714657915    .0157487792999048232836639084   -.009233355100658558024396507    .0433599541084780984988259625    .0081049147884441099250982067    .0762611407579685259075420023    .0372343742641514083735084531    .1058130803617732956325759773    .0632669260971985904133365395    .0829171260138019721114718349 
-1720.99014    25            6             2019          3 
   .0208469178097673470691703091    .0247368529374607573289176427   -.0109057858983433803984489998    .0029842355749928933352285214   -.0101681117127144028843767809    .0325131322367715598881932002    .0272329741528908468935214237    .0808023804250267232791932207    .0856566790092126849721521356    .1050959536583980661272120943    .0805282940203248346326958038    .0827800791467637345092517497    .0341425430827860524523400233    .0295620403728751171113624161    .0316995947460803000300745477    .0355313017656219692229032759    .0601969166424160919364709434    .0701788448363800620031443062    .0529343009484063633275667692    .0504636592514120969920257649    .0235852832951152178013059389    .0355285824008265381462324938    .0284156944676045616391503556    .0256576368299239645847128444 
-1699.847472   26            6             2019          4 
   .0326933627371950464035516711    .0052139325121754218192583811   -.0273304050894279295666123154    .0033576083113414778193699017    .0338267938430654676997984205    .057405715281729700981077201    .1451704367978728858561963964    .1727637948918278004180836291    .1436179445634402190645491044    .1159852299971535328435632724    .0503251741165633242180684315   -.0333426621703385396451617631   -.0742183649286857897565529338   -.0757111459233325847485214838   -.0418963943371973317850720667   -.0079308586341210265952614836    .0550644522769275854180874412    .0796098486652924821951319171    .0883808120873565060665631298    .0669455947515742753653370142    .0777356216817081574010776892    .0376471601447309150100027328    .0542236180117694701021974988    .0404627304113789334152682141 
-1259.1300758                27            6             2019          5 
   .0534966809979522212600935793    .0519838984533928166534229966    .0610452180257578436281841057    .0304659945285058848087599624    .0966475206484778655463516806    .0876312957022291469276648661    .1406936450846391576599333265    .1453837085764892345525212019    .1495032194194848570068601645    .0915652816304524968920609751    .0843194853657549333871610153    .0210283595864210552915775249    .0145411346705915925830988716    .0092753006416590910884824406    .0032620331123377968000087382    .0122873643457131373209630388    .0003910499871803634030866186   -.0034506554036837502090901926   -.0155947668770632664765388809   -.0072353168072899430618143606   -.0123329672592671779304344372    .0017921444681291441835321777    .0018456989032872087320845172   -.0185453278011517100479699303 
 4452.03012    28            6             2019          6 
   .0045522266143158977549774528    .0222083111153794260493457758    .0402156533478259576554706687    .0674748579643481837000689474    .083517831186640758845539886    .1122519359774681847839789548    .103611024087141620686070291    .1006647726812773674586011112    .0863468102502415235232056337    .0523055311225073203233404899    .0471239399431556406451266327    .0229989908513916343405151985    .0278797979021759178933856809    .0105320199406018394143299282    .0274300255632592171231761568    .0126260870849633874444676938    .0238410336720722814876194054    .0217552503890068021372685592    .0240158527948144250201074561    .0230158370986043553541816559    .0187320408335422492604340242    .028788731555122542612088168    .0123027177542994700134688217    .0258087202698439964732314075 
 10423.5248    29            6             2019          7 
   9.89164402563371E-03    9.87186188380045E-03    .011304755896238    1.78305322043179E-02    2.19331846123684E-02    3.20523250989345E-02    4.53313148888884E-02    4.60865803319343E-02    5.41996812049036E-02    4.75237327711741E-02    4.85650579248739E-02    3.82685508146498E-02    4.62686196604231E-02    .037550406439618    4.81305315087234E-02    4.51100845661228E-02    5.44620670488517E-02    4.87375439727467E-02    5.53539798306009E-02    5.67825510055179E-02    5.67986829626721E-02    6.33953886464317E-02    5.46289493642394E-02    4.99219721757713E-02 
 10363.77759   30            6             2019          1 
   .029824115513463078861768588    .0214152897505396967902318714    .0096434035883242067914736098    .0145801276308554977394106737    .0201537420295025841055317359    .0323690273249100089960537256    .0390032299023892889233644776    .0402066038547629619674229231    .0403403388744470345199679261    .0403108901529408448063772083    .0345858251865476399132181686    .0429059381232823233521359271    .0352758052578007899916732968    .0477143682123344370225914892    .0402890062406289056614152987    .0545771746921481359192309722    .0451327612869006001121643136    .058041259065653106127685629    .0515855821255616119411532065    .0550299825567754199557267805    .0552555373778529726244347164    .0588774020574094546928616595    .0647176759801538736031482127    .0681649132148155255809575898 
