 2706.294894   1             2             2019          6 
  -.0280346610298116314592581129   -.0610114959630116347549817311   -.0025626017384046396534346046    .013384213996894900101747744    .0084317307957053700150091626    .0527611386019191151753324041    .0517746237893910758714234931    .0569088388488087654796425153    .0622977194295367872057183137    .0583145245368075545724323419    .0761072640149614087103990228    .0706297752043868727041983622    .1041795558292916765928761347    .0883274769981515547285365421    .1000998821675344002625901566    .0714684864642101342264144256    .0695449340784219799810182844    .0488815539996359317670131184    .0426501562176025004908426657    .0339154133584970655455849964    .0323738703399408623353076466    .0236860957547961881496274219    .0110911675097000718798976532    .0147803367950336900720620434 
 2706.885337   2             2             2019          7 
   .0039657091688623676637101677    .0020788457209777999547381641    .0231186889021889884358998986    .0258042404106458093389125333    .041865164530979170914176037    .056807504144384081090465488    .0511589457104514213119031721    .040062132857162837407619383    .0390184240744586810697257104    .0168501670080161212236822575    .0310285843481962014115413563    .0214678764577459455202627225    .0272136942755178107494399568    .0226099122720246941882193217    .0210832757560576345905264328    .0211576195035556469158264904    .0344437714910123657003650909    .0500154912915692520151990465    .0692495162014319190203659521    .0775099325900999551648167947    .0895031631700031629378174876    .0870907226019673843318025997    .0780933337332566887372370439    .0688032837794340603057468924 
 4693.4112     3             2             2019          1 
   .0348318723916625928706182829    .0142141370438626813691500118    .0063580642582520789995984158    .0172550936939000784759707396    .0205723163570240766460011004    .0199105162573439122487286006    .0410455193016115868986719084    .0158390468749041209089031023    .0136278150953404636695800274   -.0026811075066254582594425138    .0223809283959607033792393899    .0426010616755676553548088861    .0797449198570114632189056863    .117706456233794302958155467    .1401725678755784279033552398    .1360419261794065689364699177    .1218009195529255991889225474    .1185265633661077895753093187    .0608991813885815076249871309    .0347787766816595997384588847    .0094548289312472770338128481   -.0217763361539683546159347811   -.0273514922366060744901277774   -.0159535755145425996341424335 
 1369.661751   4             2             2019          2 
  -.036064393244489456433685575   -.0025870321613441916142111791    .0074584984157887898849560558    .0492980693596078963586389878    .0330264826092818299048784637    .0980910797150529466745691433    .0741288861471608693554004342    .0762407944324642237892207884    .0622223625196349664290216424    .0363310722254373590958224838    .0423775942911615993575336397    .0669070958089418093124511878    .0909597569684925807641977439    .1312190399336047458917468157    .1667528496238192753620963166    .1404756319284848015004545454    .1626235089337761612063882479    .1234442006404543306838682392    .1290017041587080137422922019   -.0107259985826967873033639238    .0149354977497652265241653813   -.1280843243756465241322198535   -.1238028293308162914450839476   -.2042295477666441749091378401 
 3200.15536    5             2             2019          3 
  -.0380043423891770054563850925   -.0716659581177333840442046539   -.0227828595171704413750712403   -.0168577784298572304314625525   -.02858394037469480856704407    .0112656718016340306678110778    .0073428747534307209384984359    .042386285895819757950751491    .0561388057109827317883716746    .0661087279212594228550203888    .0403216048860827806809979376    .0518435454958661756971699024   -.0044147637882180820121183117    .0269704374602613043136755711    .0235166426419997309130641707    .0639423018512451220493245053    .0791258771886624904360893279    .1082486820264876140263390212    .0918664773825230785045386047    .1194208271188433801538935285    .0970873801576933439881493753    .1036375933948406804849624551    .1032184574938886717049887228    .0898674494353299147326397303 
 4987.28287    6             2             2019          4 
   .0410532158164912751379590386    .0289649301564480941503123523    .0230306166692325594918581388    .0136239876042964452906598418    .0144370896692290485620680264    .0262700759943058934613829113    .0206316751389720150363157564    .0300398441205722104950505845    .0312871164654833384255182622    .0332711226383676127839125355    .0287123878337384139592627518    .0344552944918482235598559502    .050772095066667032664221029    .0594243815169842170993601572    .0883981942656483007950980731    .0905620578926576907798293783    .1018729864023132900821404582    .0675859799386113424923900497    .0704763914864929247536344374    .0307403658457415711012196908    .0345155677925282790306217381    .0194702892398802316179832005    .0375041289767468112351124772    .0229002049767431779942331605 
 1604.0129428                7             2             2019          5 
   .096602587089797889129601355    .0455414467370094589987369521    .0540363470189325457355654948    .0133955402894022084321051776    .0657732223879908208930195423    .0737482827248917383236965237    .0908345538320054009479405305    .1249131441858836851275811289    .0703039214902773912953740288    .0535887882861789087553739158    .0002594011487673389863372616   -.0352435497816607767586649426   -.0809099456351344349015186762   -.0276085428105686479875952781   -.0344959560634288418037321089    .0410695813245778255948372139    .1066678425308277381563282982    .1604937797762513166673682279    .147918943587716292335144367    .125865380891239526723848827    .0544341555296831735764470292   -.0098436425160247154584244169   -.0912902234718800798943278951   -.0460550585527357628750425567 
 1675.62177    8             2             2019          6 
  -.0741597550382745385314491348   -.0264069736931145266750741726    .0063607433317126215183991075    .0201516240744473020304576253   -.0087989128954799865127080558    .0528188948034495875522075605   -.0080679603488321830528616252    .057283303260019115172990382    .0531363829201144838312765535    .0854951293692012607355895119    .0852916228224941240767001971    .1190682190766714614838168401    .1027183479479381555182348818    .1023035168610873323757305922    .1101324316167126427344041967    .0712809430734478939122401113    .100757284861487565896210575    .0427666262655444014671640367    .0743512660378004040852250326    .0408536826302990799648061388    .0409707436541600912716716494    .0223028792470272094877354094   -.0233837496632667884232609367   -.0472262902146467099195064767 
 2753.32773    9             2             2019          7 
  -.0703070680220113135605545948   -.0642888596483935459437660187   -.0760501547703512941410719747   -.0354398203079151786990501127   -.0277094910165307491382437063    .0301231557348968406314638033    .0242613036116844688154867782    .0493533692046169890570927421    .0453354675652796334564937535    .0416879904086100204278987159    .0419963808667266791374668645    .050574328105866278403406775    .0437867598130063506824158561    .0326591487893814950972073346    .0661675317525676465692662021    .0390996316301219978632910511    .0746898009122945926963805359    .0947991759774997798754600129    .1259679319032609314547527548    .1199241181506569143514201268    .153407781935207546106398311    .1172233862621214365933836725    .0705037028047511074898446615    .0522344283366513727735564556 
 2123.578012   10            2             2019          1 
  -.0045203039143164757914247984   -.0432349080095862284714596113   -.0624788914041552997583024513   -.0529090993432267653372180424   -.0996173904629786682873226133   -.0389894882750368202625748415   -.0453411409686417491499248015   -.0025405555950915543761054915    .0450835945084178051849220221    .0860860768791949612633303156    .0859795585414076137081419357    .0802837470705549949911611724    .0862709535344350702384273887    .0911958491308771377502848245    .1189984538227550643898831252    .1435243717337943504756914012    .1888380825822941323617359059    .1645200214099786977828248487    .1588727600745189859311841471    .1141533292538159883716106211    .0617567611168126937641318919   -.0018413083851425751153426428   -.0094194326212490469128100955   -.0646710406794323127508442106 
 3614.4074411                11            2             2019          2 
  -.024081197656429869062555699   -.017247933725210368895839976   -.0111144940504477426995633572    .0225015390006081625095733593    .0376711265176462122462289881    .0559101881271301259440072593    .0822370761580601483672615052    .1075494963793278253053671758    .0848762639517575001597126941    .0852098179352655383730639697    .0628480888504554158024030192    .0248121196797632389646310702    .0306979503025348616112885304    .0462077401957681577217689178    .0519480448897197795225068047    .0899308960865452441368370555    .0984805132792863649574562071    .0886425797924135421291477597    .0799450545376423970642870753    .0510214199713678206769891436    .0130969241214248340155122862   -.0002289860546956253885518817   -.0246590738461060213978763215   -.036255154443827542063655586 
 1985.41428    12            2             2019          3 
  -.0510169595435769707468810993   -.0536289584861855632467799113   -.0257665266717029959107577286    .0384852575957094455873461331    .0296401363648900520651035108    .0811562108841082778955332184    .0868880624753036429253445281    .0723124143138529254458671467    .0329901223436350019603969001    .0247109333775921063688531544   -.0677555819735516357825330036   -.0615392974810274861123694547   -.0870389629714963065542169869   -.0223959404583309434039126585   -.0150096130063091920543656007    .0954345407448162405681901311    .1229905528835019762223126551    .1521802291056353236262610139    .0944865270133949071827971339    .1764665458132999829133897435    .0558128855605894000117698358    .1151133052191001668427608972    .0885580917651101008500855549    .1169260251316415433458048866 
 3872.68155    13            2             2019          4 
   .0229515566545873104386804022    .0678143804517053564603059087    .0148090616952483480083716153    .0160769583546057382384048593    .0426110688083816238389133752    .0320285307218198718146603095    .0703278068396819253057355052    .0645703491938292731557026681    .0803065772345779373467978538    .0314602939660762966683898912    .0430373883956453894330660883    .0150651684748001033030975656    .0417864980403565586227971675    .0557314608013664330339787427    .0876592086431687108381013151    .0872516615780091704157807657    .0982289132448806693129725577    .0806864948655538176125016011    .0799468781521682308218707009    .0283954667018774110151143205    .0208040420984266057197499237   -.021566650632557174756597273   -.0269564379751286288953967826   -.0330266763090809777529990815 
 4462.1101105                14            2             2019          5 
  -.0046545444835902374803128472   -.0079445506995854310395328376    .0001860062794163089041950705   -.0180647783232242134962437969   -.0211120406415618416191928261   -.045336801421364207278452368   -.0190842892468330090977032155   -.011230563289345793027802961    .0154404235426363757367434871    .0280846722507163015469920462    .0399248327782833632518446118    .0274411202251303116962828253    .0738620723913666406148629711    .073398076669896647096647213    .1230858016496722218213400137    .1440729126085961925524293939    .1470971992500766415141112865    .113976792908638375924273373    .1133550018879571080454626984    .0609740219901281165392254163    .057238547161576146407380325    .0447514505592566550806994031    .0317016157147563514838099377    .0328370202374009748229407796 
 2407.9481261                15            2             2019          6 
   .0274578174186357942571958963    .0155120658934198291822578976    .0068782627916595632346417265   -.0002430508754139560365506829   -.0140373331275809496766716913    .0154251952512607742426399441    .0275203104592328617938328103    .042264988558882892290393016    .0597623339307865831520497388    .0645373537392998908092216979    .0543672426249614630350653383    .0551687964371384968765253834    .0476136918222127144020455234    .0739093994887035452902151288    .069014941891276650288965708    .0827459685864202056076011911    .0435639783361527457449823508    .0606259322689152510310799257    .0085144068419805150386374845    .0511308772250880757875143663    .0312693613221438076227833237    .0805946763954251946208485226    .0443824760349350451067426755    .0520203066844630062979827246 
 2975.532547   16            2             2019          7 
   .0042915947980050779125287115   -.0021077174928982552984321297   -.0462171385551307162361212109   -.0264802413535824785585852306   -.0551724430524268098351941838   -.0363648517671549435079998807   -.0412749308098897430746201144   -.0073605849218761712976819944   -.0002598832268797226501989259    .0194104077464154183893052204    .0312742739425998958834443561    .0410039877140688523613047208    .0588260747396220633576554859    .0626144050038515676837595687    .0881255694092059951512269578    .0887240169045275780006448708    .1176397819452250138670723134    .1115537117329337012961935516    .1486692526505911548343752665    .1325539189271049166581339364    .1296564544014043345633080047    .0971442575183500420975230556    .0639524848054031384789285587    .0197975989405300899234290916 
 3283.63059    17            2             2019          1 
   .0052098065026248887515693414   -.0154837971588028116159071353   -.0173379429992458439120583293   -.0009307755291681577372563093   -.0051544013664460349664363433   -.0015813005932558327153359842    .0184944372807782863297055592   -.0051640522693510417077701789    .025911431772841414539264601    .0189322301325009887911904244    .0874690048492939639717511585    .0576105304220594436598911085    .1039261849488373782021564125    .1203078997994107491854009071    .1114720094016422230979398934    .1241835793715151130931570472    .1502681213601436207840906976    .1416663925036707615761369795    .0972447086381906315472594011    .0899088651747515849521915923    .0104578877126370052485106128   -.0269634959150505416627879569   -.0448222465852956985639483886   -.0456250774542820908487151108 
 5147.58163    18            2             2019          2 
  -.0019903870859062025209690555    .0023112911761634365767211738    .0261272787236984525488719642    .0458545618051714121141581586    .0313185514262548955440265646    .0196572890481777556580486903    .0200038789865679118914720348   -.0062789465662150169729314229   -.0175659885552897973178911978   -.0157574286005057485606109757   -.0207922297679036514861445723   -.0162120284821981540873592713    .0087299033274388307271972295    .0559273889552675243345291059    .0789612538888479948204337655    .1220036601925630852016231164    .1323242736026315332079541981    .1278573410403595678384608735    .0967660419597852982469362025    .0986042643873527072168061957    .0638316249488985762815382493    .0589203866593175327653813233    .0565154320826185713154003932    .0328825868469034846563472564 
 3102.27093    19            2             2019          3 
   .0283382276995388020478275893    .0091278262405018249002513781   -.0184275781483727470572662072   -.0160446818228090736098281397   -.0169623418416263211414613617    .0115625362224568825779507272    .0135044717064734252594759672    .0300415960123766495146186345    .05022701224873354307581382    .0461778172288775564808583627    .042152733578301621773569596    .074305889202268997182654192    .0191509160033292127712391645    .0641608371709817104852283163    .0327725728326377993040085638    .0517300402257258685011112166    .0476542517838698246771116151    .096218449882454334831419769    .0513166978617177062610711438    .1093493468670062288853668883    .0726132259505780818440638259    .0708744996685379764687412392    .0813525013432659796737997993    .0488031520831741152923738998 
 2443.5613855                20            2             2019          4 
   .0567005195049150526036580308    .0152444829997089508353585006   -.0085813436586571890726908853   -.0289835730832308161795512217   -.0003777864986236499848307167   -.012359030626038676203332073    .0572430063881446124611793592    .048244542044061532335095905    .0697969778913908934005783339    .0263638885367383785742836212    .0094727761444239764526267515   -.0611761181393083525627680615   -.0360767527769561735857607331   -.0246573916078115239147529081    .0147086748928329715578573502    .0830227557219679268008305167    .1110270859614547628887467538    .1316135137461231583207959479    .1389690072920003588753714982    .1110258582452132958703606916    .1080110782426668855215464772    .08627640838122910336029289    .0741067529854367147430109036    .030384667412317806902093068 
 2609.406143   21            2             2019          5 
   .0377084687502400809669589254   -.0063252782799936866707989504    .0045092290564136991073221368   -.0093291916497185926951349252   -.0119027580598441167998737251   -.0172559875819990357093292089   -.0232942580299581980404650255    .0078589260836272968029109143    .0037026501320687662687088263    .0408884988203999947431717225    .0710650967452712093963978991    .0784862872149680533652365208    .1090476853376519394512669391    .1102352735589463199941581497    .1239467075171977166606984569    .1220653215883841046050607079    .1270371041661183059459057923    .1104510314629086086274305211    .0791795484019445722597120444    .0769570886995493671603577581    .0377756104638709743391602033    .0018284026090759455991669289   -.0326882498643677026094898712   -.0419472071427556227685327404 
 4076.272962   22            2             2019          6 
   .0071752285169954720024463367   -.0020888316556265007063577505    .0780256628947509624602023892    .059708440104213021051361084    .0882200488908279346970778254    .0396108409582017584228698176    .0722932695496950873723161624    .0163419281831695941269008668    .0524303455613382939098669713    .0468581230404854325356634446    .0662377624160685439396734884    .0412815828499956083166738626    .0647790033841212618969848075    .0315025272343378460924570439    .0604165379246749275962741575    .0120233950122793567718883297    .042803880315805014041157335    .0110062305488952189556534413    .0211222115895191613519821002    .0189846756390991659012456487    .0322176412679598172601474572    .036311135534794443434526797    .039693489986650211968802888    .0630448702517483666001854956 
 2221.019553   23            2             2019          7 
   .0666475897522186289370321451    .0961096896745780247527609227    .0251365009031957855978407048    .0201401153535904958329738757   -.0534151533424163420681060524   -.0530604513773049165047130047   -.0613116169175841560004492225   -.0366585651576206542293326672    .0041271824859076330698111598    .0249433238555554490429107897    .0599981660764784811419442736    .044152110172800446300258213    .0830627536578017690238677516    .1207950644277826400567487485    .0947004269799870600238700375    .1518215810142397247053862384    .0966297211161922625361056423    .0867927073130094141048743842    .0256923357216387369643296427    .0694543187571838544728021131   -.0028912217325265483603781673    .0679799058031975822051666557    .0394962844345567091907542518    .0296572310275379192035415638 
 1102.586999   24            2             2019          1 
   .0061495999917916681330286573   -.0452725182187641593985455655   -.0874682089372250978264981338   -.0981611429285499855599149868   -.0880170545163484192325398533   -.1000625801864728862089548364   -.1046682938440851323696770707   -.1405039240808243921620918732   -.1140151299752447017561831418   -.1542369900554214679253623233   -.0383487289786191284484753842    .0269106565077500972782647512    .1283148632518929238707629637    .2416817904089942928848193321    .2925010001863807574244760345    .3552701059918810089288926941    .3175955278972049624176640595    .3792212318658039972045779582    .2622726372270602113275961093    .1674276951999503850489352632    .0773092373457235005906323044   -.0303352026010965144710544515   -.1267450098057976466308759732   -.1268195617459842731194765339 
 37751.88236   25            2             2019          2 
  -.0024727657050264234824236722   -.0039705145976726337732739216   -.0012471232441083502041300597    .0019163221931591121857903564    .003508087324946834783472238    .0082253064109198500903571898    .0125120224601166086066390254    .0212560023457330989627506351    .0231194273090016060327647196    .0338397165952601257258208939    .0415769731700340041004514298    .0503913151100421049309499914    .0585502195340068335601795937    .0697079942903276201033383385    .0743784369008083548181516425    .0789846178149618497592711825    .0833269708249853743186966214    .083813913431573852785231025    .0841391687362738433792894453    .0787249486438588277058829021    .0728284479640447788256987989    .0582123820752444196798456012    .0431830652695432906620235611    .0254950651419650164432224619 
-224.961813    26            2             2019          3 
  -2.5540205794838611120190429831   -.6920516772328821869869976555   -.444389644032607436356320617   -.1453844968790325316234893608   -.2830350144804353972734030197   -.0188981718421694974515519218   -.5825077521045760775407691082   -.1977527625988682799244687808   -.4908917585937129694096126439   -.2681477322553405986286214719   -.1568451975447050651214301869    .4774628127663604844792035882    .3143567304020616156751901711    .696967178158365926753977574    .5818000764423071216980279226    .488225972823218667783407311    .4734883604445346464201904347    .1524441839380090700104732886    .1389043748504996267966599291    .6110610426134856941253402861    .2033311760338631339177551881    .9520175764230705235292533849    .921797780852699653518528498    .8220675212997149876277001733 
 4391.93086    27            2             2019          4 
  -.0269428649430059561547833656   -.0354507857621419841750423184    .0061211323349475496979931966    .0036988560425561890562184305    .0090742594249309288990036605    .0287928940666429343562116094    .0245324900219399173328516378    .0326560013287640871468545841    .0215552664688350763336014811    .0159662577201864238819096528    .0149084564596265069619060442    .0038872105559512382669885655    .0539687685338470924836007095    .050744833446672245655524732    .0904341877549502225087395843    .0959207495356609507281724376    .1020994670212089814182548402    .0852119288599183458001886669    .1056577197574553803426677805    .0864917759657081669086202327    .0864180043125724433649212775    .0825000692292319009776032768    .041194136649045517988869251    .0205591852144958402191240324 
 13713.39431   28            2             2019          5 
   .0010882885493285287149305342   -.0013139168606025447247567696    .003398408078007056153845838    .0854191875125918405827564948    .087979020563873802881994137    .1690738957538223080526297504    .1693285373050722115493519999    .173787900072421967716320993    .095319435177825058834759051    .0962156392628368898699012178    .0183709513709738869165499843    .0166424296451226304744095118    .0185912834004989680778748059    .0192998971674723177999247657    .0223053893941448256948720378    .017164802140076434511857918    .0178050666728039266888111525    .004694041354375669520145228    .0009516994629464570540741638   -.0055516692861725201862149328   -.0074280078073537141658985812   -.0034624564077017340574085775   -.001725570596533076718626054    .002045748074168808757895331 
