 164637.677    1             2             2017          4 
   4.05309703482241E-02    4.20676069544974E-02    4.32889174961224E-02    4.40218983771102E-02    4.44886815524842E-02    4.44412970796624E-02    4.45041689228964E-02    4.37686078021041E-02    4.29528842655955E-02    4.03186877913508E-02    3.75177603730554E-02    3.36085695402897E-02    3.05126080122216E-02    2.98249652069693E-02    3.18191939964857E-02    3.62978081645689E-02    4.24823790201589E-02    4.74580808352498E-02    5.02117750361602E-02    .050908837199595    4.95554865932207E-02    4.70597807832362E-02    4.35881393054398E-02    3.87708938722681E-02 
 151890.072    2             2             2017          5 
   3.58953671596373E-02    3.07370313337119E-02    2.63545862299677E-02    2.64480745731155E-02    2.80050429384302E-02    3.29738463903273E-02    3.77783946664895E-02    3.91469831282818E-02    4.01546988380929E-02    3.79409267621932E-02    3.16571914320872E-02    2.60232614072902E-02    2.37769002944198E-02    2.27960128764003E-02    2.89064323944507E-02    4.03973863022627E-02    5.04248762614156E-02    6.01861246381363E-02    6.61122212060213E-02    6.75293002260049E-02    6.55558785262476E-02    6.28273427204314E-02    6.01174071777878E-02    5.82547190876472E-02 
 188397.811    3             2             2017          6 
   4.58702904180108E-02    4.50662757186308E-02    4.43992664510046E-02    4.33303172193572E-02    4.08561642686098E-02    3.86837021407191E-02    3.55138776872851E-02    3.26405061168346E-02    3.05730101269263E-02    .0307280645509    3.18850583423844E-02    3.55307370632746E-02    3.97673155306061E-02    .043598242638618    4.65796956383559E-02    4.82637619891189E-02    4.88591817588847E-02    4.88179780141527E-02    4.88055012983935E-02    4.82933546647604E-02    4.63004960783488E-02    4.46315552184813E-02    4.15987413803139E-02    3.94069058726351E-02 
 210398.303    4             2             2017          7 
   3.44791840664525E-02    3.50600508185301E-02    3.59040438759801E-02    3.80249653610265E-02    3.94702547072112E-02    4.06121968801597E-02    4.15500014973386E-02    4.24188892088521E-02    4.35843034178964E-02    4.47377054399887E-02    4.61424815041759E-02    4.76712968589747E-02    4.87512982920185E-02    4.95424131269609E-02    .049349781835277    4.83941167484725E-02    4.67621395439083E-02    4.39359523003734E-02    4.00920524757631E-02    3.80601362832166E-02    3.52684074925143E-02    .035092963653799    .036395436544645    3.86999314454725E-02 
 198893.674    5             2             2017          1 
   4.24861406571181E-02    .045005958262026    4.55391567421722E-02    .045725058126723    4.51746403724862E-02    4.34458242717916E-02    4.09833895172679E-02    3.84972027700401E-02    3.66538149124969E-02    3.65875130967903E-02    3.82505281989889E-02    4.05992037971379E-02    .043176585921418    4.56196655637474E-02    4.66868775795001E-02    4.73744946995524E-02    4.75938329978635E-02    4.69186626584841E-02    4.39484827220422E-02    4.14871183415567E-02    3.70346127514971E-02    3.40460204176102E-02    3.29212929822117E-02    3.42439242303089E-02 
 197012.478    6             2             2017          2 
   3.67928467066119E-02    4.12222016005377E-02    4.42788568178281E-02    4.57799068474485E-02    4.66410812821714E-02    4.52614742265843E-02    4.45888685109707E-02    4.36575149078248E-02    4.38208928843202E-02    .043891954373126    4.45805509064634E-02    4.43910354278423E-02    4.38134030747788E-02    4.33419267515888E-02    4.19318598153717E-02    .041534104334276    3.98149898134244E-02    3.88121360397094E-02    3.64195210907212E-02    3.57352989828771E-02    3.51370535437925E-02    3.65822670680661E-02    .039186351411267    4.27839037211897E-02 
 191097.779    7             2             2017          3 
   4.68364920629193E-02    4.91131407098928E-02    4.97010626968747E-02    4.77499028946066E-02    .045113225043683    4.14300366530228E-02    3.76044401855659E-02    3.54915784573627E-02    3.56973692942881E-02    3.71250425866737E-02    4.04295645947826E-02    4.37292548364076E-02    4.55340869797602E-02    4.45431634732657E-02    4.19325914701303E-02    3.65982803895185E-02    3.13638547744778E-02    .029550516575797    3.02937219813593E-02    3.46208895376866E-02    4.13012397978341E-02    4.79104882251143E-02    5.15685621616382E-02    5.47614936157238E-02 
 231881.499    8             2             2017          4 
   4.48586441492579E-02    4.42819714645497E-02    4.31545434954041E-02    4.17630899075092E-02    3.99632456433598E-02    3.89327615541031E-02    3.77619048830411E-02    3.76129619551925E-02    3.77820146630693E-02    3.84218383742745E-02    3.87327671595525E-02    3.93485475756412E-02    3.94839085054604E-02    3.95973824139588E-02    4.02150453581465E-02    4.08890957043861E-02    4.20755306113275E-02    4.32569665006996E-02    4.44238096387004E-02    4.50698326370682E-02    4.56348606009852E-02    4.56566844502221E-02    4.56097602263322E-02    4.54728368403057E-02 
 182740.251    9             2             2017          5 
   5.74333765604683E-02    5.65578756407914E-02    5.47890783069735E-02    5.24608023839942E-02    4.93710342737381E-02    4.69519585770543E-02    4.28211620566492E-02    .041910853042921    4.09407607869804E-02    4.24695059852673E-02    4.50578766870168E-02    4.78053567444482E-02    4.51006286256688E-02    4.16462051826844E-02    3.41577729364069E-02    2.58576042869518E-02    2.06334563274801E-02    2.04285863654636E-02    2.25324573624587E-02    2.92084691745403E-02    3.64549575120016E-02    4.32284357282211E-02    4.87673074280718E-02    5.34144752234963E-02 
 202928.269    10            2             2017          6 
   5.02648556877504E-02    5.10431575670465E-02    5.07610381744054E-02    4.97955261318225E-02    4.78847139299996E-02    4.52684588759785E-02    4.10465862462588E-02    .035791342581809    3.09679041493906E-02    .027356341368092    2.67795375286649E-02    2.91173666711081E-02    3.37181952702706E-02    3.79703785064749E-02    .042012079039429    4.37673126753966E-02    4.43832938820367E-02    4.44707006527883E-02    4.46094841060562E-02    .044719316442612    4.47878684136166E-02    4.47738885276378E-02    4.47096388003733E-02    4.40010149827253E-02 
 168423.475    11            2             2017          7 
   5.21790374215204E-02    5.13270996015401E-02    4.88063655931128E-02    4.58701604179955E-02    4.18540241810858E-02    3.77793226549179E-02    3.46274484320698E-02    3.39071687221378E-02    3.40450570587399E-02    3.56687225181199E-02    3.68019540523152E-02    3.71093573153178E-02    3.67344159612029E-02    3.66289485755326E-02    .037936446707288    4.03949741214074E-02    .043218362620806    4.56315534677544E-02    4.67482338789174E-02    .046442010561102    4.55627513567363E-02    4.42764893392236E-02    .043371181467763    .043078911654091 
 186440.663    12            2             2017          1 
   3.89518670294715E-02    3.89154005847828E-02    3.88698725271509E-02    3.82163154789495E-02    3.64500683112447E-02    3.42202698811873E-02    3.22365937631454E-02    3.13054658918814E-02    3.25229485890439E-02    3.60477326965617E-02    4.09856936753317E-02    4.59103896050965E-02    5.04091399662235E-02    5.26501973194147E-02    .053565100713169    .052829276790466    5.12161630246134E-02    .048173640053109    4.49366852478153E-02    4.17476627084431E-02    3.94266824528845E-02    3.89474488384208E-02    3.96740173448978E-02    4.17913758245231E-02 
 206338.785    13            2             2017          2 
   3.97416186427942E-02    4.15671964177142E-02    4.23515888717916E-02    4.27813423216217E-02    4.27053144434891E-02    4.21360424541004E-02    4.25854843982676E-02    4.28580943198585E-02    4.34739513692857E-02    4.45498518598309E-02    4.56786415148514E-02    4.59550045556753E-02    4.58139762493634E-02    4.51400854697531E-02    4.32289053397668E-02    4.14931089921485E-02    3.96192447115856E-02    3.83374361732333E-02    3.72301547784327E-02    3.69480957994034E-02    3.73225368854552E-02    3.81530316528349E-02    3.93271924018369E-02    4.10021082333721E-02 
 190873.512    14            2             2017          3 
   4.61511763317636E-02    4.75995187047614E-02    4.84494301683148E-02    4.73907437471602E-02    4.64171257282021E-02    .044720648848791    4.38376708619083E-02    .043838325745861    4.54404328244351E-02    4.59733753386117E-02    4.54818849321272E-02    4.47606632815558E-02    4.25163759757299E-02    3.96979549783602E-02    3.83118905343778E-02    .037147836866634    3.53877646158808E-02    3.43317054049582E-02    3.42388423488404E-02    .034263459334296    3.55450672296859E-02    3.79448306370425E-02    .039659048220406    4.08942284249477E-02 
 181425.998    15            2             2017          4 
   4.31647724162581E-02    4.34675845208455E-02    4.16767722562011E-02    4.05347804027582E-02    3.93346338120323E-02    3.82514076328107E-02    3.82202659970692E-02    4.05853455269749E-02    4.26499678854254E-02    .045897775933345    4.86626073809719E-02    5.09725034263695E-02    5.12129595929658E-02    5.01537833365673E-02    4.69910623869077E-02    4.26355664600643E-02    3.75376179806794E-02    .033933394167377    3.20479808746181E-02    3.25105005072096E-02    3.49798268713396E-02    3.90475284385992E-02    4.17571091179143E-02    4.37742560244177E-02 
 190416.117    16            2             2017          5 
   4.12085648314305E-02    4.05146282002681E-02    3.81509879664296E-02    3.70980308787688E-02    .036585137918466    3.72524931681925E-02    3.76781388853957E-02    3.85138779294481E-02    3.88851018196965E-02    4.01942771661169E-02    4.14629393690582E-02    4.42373268224979E-02    4.58912754562814E-02    .047044270442126    4.67096106959922E-02    4.56776602335216E-02    4.31892264911982E-02    4.18166440621266E-02    4.05850614246456E-02    .040636003516446    4.15389627353931E-02    4.32645241647927E-02    4.50059046702176E-02    4.68593495718905E-02 
 204278.164    17            2             2017          6 
   .044716356444796    4.55473933602859E-02    4.55637285083858E-02    .045049049439151    4.41279421328655E-02    .04282451013554    4.13218438296959E-02    4.01316774641904E-02    .039922827074196    4.02292772252692E-02    4.14705955031738E-02    4.29262116107158E-02    .044055062609078    4.44051998397269E-02    4.40460082425281E-02    4.29460413427374E-02    4.14563398954379E-02    3.99954054231722E-02    3.88679575169865E-02    3.82007310155407E-02    3.78625236538069E-02    3.79738340396297E-02    3.81150037567464E-02    3.82444850228522E-02 
 181464.661    18            2             2017          7 
   4.31769297167039E-02    4.31238245076957E-02    .042123142733594    4.15258544343036E-02    4.03210017517543E-02    .039676457996414    3.94968081545296E-02    4.02306992175876E-02    4.05379861485124E-02    .041572558280714    4.26818641013525E-02    4.35609603477768E-02    4.50866749399419E-02    4.65618916876879E-02    4.62578336912386E-02    4.51911013716605E-02    4.31962898696637E-02    4.04221965582186E-02    3.84944096635984E-02    3.82004124888192E-02    3.80412905978633E-02    3.87760077299913E-02    4.03115678815282E-02    .041432236860742 
 189104.475    19            2             2017          1 
   4.14348374547654E-02    4.34579859063356E-02    .045409685861149    4.60961450261159E-02    4.60872213874764E-02    4.55422184202013E-02    4.47032672845262E-02    4.41160216297102E-02    4.44352276202084E-02    4.42865622792639E-02    4.39796572767514E-02    4.32808377361575E-02    4.21659767826422E-02    3.96285597592614E-02    3.78152071882157E-02    3.62075682428655E-02    .032736135962343    3.21399046991749E-02    3.21206734316441E-02    3.42751641073671E-02    3.80490034220832E-02    4.43124088136333E-02    4.73121457150208E-02    .050407584509502 
 205226.749    20            2             2017          2 
   4.63233333651599E-02    4.45119841794478E-02    4.18810527700144E-02    .038592678774052    3.61348457264823E-02    3.51238902897899E-02    3.52435202583534E-02    .03690515413606    4.01439497766809E-02    4.21392418459789E-02    4.25358163456923E-02    4.22653837618775E-02    4.01779394294503E-02    3.88682909374608E-02    3.85773874749936E-02    4.00519164749572E-02    4.12091159258436E-02    4.31932589322214E-02    4.40296575402191E-02    4.48360826324959E-02    4.57440389051088E-02    4.66937173218463E-02    4.73578027132564E-02    4.74599429759885E-02 
 181282.339    21            2             2017          3 
   5.26057863805475E-02    5.01691844861677E-02    4.82309796581315E-02    4.52057274040358E-02    4.31719550368403E-02    .039947217901112    3.72872129788316E-02    3.37665264918264E-02    3.22169376709457E-02    3.13473729928885E-02    3.39030538564694E-02    3.72527363715985E-02    4.10885309682594E-02    4.36689703454097E-02    4.47474632632995E-02    4.31579543021218E-02    4.09345552081745E-02    3.80303185389518E-02    3.66014032303569E-02    3.73969132334714E-02    4.04469240011364E-02    4.50649254787928E-02    5.00898882895316E-02    5.36674611784714E-02 
 193177.291    22            2             2017          4 
   5.17445655659391E-02    5.12746584140421E-02    4.79222995212206E-02    4.30478911726741E-02    3.79668084035431E-02    3.42500154188025E-02    3.18506650728035E-02    3.23074361172259E-02    3.43650024885042E-02    3.71263882029294E-02    3.93831219254829E-02    4.08724966724673E-02    4.25871744935071E-02    4.22164010986157E-02    4.32248001898293E-02    4.25519140164488E-02    4.24571783404526E-02    .040798212073165    .041561888287797    4.13084273847502E-02    4.26072337871225E-02    4.42612863363168E-02    4.62014719696659E-02    .048112670710477 
 201832.624    23            2             2017          5 
   4.80829114886427E-02    4.95398736693454E-02    4.93833682937576E-02    4.85041734847336E-02    4.53525541044346E-02    4.16346829276099E-02    3.81395873259877E-02    3.59430252348909E-02    3.46882073636544E-02    3.54601403963006E-02    3.73816520071725E-02    3.78811400794341E-02    .037842245982431    .037469908246071    3.62289042265412E-02    3.57243381727153E-02    3.73206509089618E-02    3.94038716773868E-02    4.10366616913973E-02    .043781699014687    4.52782979986055E-02    4.63560445479567E-02    4.79806647936287E-02    4.95853940605385E-02 
 210706.412    24            2             2017          6 
   4.87005101943694E-02    4.90992664876164E-02    4.86464092585967E-02    4.69248890252092E-02    4.47191531346825E-02    4.20382902476053E-02    3.96853143477784E-02    3.82665146421837E-02    3.78595502826938E-02    3.83507550781131E-02    3.95569375963034E-02    4.07117397517784E-02    4.14529962637065E-02    4.19643156878634E-02    4.20959552731243E-02    4.20196031086491E-02    4.19956972895182E-02    4.18947858122134E-02    4.12969734844851E-02    4.06248899757616E-02    .039473763143003    3.83509358316894E-02    3.73600400921829E-02    .036910719144667 
 184376.274    25            2             2017          7 
   .041773342179557    .041923507985157    4.20218759495189E-02    4.12822200434667E-02    4.03813443827716E-02    3.91652881668698E-02    3.81004173469806E-02    3.75182497594905E-02    .037986784657587    3.85336346925052E-02    3.93413515689456E-02    .039982231674471    4.06709769153582E-02    4.14313715552279E-02    4.23345512254264E-02    4.33333314002958E-02    .043905051496417    4.37148171117519E-02    4.32321721416621E-02    4.27788225199938E-02    4.31089897301198E-02    4.39491189885283E-02    4.58354142172599E-02    4.76951259432382E-02 
 203997.525    26            2             2017          1 
   4.46591183367298E-02    4.54542939997066E-02    4.61843838546571E-02    4.61557089510032E-02    4.61289919831748E-02    4.61053387780072E-02    4.60555239119935E-02    .04588370427227    4.50895769905787E-02    4.45569753618947E-02    4.30500924199325E-02    4.24806634066394E-02    4.15946232451227E-02    4.10912470399457E-02    4.02191134886318E-02    3.89447773133216E-02    3.67537537756279E-02    .034438465939262    3.24211050860176E-02    3.23254558518847E-02    3.40720399250248E-02    3.76048670428109E-02    4.21330460228623E-02    4.65971349177521E-02 
 189400.679    27            2             2017          2 
   5.27364185244684E-02    .053424464665264    5.10151997742442E-02    4.67590112312243E-02    4.22382958514235E-02    3.86715868356919E-02    3.68187697996584E-02    3.57574579571927E-02    3.63262958400284E-02    3.67191133459453E-02    3.61133245123886E-02    3.56742390435477E-02    3.48061043893486E-02    3.36071229927454E-02    .033546147350071    3.49257560690292E-02    3.64190869911691E-02    3.98305055954287E-02    4.33030390561588E-02    .046108532191099    4.78583310180477E-02    .04899797640113    4.90932089497683E-02    .049250020400864 
 189594.993    28            2             2017          3 
   4.94039275851947E-02    4.90279307919935E-02    4.87164114893715E-02    4.55149171087287E-02    4.23242986045325E-02    3.77518566024644E-02    3.37388925542789E-02    2.92592805229698E-02    2.89180206043864E-02    .027177342116209    2.87266278423687E-02    .030326556058333    .033814912947589    3.60916693864774E-02    4.05373995730006E-02    4.30178127861346E-02    4.54367230853639E-02    4.63880931460701E-02    4.74208867705304E-02    4.83876164635186E-02    4.94732210570561E-02    5.12392903256944E-02    5.29182753210287E-02    5.43880406974276E-02 
