 2684.43881    1             3             2019          6 
  -.0057295811484710281028905256   -.0051985800339401291847661821   -.037280231394061837453467602   -.0322158209298128870368999024   -.049965825073136980909615146   -.0098525210935987026651577877   -.0060717793004937221869475207    .0321484623447237376217191555    .0472424998206608404681796416    .0499328945404421417972272573    .0628964606572648977608843317    .0585098454898288406134316021    .0969830636594022420648880427    .0922227018465732880683542196    .150694960336980078156447157    .1340992756694647847085775071    .1440126325695611590416545945    .0853940120169846598216928625    .0812852202803609444165352385    .0087975706177485937926817561    .0249360982826797977935656503    .0233063014015953673386207674    .0209554562355623222419437454    .032896883203681591833341137 
 2957.77295    2             3             2019          7 
   .0490090018572926633871609381    .0192522722205570241623854191    .0315832288614310303973805697    .0198271608373455440519868166    .0192429611610316471384323127    .0119506029020922650604401531   -.0067374948438824555481853332    .0065237428045313620168174166   -.0146335471760940947140651888    .0151495671768855685829434609    .0281522014730711496972747688    .0703926242884870523952827414    .0665378997397349245485526534    .0905620223486052233995851507    .0712844439259612540577193391    .0673006019613506844736003147    .0492280856108309463037046167    .0628627359649090035798724848    .061911243051972599857605703    .0567597320139126973894328163    .0635221848249034801674009494    .0585262638229212286223660271    .0421039417511746464514796513    .0596885234209745545208262183 
 3618.4626     3             3             2019          1 
   .036604855332759277379293626    .0196953120366644110125664972    .0158984591964554228085706897    .0024091060109340359079571529   -.0172113427398696894089771717    .0082003030789927191730543242    .0213730052094500023297187043    .0605442211838806901030288388    .0987442567459450872865177603    .1215700833829262184442641469    .1262222801473752969009545656    .1214322071478643996486242527    .0699238400308462494541189952    .0548461106106223123599508808    .0200701839504987560186472564    .0028578490765663848508479817    .005460805370767131875288693    .0253093952111042960620900158    .0102850475779409741584727171    .0523203970658699083970081658    .0359106931214378172652661934    .0452158604596327733220180305    .0398955346394902630747102374    .0224215361518452615760074458 
 4834.984517   4             3             2019          2 
  -.0014921356986012453863665599   -.0045857995867497418089456935   -.0194300808347345530910207876   -.0111220211380048148352736493   -.005454083649550598964203467    .0085081596136164007492725545    .0070937952085276553533997594    .0130217500756476569291979803    .0131114587393413983914935461    .0082536562133110963176223962    .0076437928332666882043709345    .0177409254773007580243301946    .0277895822680666507706212785    .0424540759703119438138213174    .0666386622060820965396278641    .0755390836756220371573942726    .0911019049701746955976860267    .0896662023374996466405437302    .0967759252082006201799797821    .0909469303270573430876614325    .0936809618329538903050845075    .0954868828176642535461504974    .0989265629120938092964734927    .09770380822090231318107859 
 14167.1176    5             3             2019          3 
   3.31110906144811E-02    3.20418382580982E-02    3.23734597106643E-02    3.18112339542971E-02    .032607077619138    3.43855912056147E-02    4.50875282450826E-02    4.78111375528344E-02    5.66377680734744E-02    6.31589500914074E-02    5.65866078797827E-02    5.32251828216917E-02    4.64069916456025E-02    4.02467097898212E-02    3.39628076731735E-02    3.90030625651822E-02    .037989483270103    3.90517282955351E-02    4.63954025154105E-02    4.16362120340335E-02    4.41258716998452E-02    4.10015240563781E-02    3.84972293440004E-02    3.28455164334425E-02 
 10668.3804    6             3             2019          4 
   4.29881657786227E-02    3.61819873188721E-02    2.94781197683967E-02    3.30161932622904E-02    2.68398565045792E-02    3.26570666953258E-02    3.55330599380682E-02    4.21964905648307E-02    4.75491681497775E-02    5.09262949065616E-02    .054325817013922    5.94933045872496E-02    5.59260504864801E-02    5.72103633411228E-02    5.25518272015105E-02    4.99295258812639E-02    .044412157081764    .045317356613218    3.96818351045332E-02    3.86358729710656E-02    3.51616272275119E-02    .033131082068677    2.81385436901258E-02    .028718231134705 
 9666.7634     7             3             2019          5 
   .028825541413448    2.89295790055038E-02    3.23248539514157E-02    .029945131755486    .031255279314762    3.55744415418977E-02    .034186487564967    4.13673607413968E-02    4.66924754054379E-02    4.87791591729836E-02    5.58901751551481E-02    5.49205403774449E-02    5.53417103108743E-02    5.64739095481534E-02    5.48145738832878E-02    5.63523981866535E-02    5.65453452220432E-02    5.00914282088751E-02    4.72814314090413E-02    3.98941372951465E-02    3.10969641223355E-02    2.83558805859515E-02    2.74947031432529E-02    2.75664860826602E-02 
 11584.041     8             3             2019          6 
   2.72741353512507E-02    3.01448956397211E-02    2.70707953192551E-02    2.79531912124566E-02    2.47222278288941E-02    2.52781652985048E-02    2.77070492694702E-02    3.08787401599335E-02    2.74437386150953E-02    3.57493721217676E-02    3.81653604594284E-02    4.16118429378603E-02    5.52089012196149E-02    6.06867133402136E-02    .065478693793915    6.89728229370962E-02    7.11400006338057E-02    6.41534231266155E-02    6.42916211106594E-02    5.20710076896552E-02    .044406022395987    3.41287031977132E-02    2.84673884544721E-02    2.69951734287526E-02 
 7735.16162    9             3             2019          7 
   .0454710473134238144076425904    .0497774473133762394482456851    .052487526433869134850733733    .0553247134350115880319511669    .0492412077098913933229490814    .0448300652313971947750976663    .0342841834505844494558860943    .0358327742349099100013375028    .0329511020611357309945903884    .0430863524736539376923839893    .0468404563213250610786849984    .0630696711932439234540518883    .0629815540945348728214420942    .069796615316229164969923408    .0686547128668786625818427308    .0650911803443351969677396346    .0469834914709901045351396291    .0372452075539179231784429089    .0183295717614236481848714106    .008962421653964096486454539    .0019807524073427181990801118    .0138498205031687495625980211    .0197023937555424989297120853    .033225731099849986069198642 
 15073.1163    10            3             2019          1 
   2.27215252027566E-02    3.10442299562313E-02    2.94704356332033E-02    3.73770938280734E-02    3.66310437035236E-02    3.97038220390058E-02    3.64905582412747E-02    4.14548327756882E-02    .035133051762847    3.64977092566183E-02    3.65562414914949E-02    .046969132149949    .051245771365785    6.51301803273981E-02    6.70145417080761E-02    6.79251056782548E-02    5.29273168316748E-02    5.06556182348533E-02    3.14004201678318E-02    3.68729269999852E-02    3.03924813157302E-02    4.08999771536751E-02    3.64209876893954E-02    3.90649926026121E-02 
 13035.9926    11            3             2019          2 
   3.31908206950616E-02    3.07376985725515E-02    1.95814397768468E-02    2.09296908034141E-02    2.35750438121365E-02    2.84467860380004E-02    .033774253163249    .039766037494361    4.02194096641181E-02    4.42708194470002E-02    4.39298632739784E-02    4.55861006549498E-02    .046005125313168    4.56193853413635E-02    .045251582299317    5.09959929119988E-02    4.99596494558818E-02    5.17501914127113E-02    .053536734899686    .055850018264408    4.96141891517121E-02    5.49257068770074E-02    4.76387437153712E-02    4.48447075582803E-02 
 11539.0235    12            3             2019          3 
   4.16439737934781E-02    4.21989091279312E-02    3.39474478017329E-02    .037110957668687    3.80612004918841E-02    3.54142456671729E-02    3.61047444675927E-02    3.37732660180392E-02    4.03550788439767E-02    4.08043440726375E-02    5.12880986155642E-02    4.98736134692474E-02    5.43693071930139E-02    4.69765202737232E-02    4.75726155094764E-02    3.86977203945634E-02    3.99330834053503E-02    4.32615211528528E-02    3.99196085163749E-02    5.01787092871474E-02    4.53036187580669E-02    4.65525862494994E-02    3.52650036681776E-02    3.13938254268629E-02 
 8488.961      13            3             2019          4 
   2.21817131538214E-02    2.67372186849532E-02    2.28410292431915E-02    2.97782613235516E-02    3.97197145405681E-02    .043041734807628    4.59530690546412E-02    4.92128998989927E-02    5.07814221847847E-02    4.70073916931556E-02    5.30506512714535E-02    4.80448898621472E-02    5.01621091476827E-02    4.54385278850122E-02    4.82071345489067E-02    4.36877620825557E-02    .050512787893098    5.10836838456843E-02    .056485474573703    5.39707879806069E-02    4.50422720830562E-02    3.59794192673156E-02    2.60661344543474E-02    .015013910346584 
 6472.39371    14            3             2019          5 
   .0258253603673315478826148232    .0284867868459751036993081807    .0368727414760434899440009498    .0374324725681744721922980795    .0546554050711479354676030671    .0472271332208559358481917813    .0648251665147854548545378894    .0652786617951274166231151597    .0704197736450738872002271938    .0598647760567087010533541848    .0642245541024110537305370442    .0498180293794272289409291821    .0571735924265954457829173065    .0574484675469471711108253951    .056618403703380398965253923    .0626388501944205739610361249    .0480226657905209539547618156    .0423257472079831188143219427    .0321074411278358405054441597    .0224437057615272912685653049    .0117695482402908397857645159    .0123144548325074001099355249   -.0020034226255374072415628746   -.0057903152495338544539806742 
 1516.4751713                15            3             2019          6 
  -.0295583540359412147534709855   -.0535387202748592735894798359   -.0526726394943384194397063915   -.0442323430475277442480076561   -.019291044491629653363121963   -.0755352294372246145854191606    .0154645525649431382813698956   -.0001973119676885276281872219    .0376519781402371582633243472    .077196450173097535632563772    .1151894230159098154434782074    .0886160898267784254094895909    .1295132315497343744740280272    .1411499535574361302436181864    .1373496935142336675591570894    .1711702274541552199035334117    .1627392948269894301829641832    .1543750959003914157918531297    .1021673172975080676812133442    .0643894617254390652218388879    .0267433062984036209521816917   -.040629527714048634223095638   -.0535767756292047905288378525   -.0544841297527941926812870596 
 15321.21276   16            3             2019          7 
  -.0045723795561990485667010605   -.0020402738666752905270666054    .0041369192499876230424464127    .0011866332179307194739328194    .0088566291797908561906818661    .0042877839391090082349329636    .0101208698311947467531937074    .0106877635971161854683362546    .0142311710838744334492225927    .0130048582394335211881751846    .0198037717217889479918690196    .0148499536925691775329148291    .0167224294847531377796753473    .0187037674163856464845541379    .0225123236262662538732345102    .088699962678411366176994464    .0970825236422080728288248116    .1600736859684467954611185753    .1604864470271869000532044044    .1530474145050642844803102911    .0849982974846437678475264513    .0805058985421986921092792135    .0117429737983744310329647821    .0108705754961397716403750273 
 2049.047633   17            3             2019          1 
   .0725096857716630738764285232    .0329530943607888299393184482    .0247312161922787277634750817    .0265705340974862539957361743    .0652878429205359522259578433    .0466876311020340247990711302    .1202716306009856433630305948    .0626149426366214689163353383    .083273613190816438184773033    .0312017099897257488498804459    .0591029696184715292072470821    .0020248782571859323877416177    .0580540432951467653851266034    .0254077158390783002358832914    .0458075344312896214648417595    .0591628998992626151409726647    .0617734785475335994787974751    .0395008679624969948172991057    .0590340595561938310489241809    .006085646716637357936910391   -.0027425565465124548424785204    .0121609959664612638119184221    .0136783740644256657941733656   -.0051528084706071837813640519 
 2447.9337831                18            3             2019          2 
   .0461481028530685503900712109    .0004069918503834385846055609    .0057177118501445301614947919   -.0024228420886814959206483774    .0192778172047769881525109461    .0015254616059389764299870779    .0630426774880191815430319922    .0596016938886454473230068802    .0713210059868959696453155257    .0644962707283942790078160264    .0416795996298532393909180656    .0071510390194590063787089372   -.0068849125398550491535148257   -.023278321657801218324139562   -.0036447750595202772664410638    .0200056922855087828049510283    .0279715123312234008933066225    .0502434342175078583725927582    .1015335062230507439251656121    .0678691969313015850914746093    .1240176928378941493272453379    .1052358531012913492235058815    .0968288038003342999821521602    .0621567875121662640368828039 
 2853.85501    19            3             2019          3 
   .0577083977367161340127086554    .0113949832370776257480578875    .0413280631239917125292220084    .032492610758105752541366844    .0588425828963188988357190578    .0652250725239191461236848189    .0884100976103898144426054777    .0273809670520017062814974612    .0453212232390180186483965771   -.0362206557928813629533337785   -.0345386362147388840191989992   -.0384712957088874672718569539    .0103206749806115763393319691   -.0328669325075487980028810223    .0416684097767111160983612829   -.0088906934343521537206615132    .0169567093739636058105138285    .0252650326478919473908381912    .0680799828019293804277744299    .0943862246176269480487728071    .1253074170716192060506956168    .1224329542936380639743853    .118469578452760990124722559    .0999972314641170225392774947 
 3877.346355   20            3             2019          4 
   .0395078453082894628328863853    .0521426464105500319689650217    .0122368949420305269581726598    .0108008431967899344395814235    .003507553557206008231369364    .0101227015609236178231490491    .0003374846815819217677292077    .0310421326804579468629905259    .0258406112909662928474699032    .051762412130447913003118856    .0492279467770167774965257134    .0540817303384804270342260925    .0518653433528509216711438202    .0516581139937909931701213729    .0535369505312093791528200993    .0550956196431927990606348604    .0629738944226972470196049845    .0662959345038960286538549379    .0710802891375949827933285057    .060726016827557825950269021    .0664949881682674696209851493    .0509171433048312239312445947    .0316457155914821542941577114    .0370991876478881134156507409 
 1852.1742656                21            3             2019          5 
   .0390932545305309310523658752   -.0136704847218021945504780476    .0003460881688647947490411347   -.0526078791881039727582747816   -.0795528275803293830193685205   -.092580759372796676006251493   -.0605085612523046600307974822   -.0920878251943249545600424522   -.0330450439447029967416042259   -.0252444820492381211065240275   -.0060470551869868286328921122    .0136147772206688843436655078    .038847872652356108839783677    .0760491075899764407135924306    .0957357540774158999307500151    .1409163839750522446736234364    .1492183025825969018365784598    .1692603691901764861665941073    .0610910658362620973454907288    .1592622818914086525574065292    .0649004266135075276147924901    .1250964362821130862817231446    .1425077569115751351037451754    .1794050409680845961970804309 
 1525.89147    22            3             2019          6 
   .0727773253755720909823291692    .1309082617782770618673161598    .0008810810116134930618623879   -.0399455932472051895014525509   -.0243179745935666053628309489   -.005806448344586394470112609   -.0209204066131911727640760715    .0343269498714741488134801619    .0438992885909507050327766758    .0973731113393012151775119367    .1441853528416408278368578861    .1834781211536623898946102635    .1641684909608938308043625147    .1104967183544187451287082691    .0475349665595810690258331413   -.0403726288606882375454920133   -.0392843142376305439337700734   -.0469470676050112528645303981    .0232581154674126332195827794    .0323694580978291988223775836    .0808533256955686370014244853    .0392258828211419256442923821    .0166340401653860742795816271   -.0047760565828446501506427584 
 3057.858107   23            3             2019          7 
  -.0118565704265361453542422333   -.0058680126324121814459326055    .0092623166310967090272511458    .0195701265088164537256600703   -.0135310660443277396324263126    .0294937491682638104829499206   -.0339385924292660450774801108   -.0021692478093784879469556107   -.0040573792392780898907811879    .0096248252764332730367596484   -.0019143174062262006717762984    .0312168310823455746437615851    .004352069172057236990689444    .0234643915738762563844496922    .0420869757512263795829555802    .0402602395834451320405888278    .0680611044454849846961849234    .0619670021856903643436454588    .0633935235765993637715904651    .0903174020297992852550630139    .1250694723618841873227572884    .1368170089522077356482126657    .173173012438931980829154935    .1452051352492661622379196943 
 2809.87121    24            3             2019          1 
   .1296409240051966652236705183    .0642321254289800705848009311    .0460246361255824248257983326    .016320566521623601389189649    .0154483628450714650370043117    .0485280604729211058751692751    .0503819888599093479448120329    .0552426030942535618918989529    .0627330175748517669605220091    .0683914975590642818109802264    .0480208130250923493393848468    .0388851629964919281834273109    .0383163113016841793257848284   -.0094271082267859529405264094    .00908053718234295870094345   -.0191909400715913951088171048    .0098155281643673625881237454   -.0146461908480139913601235837    .0225055154752092712462789353    .0244228773745114104357829269    .0414378422703580069066581881    .0562213668148868645121994755    .1023358291215062486796325444    .0952786729324864679474046072 
 5054.26643    25            3             2019          2 
   .0588063775656559521734591265    .0554466615247269424219886248    .0469241191149474088962896244    .0342546049753851223074522409    .0392645308173831271494724112    .0444512577861867879410543856    .0453817983631701821464920281    .0537833736635842523244268308    .0588506767736816755028088221    .0556741129295789814546836226    .0440201764353763994194504701    .0481250055510033728079506881    .0317235551826657464117893761    .0317326564045022058720398719    .0309588151252248093300455473    .0264568363880255517119622837    .0384950225111104797852929965    .0279219748215766298651573063    .0369463111187828695449282043    .0367962596700704596611461181    .0436497764918973612556471424    .037295323190946227977142867    .0534369336758529367831525257    .0196038399186645172561668855 
 6464.42287    26            3             2019          3 
   .0134690724525575474922481363   -.0091115001577859339514402776   -.0084841618661001983615592276   -.0191126265228376063832593922   -.0080717120537010908755726248   -.0133820639119173217082563783   -.0084372791039271847635177988   -.0102387407709916724553633664    .0017226874268514553411324096   -.0061895424857934765644438728    .0368077405802507471173524884    .0503247090331514776043727474    .0735780918985579914576349489    .0935334696011308431003060293    .0972049806512735142278834243    .0864090284984713569643070086    .0940212470970359029127065755    .0843473131268097255524993216    .0919499098300789224204944377    .094420787791068501061719683    .0873282134155929684717546951    .0812714004893061706527871374    .0618873653604285327330388583    .0347516096204888279531750373 
 437.71651     27            3             2019          4 
   .4982898634552304184276713711    .2743147613965943391077480719    .1247764220728160333728330238    .2324744387640301710346726469   -.1878059385971070636563377516   -.0717966064382629752759383008   -.5098658490172097917896677007   -.3818197307659242736811549557   -.7185806173954918904018493614   -.3549557680609305781040792818   -.4897669955378196723719651333   -.1486514182432826214391593317   -.1043524951800424434527269716    .2041239659888542929303717605    .3049156176448542002676572561    .4360719681329817785488603114    .7032394094524787287552850131    .3336111310948723410044551438    .4769502525732922434202904524    .0959734874976500201009096047    .0948139013536409673009592441   -.0303771498132432793087928075    .165589481648750237910834115    .0528278679732688172991235812 
 2178.598172   28            3             2019          5 
   .0498494864247044819424368818    .0404129596414625101411312485   -.0033631727475809155319533611    .0080098708537794550210427699   -.0034015208014229436340498316   -.032178380070723753457734931   -.0111890803514361894911201642    .0053575598061228888243095432   -.001821138496759924757707912    .0312123735684471142574703308    .06178642841530852069401259    .0507904584801974211883254991    .0811343286117473158331466735    .0800247160034796907926534329    .0826275824122007938598417221    .0925293165994632992834439962    .0931842790511622627029359318    .0993125316915945709331110189    .0931718857606752825275022768    .0743356907581211355207177692    .0604430875286716250857113085    .021983434400862060394678418    .0118160064259890510915199648    .0139712960339342467785748238 
 4120.22661    29            3             2019          6 
   .0038628627758898921338697922    .0127941846383056100887615985    .0262107185410367513742162837    .0230343131539553840219482491    .0193603040683240478367766282    .0265382976107714619123825328    .0171522119265182843911587669    .018046936986312993109861984    .025308171095958239054234932    .037419713669583819322986218    .0365150789606691074693098009    .0564170668273024915005827798    .0594784518417544029210568105    .0645972965064656965554620308    .0632998193271704538600608669    .0747207202761112209796635433    .0684070626882340338071842121    .0772126705914362317076535749    .0669051064645204065608420504    .0613170157648197898513159692    .0412840884982294699562653424    .0515412427764501040393018577    .0305398979013923702609163043    .0380367671087877372841878714 
-589.34147     30            3             2019          7 
  -.2225407623189998830389451467   -.1383505898541298985798504897    .0520934493206459745654755977   -.027354922096352730786109452    .2027824378284460450407469205    .1220989250934606722992020229    .0799599763444442489343232541    .0368088300319337785613491615   -.021573910283286190601859394   -.2144929661915697193343614526   -.2124011398688777153252086604   -.3479804331434541675813175   -.3683105823182610923341267669   -.2328349640828771136706195137   -.2001956522760904641582408922   -.0302398200486383556208932658    .1524796651421797960357345971    .204043167028446173998242479    .3903450066054235076991951712    .427822939390299481215873032    .3789594171949243619323106518    .3933476800809554433696987249    .394214579876756339580175819    .1813196685446215077992051026 
 3304.28156    31            3             2019          1 
  -.0594198758292256426235057281   -.0283579011953206554225966143   -.0246139557187130263802337716    .0311078212112166373618596837    .0279064687211461483324683748    .101806578492663318921284662    .0437394929504736273140113399    .0712515854732427826156557918   -.0296199153198070687414422396    .0030997872953659554363157842   -.0501329251130766229255596487   -.0054332022480553987657153527    .003375184528766368202593486    .0533764138428929767111008543    .0482802682226632042821435592    .0551492651855007174388613542    .0531037373219490411706924878    .0321071004614994129011209323    .0519327414701306507306235731    .0831281460167093024602903392    .1061582960260807798715554978    .1566106551767337889934536935    .1367191299521097711782164229    .1387251030750539309368055185 
