 57411.78      1             7             2020          4 
   4.73008326862536E-02    9.33552132479388E-02    .13904132328385    .183733202407459    .22507688235977    .268240593165288    .307649970474265    .348979855484362    .390173424012459    .432711854823174    .472716370773559    .514716271534344    .553539151176814    .591698853005428    .628801906485916    .664373806429621    .699154274719404    .732562665057589    .769776146114961    .809623287459473    .854179896203358    .902292300138578    .952521266650329    .99999988569419 
 64198.628     2             7             2020          5 
   4.19547593490822E-02    8.15048875051504E-02    .120022750306089    .159326412853792    .199237488961602    .240000048414197    .280852569144858    .322183068110116    .363381652262491    .405013827262009    .447958396449298    .491768778288767    .537142880023853    .582128325916093    .627312130798185    .670417851453149    .713292477800304    .754496325159005    .796079670990009    .836979225922866    .878305556915484    .919114694222905    .959703750405694    .999999953270029 
 55177.155     3             7             2020          6 
   4.63408639182285E-02    9.24861043884466E-02    .137680412782473    .182211091681648    .22583136846898    .268904561532304    .311946534134009    .355738576556276    .400629565068641    .445797325451086    .491216513201886    .536907729578029    .580660445545806    .624190689176526    .6662937117046    .706745660296367    .744346352444232    .780963635448403    .814830261273891    .848172086006428    .882312616516745    .918568563384611    .957448232538448    1.0000000226543 
 60857.801     4             7             2020          7 
   4.21115271878826E-02    8.67423268485333E-02    .133255115170034    .181684978104738    .230522698186014    .280309239340574    .330504054854036    .380986169197109    .42965337780813    .475794494129438    .517737652071918    .556817802720969    .591272159792629    .625500965459629    .659233609385591    .694665912160546    .731910842046363    .772155785336378    .812325052728244    .852723016663879    .892288545719882    .929429686015109    .96522643980761    .99999986803253 
 54618.174     5             7             2020          1 
   .038908935508639    7.88831589566231E-02    .120032483658736    .162474000011883    .204584543227086    .246335022855671    .287275922628336    .325076627367202    .361279699683845    .394766542989427    .425852127993147    .454506309337621    .484506303879273    .513727453956077    .548437240413786    .586979385057801    .631591867777381    .680548285768396    .733152113205029    .786558887088572    .840840555769038    .894002376274059    .946877619206017    1.00000003261277 
 163768.592    6             7             2020          2 
   1.72747711075531E-02    3.46076284158625E-02    5.14869321390545E-02    6.83870767688929E-02    8.50447513140218E-02    .102118629796549    .118674681814905    .134093756531319    .14879509308247    .160638881939127    .172912440702458    .185557820322165    .198642916238329    .211988192537553    .225857991821167    .24449094304969    .273971923100798    .323035722678436    .395334575012711    .493093299064939    .608436787058046    .73609271298797    .868049343368599    1.00000001068581 
 510841.4      7             7             2020          3 
   4.22596150928644E-02    8.45007863497359E-02    .126692865804338    .168897195269412    .211055843359602    .253283648188068    .295472638376608    .337569241157823    .379551785789092    .42128281522406    .462117865740717    .502739634551937    .542694611282484    .582576424404913    .622901929542124    .66399516317589    .705535698065975    .747798387131505    .790214683069931    .83239087268573    .874550361912719    .91641939895631    .958242127595766    1.00000013458189 
 512135.78     8             7             2020          4 
   4.16514755862205E-02    8.32635863066431E-02    .125063376137281    .166776206302165    .208781637703579    .250781043481281    .292806138247166    .334231431750385    .375633141420035    .416260855910126    .456894702807134    .497539136496185    .538629130735603    .579902181897933    .621823376605321    .663883328460277    .706099366851502    .748371603718061    .790624192474894    .832760845180549    .874748916683775    .916588712079441    .958309215380343    1.00000006345973 
 510893.44     9             7             2020          5 
   4.17291145084482E-02    8.34833458617124E-02    .125177774657373    .166843653590463    .208492688563392    .250114045308548    .291872386343422    .333502459436551    .375264745765771    .416729330582127    .458135194738457    .499204944283489    .540404032198965    .581485372957617    .623052749512697    .66474472396827    .706779296774686    .748868736697813    .790973651961552    .832889070761997    .874769868839968    .916488206425199    .9582323566339    .999999872771903 
 511756.83     10            7             2020          6 
   4.17386306243827E-02    .083462705080067    .125185646032316    .166818578415456    .208457082903026    .250035744515613    .291623916870831    .333175939244426    .374748357046842    .416284930188426    .457814847336771    .49938848642235    .540959072300022    .582599393446298    .624262918972669    .665991294634993    .707798748382117    .7496471151152    .79151899154917    .833391112239772    .875184643358839    .916860931294263    .958483360642202    1.00000002686823 
 499686.36     11            7             2020          7 
   4.24970989865023E-02    8.47276479590117E-02    .126741361696365    .168301994350016    .209437422781562    .25011493897392    .290592126379035    .330779460089725    .370959132744788    .411142807910546    .451418447013443    .492003029910602    .532981703763137    .574507314448207    .616555690553571    .659078739411658    .701860200366486    .744783812990213    .787681284215963    .830523971076577    .873059402702127    .915577448421846    .957836769348677    .999999904940371 
 277497.424    12            7             2020          1 
   7.58124154694856E-02    .151923651280453    .228034084719107    .304615609242556    .381539521516423    .45850574837228    .53585598780189    .613227877207249    .689830840555839    .759146067334304    .821508977322975    .869969956459848    .905284755003708    .927647124753129    .942830711646534    .950698464862146    .958006077742905    .964433840113773    .970471959227989    .976703098152003    .982864979676352    .988926747658746    .994565426128064    1.0000000486491 
 31609.3613    13            7             2020          2 
   4.23163261136702E-02    8.33793150553551E-02    .1226531518993    .161513601885875    .202512878182547    .249128722657471    .299570044568964    .338512566390419    .377879983354014    .3991142980442    .414922263373129    .42553500277266    .44610495731331    .463718224957064    .503050978040088    .545944008247013    .601353757917437    .662861384674672    .730525279547486    .793419152580283    .856059627085062    .908916792851332    .956848412735882    1.00000000088977 
 25839.243     14            7             2020          3 
   5.00764665699088E-02    9.34438013468022E-02    .128874254698319    .154078638860473    .16753579223954    .179451583252894    .19087059400913    .213234719394401    .244667007230291    .285462551301087    .324955967593072    .367098368373737    .403365084553754    .441120497475971    .483530667142609    .531321460769478    .586417299514638    .646434227726795    .709836835559579    .775588477596848    .841165739162715    .902758705527867    .954149318296593    1.00000004414313 
 32614.2384    15            7             2020          4 
   .02615534950524    5.01983710471988E-02    7.26111160700904E-02    .101077282667744    .12972574119652    .168576933588038    .213941140006814    .262680217434573    .316961322893792    .371347916932731    .420491252468584    .461562450972334    .498818693766432    .528922373690167    .565596348269319    .605408510780985    .653515435243921    .706261342017111    .762260057864788    .815103877682454    .868290303327304    .915866521123486    .961616705554437    .999999936473298 
 35475.2549    16            7             2020          5 
   .034923723085514    6.38291666519146E-02    9.34233399088275E-02    .123937760143127    .166429375302917    .213210181806897    .273855061856088    .330738269453914    .384386745405387    .421486274022868    .446992086394424    .462547823810704    .478825620432681    .499124595877816    .534782373491135    .578585903885218    .629560035504495    .686036627146265    .742651574471139    .798044444160569    .853430817244107    .904892359473223    .953205029860124    1.00000008209948 
 29036.1054    17            7             2020          6 
   5.26160445280805E-02    .10384543823304    .152721615274504    .199167544166839    .245041330454652    .289503249805671    .334311215963729    .382393863180597    .427874853214216    .473252389075568    .514351980562534    .55237814904233    .58856908221066    .630029586156207    .671819017866632    .716830529099643    .761276540185551    .800036607720297    .834967660104134    .866097612474571    .897164806234654    .928408706178446    .962500219209839    1.00000000236774 
 28863.237     18            7             2020          7 
   4.18404222788339E-02    8.87652345422353E-02    .141112240968936    .195778416264434    .249858736689643    .301576792023535    .341439148439934    .373100517862047    .397810293191907    .418964372178699    .441758526761482    .47317006497097    .507482033936457    .54897668409905    .592464367497138    .638204727240919    .687299605593441    .740106899977123    .795011639720105    .850670339206063    .900951509809    .942491700709972    .976134735100051    1.00000004439038 
 27157.4255    19            7             2020          1 
   1.93353904724706E-02    3.77985831915934E-02    5.94996944945246E-02    8.96306857907058E-02    .129319389625247    .183634078590909    .244417048772489    .306370117182592    .36681197727349    .421335724724256    .468314847662474    .513512510026954    .557161943954334    .596299706087751    .633108527030664    .668963491103934    .703977438647489    .745028020743351    .792664264258959    .843171715480725    .894062277276614    .936357842880762    .971794887760071    .999999938437648 
 25356.26855   20            7             2020          2 
   .0311328971154945430643816083    .0635823444140009315369078626    .1097902475086382534783494396    .1650582376404118026270075926    .2313904346150332912450558503    .3061087629946244594416081778    .3805998497361710581819815913    .4347425954360307483018829283    .4792057623163168462340646727    .4966479975224903508130734007    .5037807505000573122578006455    .5067484584595945999317789999    .5231775319716749095560434897    .5424165615251775679746064213    .5784960027172452391461992147    .6158516569268627658544025004    .6537641754074260268078758773    .6924764961128320278813264107    .7346088784029699038662374476    .7812525711713997444627947829    .832590961022930166118626315    .886436028853306966572571657    .9438021194960092028209726466    1.000000057185070316665343884 
 15865.4488    21            7             2020          3 
   8.71024175069349E-02    .161711836312818    .218628492889293    .248340312792042    .245387872084849    .209769862771113    .146332319933332    .060116854922444   -.019437468120879   -8.62414402845911E-02   -.114153803096914   -.10246059045951   -4.82147513805972E-02    3.04340763913164E-02    .128558308032626    .235777082367542    .34609125374419    .465445820602157    .583467923627222    .702060559382033    .806311643308193    .893090662502248    .958466917904018    .999999964841051 
 33094.3692    22            7             2020          4 
   1.56373852085406E-02    3.03331973532997E-02    5.33319370960015E-02    .086963367856982    .134944639308724    .193988461978299    .255736155799353    .318139910291371    .371845232162259    .418023871206616    .45521218035295    .489867811438373    .519091326267068    .549642395340625    .586004026139589    .622808991419755    .667126268926588    .713589811752629    .762987730742123    .809632160174245    .858885074794687    .904853348322771    .952345790688919    1.00000005722273 
 27336.6526    23            7             2020          5 
   5.76846066637425E-02    .114283895905977    .169998839534216    .226360022330194    .283724912078985    .341638033413608    .400513279479306    .442848232312467    .483172699013997    .509973405460495    .532742886982531    .556873829030918    .591887524400573    .623798771635266    .667162027091056    .708120015373609    .745739351354416    .782269547492987    .816769859607829    .848500381361616    .88258808637931    .917394763729228    .956457688696677    .999999990626138 
 25237.9809    24            7             2020          6 
   4.91074128771604E-02    9.99760582137635E-02    .149741054175787    .197863831244519    .242200781260051    .281595829096217    .31598131801225    .345160971875726    .373669359431602    .40493780150218    .435904119562512    .468635897419393    .503801189765046    .536507777723019    .572413637618887    .615219479024865    .659109066496282    .706072556823474    .755597678006999    .802118274965689    .848095760678502    .896923922631426    .947058244688069    .999999982912658 
 31984.935     25            7             2020          7 
   4.28113420635078E-02    8.57550019739762E-02    .129191771991642    .172215459964785    .214710594050957    .255482000989294    .293927102175212    .330315387882999    .366107018184889    .40281192023487    .44005018495426    .477080466016657    .514923019129944    .549233910823955    .586363695517906    .621942395986579    .66320339804114    .703759478388029    .749949009197611    .793822080809294    .842936633683951    .891303886501567    .944760082949989    1.00000001709789 
 32113.9025    26            7             2020          1 
   5.71929241013686E-02    .114712094780251    .170461213945814    .221737986229251    .266500743914571    .30492920618648    .341159073356158    .376216538927338    .415513856790684    .451247169888104    .488750914615563    .517028983300145    .5425524525554    .564547648016307    .593121234642847    .623869575451006    .66647001637375    .712555063282172    .761474807814933    .811890813390711    .862370617756593    .909408145934615    .955813646441755    1.00000005595318 
 29861.8669    27            7             2020          2 
   4.81390523060784E-02    9.77288518688319E-02    .150650267689308    .206320971664744    .26367372064006    .321553162316687    .378694488590815    .43312695537423    .482902595981867    .526038451881754    .567776138227647    .602631091799723    .638948377546013    .675207583366966    .707121259638995    .733044331720098    .754123158677162    .768306891254679    .784175137882957    .810088399165861    .844337307030526    .891514230708563    .945163926606344    1.00000014043831 
 30922.7325    28            7             2020          3 
   5.28271219227129E-02    .1029170392435    .152431156936891    .203697515705072    .258768657794876    .317885512603875    .381038069040309    .442705225789393    .49780684328471    .541683816266884    .570408954500544    .58570192353635    .594601120914848    .602842365341582    .617025271679177    .641319001724702    .673110186818063    .710493561451919    .75082727114672    .793618909143136    .838582606663237    .88863774965149    .942344572576987    .999999997473542 
 23545.9452    29            7             2020          4 
   .077456479034963    .152893582958872    .222014013060569    .283329950346398    .333508731699269    .377611460252613    .412277270050408    .430572534615748    .448594273118201    .455144465409908    .462163032201719    .476128829192744    .504733848903844    .537346906774951    .579093868782129    .624277471137578    .660748635899951    .699126229624666    .73593392061513    .78043750275419    .823879248007423    .878563142556494    .936717396436266    1.00000017067695 
 37113.807     30            7             2020          5 
   4.38568312252786E-02    8.97055627143357E-02    .137266921899847    .185006088797021    .23154887226336    .276791337343472    .319795911801772    .360034395563691    .396842973172356    .430839597141032    .460982049837275    .48945033405964    .516512523055099    .543949772519968    .579720184643817    .61809923258479    .66528043980371    .714817102550946    .768328185367106    .815063656346949    .865182933722617    .909774187103737    .955415893975792    1.00000004294224 
 28672.2172    31            7             2020          6 
   5.59621514014248E-02    .105054093586543    .147965144792892    .183510326826722    .21528542442887    .242733410868728    .270190252788726    .297542361626292    .32753447642122    .358403113452367    .39378876060551    .431413107197723    .470322179601095    .509888669226285    .548301800682247    .586376312201451    .626604238074062    .67241166138784    .723988974965808    .780272635643085    .840414424660364    .898381035278813    .951903352891035    1.00000019029746 
