 12206.325     1             9             2017          6 
   .012877545043246    3.49818639107184E-02    9.28535021322194E-02    .151304753887841    .218679651929942    .263467903199007    .299722680755418    .314206978758963    .33190476268195    .354386943410998    .372628518795583    .39375282096321    .40693962389888    .447360282476503    .475235175206297    .551859368375617    .633662261163782    .724776892691903    .791472831452136    .85672284655701    .888872146586913    .919908342217047    .959063247563251    1.00000001600093 
 11207.213     2             9             2017          7 
   4.30470537144248E-02    7.68623274658863E-02    .104583307406021    .123692650253876    .144457181490505    .168665920987113    .196565368318767    .20492382896622    .17848661611179    .148449034668287    9.59270561888915E-02    6.93771915800036E-02    7.12532177083606E-02    .111597767542374    .178018156908747    .267634558208183    .362477499876921    .45931470164014    .564921955493641    .656182369866398    .761572086292774    .843195893266461    .929189618914399    1.00000007737762 
 5804.887      3             9             2017          1 
   .124784942031252    .236427944247666    .310664962125878    .347054567785407    .360032839773087    .345816365892706    .320301218254496    .331317789493846    .356656357568308    .406745610153565    .450413565934294    .469005667525268    .440109747789341    .37778942162763    .301295688746019    .234983028396214    .205107330759356    .205094419022767    .251322704876727    .339552238989267    .468809720356637    .611058406477163    .802858005676941    .999999951549445 
 7075.1625     4             9             2017          2 
   .133804347249975    .252223892301281    .343794210004894    .38830732189455    .408686712473918    .411960502673967    .44386437734204    .45998060115227    .543333817255522    .638826289104667    .748159439359167    .795534676323689    .84416250708906    .804885996434711    .743984540770265    .694370853120865    .66602344767258    .657159707462549    .677668084147361    .727302958920555    .792064749948323    .868451715662891    .944513559096699    .999999944789254 
 5671.425      5             9             2017          3 
   3.25557504415984E-02    3.03120451817183E-02    1.02685811401841E-02   -1.36319382269516E-02   -2.51347797617965E-02   -2.48504591454157E-02   -1.21816856935722E-02    8.7610229776839E-03    3.99679071473164E-02    8.99134697188096E-02    .151123840025049    .223621047620307    .3001538500162    .377614541112353    .452324583534451    .524667530440432    .593633875084304    .659902476422372    .718388650738681    .801586410299219    .862360343603019    .92990952174718    .973027009443173    .999999965562006 
 9206.575      6             9             2017          4 
  -6.28898385402594E-03    .044200747835107    6.40140307971137E-02    .127241933329577    .169194293336216    .200162655493492    .177881030549159    .160259108300318    .138307407957255    .128002272768544    .159372516317313    .196096268156182    .255018842257436    .288782766154895    .346355755983156    .375901211396475    .414023433575325    .467612852007261    .531074312464869    .609128562246954    .703267826339464    .796191926269405    .892675971384581    1.00000012728675 
 6361.5        7             9             2017          5 
   .121402183100364    .213310536129205    .246954334669496    .223974298514501    .134131104993172    5.82429477649974E-02   -1.97535920122514E-02   -4.02794133133646E-02   -3.20757663747495E-02    1.71225368718929E-02    6.52833480013435E-02    .133233121119233    .199829053590201    .27101313351067    .342566619323764    .416311019229447    .507849956771202    .611654106367405    .752112316277607    .885119468678771    1.00721334517213    1.06841356450916    1.07324533448283    1 
 8997.862      8             9             2017          6 
  -6.14187583902744E-02   -.131459017448395   -.179009199434509   -.193702970511912   -.164576612364623   -9.74106594320337E-02    9.61754620326751E-03    .139610869873345    .269944606441647    .376357390815104    .447299238019682    .470288043322125    .44076990916356    .425428753936213    .388728358035915    .395299363459203    .426720727518382    .491173538641735    .54670061829688    .637130412028713    .706998409299204    .800894304200403    .897808982636653    .999999925329484 
 15264.437     9             9             2017          7 
   4.68277990071281E-02    8.34898168093671E-02    9.81218648558124E-02    .112524621772817    .131062807988656    .150883383536763    .167017283682818    .180199060537329    .18397499090226    .185221345572514    .21731473042332    .273004645178283    .351951199645457    .455431936950901    .562306170176797    .659455171131598    .755086717761847    .839020386282508    .900920802262475    .94216697527069    .960905767233669    .96280068184385    .971110821901751    .999999840826917 
 18026.2       10            9             2017          1 
   4.38008287936448E-02    .108965702634395    .192215364173051    .258463364696248    .327270167866772    .36201197120372    .38788541665222    .39105441511002    .404629111680152    .404192951830183    .425672808667037    .44349964392107    .467995943491279    .498941189594867    .542660214715248    .582492536037823    .628872239174784    .686756789249814    .739132647462444    .798082216353835    .864303860925348    .918793287686811    .957496718318337    1.00000017335878 
 12919.0375    11            9             2017          2 
   4.22912688188241E-02    6.55834480249835E-02    .100081954589424    .129640071961388    .159451693080367    .192954572158771    .255148644188373    .313326360419652    .383317054567242    .44711533693493    .497918285321178    .543970492795032    .582632436276213    .649066348789529    .705488880629652    .774270157146962    .827865511338403    .884097478358005    .907492201431415    .939862066446513    .956544841043692    .974673141647549    .992024442731318    1.00000004535458 
 6856.95       12            9             2017          3 
  -.010485711799835   -3.76060038053316E-02   -6.49450530759964E-02   -7.57807771676912E-02   -4.50510075330162E-02    1.74931976592294E-02    4.98144191935851E-02    6.99892044693249E-02    5.67890918526322E-02    .014800670454851   -5.09520206161153E-03    3.29537838426877E-02    9.08111389123216E-02    .174623914593496    .272854541913223    .345729501067348    .42028888971682    .503746177748944    .580919709541961    .650491429430177    .740001006620108    .823343469035067    .908477923174662    1.00000002848387 
 16832.751     13            9             2017          4 
   3.62151127635606E-02    6.28291479119337E-02    .10060818051499    .14647783954031    .19909327938471    .268316241847886    .345271149157378    .400318603828112    .45564453347896    .495073631866532    .534274728864135    .574990729753562    .630886981965247    .676467012507344    .735753987680029    .771744094110048    .793908497933582    .804492055584081    .807735708946209    .815745403577377    .845085527482258    .889372679913551    .947256141186459    1.00000005662325 
 10091.025     14            9             2017          5 
   5.71076797861528E-02    7.37400362032722E-02    .070851328226227    7.40038821045496E-02    .115575476665063    .173034959050865    .270309527061176    .358862216440476    .405248723494392    .455886523389596    .456015331383581    .457650447736974    .469513702693111    .476908888018685    .476804854514903    .499236897314074    .51163778774022    .52865660443005    .580427837252038    .625308084334223    .697774726257367    .787183393628249    .883289834747957    .999999941934789 
 15653.65      15            9             2017          6 
   7.79139026930221E-02    .165263379317683    .241615411481508    .318179773068102    .382455510825351    .438575016350021    .489500046464802    .53507725734094    .549422953073245    .540394694787637    .508591415530483    .45231301385779    .412983534640883    .423673527220489    .471547339548204    .547428984214544    .652631272798197    .723593968100092    .774966147072727    .814353114629016    .853446245963402    .889871456697    .947501785725693    .999999900183024 
 8979.901      16            9             2017          7 
   7.58763919327138E-02    .131774832614733    .164774920746447    .186007056333012    .199371619168602    .215090057981465    .235801581054805    .26432918384554    .290462550886906    .313472270036371    .32839448354407    .339059957734013    .362650128977967    .407858021842682    .487914600025936    .604668447120826    .731072969582293    .848842974873136    .926796195853106    .961739466316221    .955490811159833    .95144564459146    .955449051233972    .999999932140121 
 13186.475     17            9             2017          1 
   5.25244606911983E-02    .113638220132987    .178393975290023    .232729952114762    .28057253324429    .316601881319212    .350733458963161    .385748510192261    .42953294118595    .48701134235078    .541558717419269    .5949012446939    .637047663301792    .671612405537682    .70865793893459    .764639556107679    .80829979202175    .857536809140616    .893537681957271    .910437544079255    .913314544945673    .952127025512883    .964187648945226    .999999896318956 
 10394.802     18            9             2017          2 
   1.36233959099709E-02    4.00801343820841E-03   -4.64186313206787E-02   -9.07544944098021E-02   -.151135637255434   -.182721142514908   -.180712927255012   -.138903571426403   -4.75694580479984E-02    6.50217233048908E-02    .180963132124534    .303061464375716    .404180565740935    .49562529019913    .584871838167288    .671314062337359    .738539951266027    .799767687524255    .842044865158326    .871564389375815    .895733902627486    .931217946419278    .962555724666521    .9999998827539 
 7750.725      19            9             2017          3 
   4.03236479301634E-02    8.30841662443271E-02    .110338066723698    .155080660045109    .197376697018666    .251607101422367    .305305297548778    .350646223569005    .383557648286531    .401364040742963    .408200504277422    .400273826450509    .38910230348411    .363764357527844    .372948982191988    .380680523283709    .429790438958936    .491168580701321    .574239816577643    .667477881101445    .768249074078554    .833425247617965    .930682278411858    1.00000001259963 
 11178.0625    20            9             2017          4 
   .036803114332831    7.95140034330636E-02    .112920960034722    .140502886687932    .189784683063646    .25393601935152    .31939124449955    .377912110914794    .407112153618416    .425758032963561    .403840102195148    .374447727202836    .37806307625427    .38556661275713    .408943875140482    .467443512054862    .532117046013676    .599656693635413    .684095504447886    .767846584269412    .841271652343597    .908406497939603    .963947240409507    1 
 7232.713      21            9             2017          5 
   9.79145031746732E-02    .185245142614103    .325208250272495    .459390264683961    .574924332724456    .584175715664198    .576683713700343    .498053135887598    .439059021231037    .426465212746759    .477065187839957    .543556502738841    .633693841245152    .714671408030949    .759440197375625    .774889075920578    .762136281127324    .736338575294983    .708451364049009    .717984466677649    .761707659439134    .842920296427841    .942329743477655    .999999984877735 
 5015.625      22            9             2017          6 
   7.48535825545171E-02    5.87190055490654E-02    4.63800653475467E-02    2.09345824815031E-02   -1.78317726586838E-02   -6.66342606113707E-02   -.103735810942368   -.139695933119159   -.145814313181464   -6.39601100077882E-02   -5.61992552570093E-03    7.45321018302181E-02    7.55464308313863E-02    2.20313108450156E-03   -3.85270882009346E-02   -5.93844066394081E-02    3.97582749221184E-02    .161300951616044    .385420560747664    .517281006619938    .701044246495327    .796618088006231    .926395054517134    1 
 9414.25       23            9             2017          7 
   5.93302693037649E-02    9.55400058422073E-02    .121116921218996    .140680354187966    .178853867744543    .218746836162599    .283256754637252    .361348482478357    .440056276887431    .509198779443397    .544019662678918    .553934143635313    .536394244015057    .522658418006612    .514531090252144    .558475132030565    .571940112811031    .633230178403086    .667458853516611    .708165770972196    .750784683541573    .83057464000717    .895331545263829    1 
 10378.675     24            9             2017          1 
   8.31018880341632E-02    .159282129093731    .228997198582671    .288314736820632    .323481802831286    .359549740438327    .370295322349674    .390851905695452    .404573560690551    .429532199211966    .446341898171009    .476943116308801    .496422944387771    .522458291129407    .549176519100463    .575879127604198    .611328026202165    .652195468562943    .710731351259313    .768521733717213    .829459203607397    .898258911150749    .952033820249213    .999999981181365 
 9315.7115     25            9             2017          2 
   3.97621272517419E-02    6.48273055242144E-02    6.21154877304762E-02    7.17873174759484E-02    6.86139152081775E-02    4.10167215964513E-02    5.10843912643575E-02    5.97592520090253E-02    .143825557751949    .249063096379903    .442993517423495    .601620703082502    .771053516349771    .855224468261227    .905554741444065    .886028547376655    .852049650793581    .810717585319436    .771752520258383    .752188797186882    .757717092046593    .818363281266144    .891689661365372    .999999939618139 
 6532.45       26            9             2017          3 
   .147704919287557    .290390668801761    .395479483374825    .509730284603212    .583552135337335    .674731592377286    .747030285464298    .808961490448645    .803362489260346    .767623616043751    .6618555191295    .554076278568914    .450420682276558    .401606684465629    .391889794530574    .438910835281939    .497931577702948    .548894477940417    .589503269793971    .635628728979939    .682846877655015    .766058413191069    .872544081613713    1.00000010464585 
 4671.95       27            9             2017          4 
   .178726227806376    .36547641751905    .535073663533161    .700657648305312    .845896798730321    .900646390124841    .914013441423014    .837228041573246    .675025952760625    .524438382761748    .378495569928978    .246888333816046    .176955013556639    .167644126239779    .144875260990793    .187922058964438    .241143939202648    .306871327818149    .379595233504613    .48578750867879    .590120281931929    .727461252294278    .863814937084622    1.00000004180535 
 10853.6495    28            9             2017          5 
   4.45023134575178E-02    8.44923220367605E-02    .10443838246815    .10399728884467    .103663299802551    9.47642171102218E-02    9.45108461127522E-02    .108986396371504    .147491882367539    .181038200183122    .228170975391158    .268336036921844    .303943884554684    .343710467106306    .393441430979045    .444134075449691    .498532810611306    .546968149831769    .60153734357105    .653795111799147    .717467261458346    .798087600482907    .895884216755848    1.00000008205765 
 19284.826     29            9             2017          6 
   7.05690571076289E-02    .139799651959039    .207807791959077    .268211500035053    .31943571630002    .354996052822826    .383493857019374    .406317495788204    .430727854052196    .456852668452907    .484754807192712    .516641265732058    .532682354688474    .55668306951862    .567775977729848    .589709663037017    .613381123697331    .656048757339708    .7017401413649    .761255237910236    .823880272257188    .88685537336453    .950213456521464    1.00000000891245 
 5655.8625     30            9             2017          7 
   .121139795108891    .15719088800835    .134866704524923    6.14340473118048E-02    4.58462380071204E-02    2.07992171321405E-02    2.38159983922932E-02    2.68592997272327E-02    6.48309586368072E-02    4.70197958313166E-02    .121239249436149    .152129767799009    .210832123305685    .295401452917216    .317590818376508    .345334151172511    .468776849215084    .521253381101799    .658615303617485    .787024135216998    .85801242391744    .879147590774175    .996625252227224    1.00000005179913 
