 38314.8935    1             2             2019          6 
   4.17102816689286E-02    8.58240377775681E-02    .122530439048623    .149757186825079    .170496906138634    .180296673708946    .186680310894476    .194635436874077    .214064879153977    .246056329774543    .29287100299685    .348509273635982    .405256136314851    .459631868577424    .508462729056    .557031320030291    .606512119513656    .661044448844677    .717407974949741    .777886405077049    .834917711649779    .891214612634901    .945338780270915    .999999924963905 
 24954.3556    2             2             2019          7 
   8.45798633376902E-02    .173934479460672    .259339902820412    .344122705038414    .415193440844652    .454177546777145    .487321497707298    .49349018221843    .506171734329417    .522500492296323    .556221982058014    .575431507473489    .605554474012845    .617314382471471    .628836356515153    .643968437430318    .669833121487217    .707723785727611    .750277964500915    .787671236239016    .834078935051723    .877779268947542    .933468992783769    1.0000000730083 
 44895.893     3             2             2019          1 
   4.56723943476857E-02    9.17100651820758E-02    .147458526475072    .193438533522988    .235596373376792    .271662320224647    .304654206482762    .336101655988333    .377746568739595    .42177477298703    .467767287268905    .515371603353006    .553403513365354    .584432546953682    .609593012355273    .633204016359024    .662860125437866    .693809765280201    .733916484020042    .7784804329151    .829102581415409    .879243060022216    .940958929277785    1.00000003410668 
 33000.05642   4             2             2019          2 
   .0835817964943952056431059884    .1619624503660166772526990728    .2249507063115499970408838471    .2692079033724270220505277548    .2911029871505898473854791064    .289005293767312898430493047    .2789458564204479017675570386    .259441768554406610920576117    .2507357531360244868332864505    .2606160998799892354850707252    .2931516806176418046257388793    .3268818653734895644763264317    .3791245033271370388766141388    .4258489688970052979079118799    .4716343451633407843731195657    .5172151763248409621961488756    .5802799169880934403566089418    .6330389176952807161291513937    .6954975987886507983127866422    .7595296105254355804522591177    .8169234517932984794575693638    .8722442663023786430241503205    .9381017294636492018458191472    1.0000001084846630089488798516 
 50832.807     5             2             2019          3 
   3.94492077693791E-02    8.21342840842431E-02    .120117883697014    .156990467067484    .196181206484426    .234522548658881    .278249211706182    .325934932139396    .376409686317342    .422637175719511    .471721111193505    .514342185180724    .553256753065004    .595804055796584    .632864736657667    .666429159494379    .702364598171807    .739267900354194    .772981133645639    .820765004429128    .867402193257791    .915373873362925    .960389324088477    1.00000003135278 
 33021.98741   6             2             2019          4 
   .0437927912104427757093618249    .0828092496689617022659993801    .1015918260263185049769843638    .112560336052771815892349406    .1154118906497396668954759316    .116475242760078322009147662    .1230095859939036903654370329    .1423963052743469021872539076    .1762287329271318379440930203    .2235915394287893346392624041    .2900843574635715724779267609    .3601933418579787412013915488    .4340610945681418633912561352    .5056645983379956718359126768    .57371410644602386758647244    .6240732801490702282355451967    .6802831011072691823789899507    .7239282634079352039823214262    .7665283644416482442114770342    .8063160968905475092966247364    .8512070957754628978583333546    .8935906744081700320653111169    .947504752258640631587594685    .9999997756040571393337588339 
 49676.216     7             2             2019          5 
   3.84094475058686E-02    7.68360028670461E-02    .119478361841334    .159701047881747    .199218434205013    .236998830146906    .270130882717093    .303855522693697    .341843316364415    .385275388880264    .433190712243964    .492016453608302    .544383063013495    .596656058391706    .636410448223854    .669232957226452    .69076237484554    .710981510623716    .734228771194046    .773658559007393    .819997148509661    .879971774998925    .939096916117765    1.00000005535848 
 37277.4799    8             2             2019          6 
   6.69938805898028E-02    .12235202352443    .167344982425971    .202816428896056    .234086591328965    .271665517265157    .314613699499976    .352637007130745    .392007344317219    .420840493750089    .440605484958628    .458591901504184    .4791083308149    .508019888218758    .544945353270112    .592459273832913    .645006079712889    .699586305809396    .754217144735822    .806192277130032    .854869140107832    .902145400425794    .949878957616982    1.0000000152572 
 40241.9699    9             2             2019          7 
   5.10818926468141E-02    .10466924681258    .161539276222317    .217679322069234    .269433460391436    .316509282793584    .357939908683496    .39332490394096    .429691121743521    .469016368359368    .51032861853639    .556328770202673    .60959716151967    .660645826215505    .713471242898822    .760106614462728    .798625799643695    .823848562704183    .84610329379651    .862962247314091    .884797348880528    .915320227961803    .955064181947515    1.00000016556098 
 38408.6276    10            2             2019          1 
   4.70723916705127E-02    8.94072244607485E-02    .121172510319498    .146432414221597    .161518835337793    .178204526854632    .19567618731042    .220800102377259    .251240193118095    .291711904495385    .334012632017995    .384145258746501    .432606050404675    .484516892924599    .535780450454705    .58673996862947    .630247751207726    .682088927576652    .728629882837183    .778780053231452    .835664753825388    .894318618696233    .947839817179513    1.00000003400929 
 22408.336679                11            2             2019          2 
   .0721902755734652892395521295    .1148764424988493363934430735    .1431339168964652452239246365    .1506557603252976365189679771    .1511093415145487425581892294    .1507674598251692931911610895    .1589719956027977706912424778    .1748712122695075113566843959    .2022504420976171463922157183    .2344683175402230843998646616    .2799284520692915817109764874    .3387184916367794636168765144    .4067723602413658647439318046    .4946917818486959551452390957    .5775015872609381727328160696    .6479334101404590914126009593    .711700749076379048276437225    .7536119365711713296415524639    .7702494945184949574989380674    .7982747785454228001426754179    .8212880886088725122015112686    .8548938850045381362506616058    .91622195320015255827547449    1.0000001482037711041837028979 
 49991.716     12            2             2019          3 
   4.18309491063354E-02    8.65476204597578E-02    .132114935677543    .169347354344668    .206774805324746    .241577075271081    .283791081006301    .320800962803517    .363604304461163    .400245101670945    .437132463168998    .472071767537946    .511924854772439    .554431623856441    .602777836982031    .652428797528175    .705175505352727    .757043630113637    .799222337031799    .845522976871808    .880838593588186    .919710580774023    .956495190873224    .999999976871168 
 50445.911     13            2             2019          4 
   3.50301544114807E-02    7.65714838952705E-02    .110360923489294    .144533682834695    .176626466470444    .21193679556233    .253853945757616    .292353585779232    .334751719891628    .374894227985594    .40972608977911    .442312237160312    .480711541528609    .518408089792947    .566375036571349    .610681154861095    .658652321815538    .70124768140276    .746314980068454    .793413693381412    .849520353096607    .900998757362118    .954756056690105    1.00000006070859 
 46561.522     14            2             2019          5 
   4.31007401255121E-02    8.48006433613655E-02    .127443637400051    .16549862085224    .206075553248667    .238587079242438    .26953724693804    .301710531766981    .34391462711555    .387874212356611    .441384061111125    .496332866264015    .540881452970438    .576829859038435    .609174162560129    .638102286945753    .673306801550108    .71113280578006    .760281489107036    .804620675442053    .854426839021714    .900859441810128    .953094599361464    .999999946978752 
 41057.527     15            2             2019          6 
   5.95219239104897E-02    .11372448452022    .162843660988459    .207633593591743    .247588251677336    .281752872545758    .312991387517081    .342528331307862    .377148653293828    .416932152903413    .463409004988903    .511715892252838    .560891082924941    .606014603302824    .643861129364294    .680770279725445    .715185073585898    .747124110991268    .783755925633928    .82491430636458    .865970743622722    .911577770045673    .95832163506219    1.0000000083724 
 32811.8908    16            2             2019          7 
   4.38857366617665E-02    8.38464674157851E-02    .111511728075459    .13575902349115    .157521704324869    .176502622202589    .192384434922979    .207742041482337    .224869963647637    .248230769390391    .287119884266545    .335605724935471    .396439622240545    .458868578921548    .516800666398963    .569761649677622    .621266236869074    .674635203912875    .735064540135401    .799596809676235    .864043720489433    .921207817517788    .966719495825276    1.0000001137164 
 29128.9476    17            2             2019          1 
   2.90239484228365E-02    5.48028464702948E-02    8.06220861696184E-02    .107732145580072    .136153177717168    .161128324977874    .184161247893616    .214665697014188    .253305913048803    .302942978834223    .360315869094855    .426803437311189    .484655239323253    .540436506524784    .592119180912324    .634468792244489    .662967947175338    .699856053587738    .731126023949626    .770356355815443    .82339081184313    .885584970571508    .942612447617229    .999999988520869 
 36371.1626    18            2             2019          2 
   2.67623003220276E-02    4.57973538335474E-02    5.33071062915119E-02    5.88620207304873E-02    6.67817646258543E-02    8.76107781986326E-02    .111928803532132    .156061983064538    .197709323945284    .247875108049887    .29635651665112    .349385467927344    .400410744551646    .461682135385603    .510701696764706    .55673232598633    .601454183117726    .646986800179299    .692868251292165    .761554513709028    .827783150018828    .894769920432101    .951458729456451    .999999932810781 
 44128.908     19            2             2019          3 
   2.36778117546552E-02    5.15569710456295E-02    8.02499525580261E-02    .116696651564123    .165721866491688    .213888236184657    .271097670049415    .32295145660952    .373628249324116    .419909959447671    .471522332367708    .51732927044671    .567485681664726    .610449564177976    .645872772474905    .677240258174415    .709456066403796    .740842805001542    .779510458597797    .826904543644044    .871411048031145    .918126457349681    .961498501305539    .999999871824383 
 44179.412     20            2             2019          4 
   3.34055603251422E-02    7.55439668846062E-02    .117901365194296    .166561184547058    .222129192425083    .278555052690606    .334314573699227    .386858822668351    .431236110894821    .474187130280276    .512385069628134    .552811979551131    .590293822479462    .635882921976191    .675360842780683    .71048634917606    .746131354832201    .777312716384727    .813592606636548    .847622615484335    .894884183412174    .929292178701926    .969349546090609    1.00000013510252 
 39503.3864    21            2             2019          5 
   4.19995144232749E-02    7.96333034438283E-02    .131126985126964    .185849845070181    .246241844186553    .305778200677563    .36227306060304    .405976617029344    .438246991259843    .454343761969227    .464939422019399    .467536361167507    .474726903729448    .493052518166518    .524492217963369    .562870207422901    .611163832162627    .66689797803322    .715005256011419    .770745087707848    .826140655010402    .881585219299073    .936147887279608    1.00000000806893 
 46745.859     22            2             2019          6 
   4.29537937746462E-02    8.61322272668446E-02    .124374412919255    .159234745079906    .192915316573817    .230575612657476    .26414357182018    .306753504191409    .354930503041991    .402290313030722    .459633878345246    .510510293275389    .558157311190923    .597717257492797    .640476141894729    .67951786883144    .725758637519101    .767689072870605    .809727305203655    .84151780495145    .872698625026871    .908963618707916    .952139067414506    1.0000000080221 
 55840.2802    23            2             2019          7 
   4.36591113616717E-02    8.07105356498775E-02    .113095312257786    .143623239090811    .174909580772483    .212121304612248    .252963028061372    .29390882554839    .336926152839219    .376254631732668    .416966100865841    .454744189638755    .488601042883467    .517588854087179    .546620561415091    .581538896394632    .630122322187954    .699970184784281    .780288549662399    .86122565751828    .92718477821141    .969883150317716    .992916898230392    1.00000001880363 
 38096.0406    24            2             2019          1 
   6.80125031176632E-03    1.11468803940912E-02    2.50673247212074E-02    3.19919525608867E-02    5.14802091709204E-02    6.32678322547252E-02    .084275913263313    .106622062397969    .143984215399671    .176775363008459    .224558533666226    .269278055483146    .318219149746431    .371087151032567    .430882058400185    .493814441178436    .555059015273362    .621492418050001    .676231384561523    .738637496687779    .798435070014861    .866110758633536    .929627242876783    1.00000006217838 
 13255.80881   25            2             2019          2 
   .1758956419348054854753144256    .3505465465445257881627518736    .5198667315419737107689922996    .6809555817665719637065284438    .8405552735186137615996590403    .9826597672541416203482494253    1.1102445886891152287221318184    1.2067803805326609866818077621    1.2933899579983456324457956632    1.3478551370265274669422453748    1.3761053936021577245424981352    1.3786793595131823570711261639    1.354832455523323137005926687    1.3080356128039236558663069613    1.2530770651632535125557532841    1.1978039384531527503224452435    1.1390530910953897501181597081    1.0853505965736692003481000719    1.0326499270020778158764044516    .9815960826308870096022454627    .9381683289380514232084794228    .9198872867569670386638595461    .9374131882941664123171673898    1.0000000897719646576586374287 
 47819.48      26            2             2019          3 
   2.98053225257586E-02    6.91331876870577E-02    .113215436895435    .16000499103608    .206296068111259    .251067085232577    .290442566502187    .328990962633063    .363235126014545    .398382936070196    .436071265766064    .480561747861436    .524992353077135    .573467588417942    .618953758489218    .659377146418677    .698127575963812    .734570049956629    .77099005990864    .810266924039115    .854674003277535    .901332796278839    .948955909286341    .999999928115069 
 35216.1731    27            2             2019          4 
   6.42062978062841E-02    .13263366477649    .196351919442199    .258941417494623    .309126100963253    .355138340720219    .390708989064601    .42819282087184    .471780027381084    .524522850553571    .58706441641653    .652666765238327    .715582859392238    .763490535084575    .799577969244904    .817533808333507    .823236754446638    .828761892518781    .841242674839362    .858591603949011    .891927838583063    .926683875415895    .962371990207817    .999999965214846 
 34641.72227   28            2             2019          5 
   .0419357325446278973357752747    .0818984107628203093956621574    .1311039319754929725091869689    .1723313279135067668793477686    .2153138328939094055037004371    .2511737705239676583782045315    .2884993974059708319461681314    .3243955341600283547334149331    .3674898118741831250181661363    .4107691265778397454948477653    .4543630907644246291684157654    .4867419659039948766381008227    .5071491498912706917212981859    .5159232517569629484821800692    .5181742945715267983989873376    .5268271553520540363133625458    .5465940709419583947261984674    .5886312418611743578302176602    .6472804621327506532197597923    .7197731049761689576642402889    .7943407023914114417960778831    .8669918246532954494470635337    .9331825290913863099913363516    1.0000002231413305537132579754 
