 9265.2255     1             8             2017          3 
   .109658745001758    .205134029075641    .306464520547827    .376461478275003    .441397825732898    .510890176964662    .591951323796706    .641603390835576    .69544582615326    .70691074923109    .695109913693547    .68345073687764    .682106981637954    .684554283615385    .714324222330045    .743771687191396    .788029919222554    .841083113091122    .897268977863788    .936830864909872    .966880010435256    .972953838927072    .982403129145373    .999999798473604 
 11985.351     2             8             2017          4 
   3.52336369709586E-02    9.03968102394331E-02    .164721917614261    .248696336938735    .340430228639111    .419471501801971    .479960953023508    .511931214444095    .514316409699849    .495863667042897    .471430723665289    .453298155389859    .451238349214804    .466532002666213    .473395606019381    .506435940007097    .527955944276267    .576132472244138    .637486545033183    .729044114717625    .802902017638032    .889340871201853    .950379984308553    .999999965452618 
 10783.3125    3             8             2017          5 
   5.42980194821425E-02    .119725510844302    .196965218248103    .284619169774768    .37149994493807    .445693269548434    .494415561081069    .512432992891215    .512190738510894    .498527274492416    .484992454342068    .483913222398034    .501730103806228    .533206962581071    .583051322065924    .633923926871961    .684848695611854    .724982458065993    .752100730367524    .776824125674509    .8056765770896    .848361708339854    .914124218265491    1 
 18258.375     4             8             2017          6 
   5.62139292242601E-02    .117110641007209    .176913997514839    .235751375011125    .289051562168388    .335826677569198    .371463068959792    .404250756930039    .416793641787673    .415226563409257    .422010425866212    .424502432958848    .442049870521747    .486845773258162    .546032974165965    .602742555642274    .674324111537856    .732978006240287    .784778186123491    .840002896787091    .894444362432993    .942218297082846    .979371837923693    1 
 8978.35       5             8             2017          7 
   2.61601510712553E-03   -3.25964688504587E-02   -8.10964763935606E-02   -.131876970451837   -.161251805341112   -.161659728354354   -.133582461995383   -9.11484415135611E-02   -.035223634862788    2.08877337186903E-02    7.73819677487198E-02    .133533706473419    .194011138165002    .27984957173019    .370754364796636    .487660616406411    .605850473378321    .726142609722276    .812770431353617    .877853370016484    .915751502224796    .936591891014217    .964694214937878    .999999956492563 
 11810.3625    6             8             2017          1 
   4.29548627317747E-02    8.35082337402456E-02    .140246546101199    .189546472331237    .238301326384192    .277470327137239    .328955834038487    .331214447931848    .328532477007744    .307460935060736    .285412509168326    .276360069189769    .321564016147366    .370470228607505    .439264671173302    .523562456473605    .591495384019225    .657881983472671    .72850426175001    .794799822904462    .849880722464065    .899345774473476    .945759431071654    .999999900775696 
 6110.8        7             8             2017          2 
   .102359756496694    .218662032986168    .30136806565195    .354712140991666    .38048210526087    .411061170003314    .402653923816235    .423260889979115    .424287744457047    .416050295621584    .40100928664465    .358786917859568    .350651746958254    .325540476556363    .35498221866153    .400839569197671    .511166776764601    .590957868330967    .716522450517935    .778813787551343    .82494521098915    .865840004198509    .917228513451594    .999999968038146 
 12530.4635    8             8             2017          3 
   6.02761003681897E-02    .134908210086862    .213015863299869    .285230865655678    .345100953555609    .365175039215429    .363794419521074    .327537779852477    .277357066452989    .219081081876979    .216431542921627    .232123300852209    .301185985658072    .395561025199207    .517612599186774    .598501482132924    .668141763196748    .712382928313067    .725247591724161    .739161650799071    .777446316755362    .832651776633203    .894241677118528    .999999951368519 
 16727.963     9             8             2017          4 
   7.61755608193672E-02    .136538558991948    .209900030934542    .271487018753419    .329375124893793    .387301323360845    .44292750422414    .466116215386625    .495700671982596    .495289683507789    .475305193783158    .466702837217463    .453195502504175    .451236943932967    .476092026547853    .520867352748658    .582922117258091    .676297998185732    .770810402355923    .840949672114889    .906750444786672    .942466861102574    .973340327005894    .999999993461547 
 8822.1        10            8             2017          5 
   4.69913626007413E-02    4.34930472571192E-02    4.26287405727697E-02    6.38736877880727E-03   -8.41636345087904E-03    3.94874789214551E-02    .125097765838066    .231792886547881    .346925679499141    .361006805042521    .364057393638915    .317382009961135    .286420005184069    .26271533169363    .31730266930847    .363533169717244    .477810054968488    .572052083244777    .68351930760179    .76844806606066    .863558662779412    .915642328197793    .979805089101518    1.00000006641701 
 11492.489     11            8             2017          6 
  -2.50609343378124E-02   -6.26050239272037E-02   -.129858729855131   -.201789403496492   -.25516121877515   -.256191230841618   -.260998718584264   -.217891207438832   -.173456753284825   -.128022728991735   -7.90592255753682E-02   -3.25157810339758E-02    3.31401432651877E-02    9.97238453143179E-02    .173908166917758    .254274791486912    .337205038465775    .415956456429934    .514091245880788    .616638649001535    .719846342413293    .828641329757853    .924624705563129    1.00000002243313 
 4502.2505     12            8             2017          7 
   .048595142829906    1.04947650147757E-03   -.137173070315404   -.335876458045121   -.483169494379811   -.497356843573286   -.42401575533933   -.259970029502468   -2.58675429550455E-02    .136617860243415    .258767885482355    .334199616530666    .344094678750799    .284729917857539    .217569061303689    .104439528885072    4.39364551674976E-02    2.70254687734171E-02    9.43723454421572E-02    .203295654887969    .403620464799354    .594461166906972    .797287519822725    .999999997397135 
 21290.3895    13            8             2017          1 
   4.37832513860743E-02    8.74567160374461E-02    .13012737049004    .169764968587705    .203439199864685    .237590167480555    .270768879185782    .281457387256525    .336922553828513    .369854675399727    .448046659297849    .534121294052652    .650777829901257    .727030553944304    .834100026827832    .888528927717598    .926971118676575    .946397155510001    .962975663414941    .952947664631734    .969000700703479    .968524583592047    .982498024519467    1.00000005284074 
 15854.0505    14            8             2017          2 
   5.59454837370464E-02    8.45856410268191E-02    .14877112949779    .185337500827076    .202510553932456    .20960890382457    .235911330450498    .255885724301969    .320966071395288    .398749852157261    .477582260839273    .51814446261304    .556041730274229    .563822051736873    .5771751185328    .601422852869681    .642998202671456    .686584880449794    .737197316014762    .791268671470581    .841888252291583    .896934935196056    .951480957401864    1.00000007933698 
 6976.7005     15            8             2017          3 
   8.95516475752489E-02    .171954500387128    .208304057829924    .25629056313941    .298833954531945    .344725998891328    .373400018770513    .412326005513369    .406571150142446    .391254088900083    .370472410106773    .352682833382342    .351460923061876    .365527379142637    .407096090766688    .427173626153491    .449630523769796    .467973735959606    .495871945316862    .540101298600965    .624845842914928    .726460854194257    .853420968837633    1.00000002631527 
 8412.7875     16            8             2017          4 
   .105507536924351    .19333959194188    .251943818227609    .277170307979816    .296046340308949    .327602480013685    .386252790348547    .450523990729143    .535162976878205    .588112156363898    .625562585249687    .636571101117644    .656025128413145    .665232825902681    .702610472171828    .748491496111574    .76288179183698    .749632627711089    .756311448494331    .734257212884998    .756647212000927    .82509659309563    .920763480594274    .999999953567709 
 13854.789     17            8             2017          5 
   7.54540559523543E-02    .127807792670101    .180272500084402    .223485907844302    .245561314236723    .249219796513141    .220237933443537    .189533755823528    .161454107865248    .148666107353069    .139999432517973    .154015344272385    .160004255229906    .172885173325718    .216002033495873    .276408048892877    .36880305261686    .477813228685312    .593753262635396    .692193953431914    .7880903976145    .871217819520745    .948268822652225    1.00000000451108 
 13379.7125    18            8             2017          6 
   3.89956062209857E-02    4.40396225100479E-02    3.49484322317043E-02    3.30257447222743E-02    5.32588023381598E-02    7.81808634218364E-02    .108905553837573    .117394148130752    .103312195653377    8.41778104233368E-02    7.84601987780941E-02    9.79383862823566E-02    .142288177144595    .202559472036488    .273323328048202    .367811520788937    .475963105464243    .587196803672911    .704250917550545    .793925002592545    .85985037281257    .910642786373399    .958837035338951    1.00000010218362 
 5529.975      19            8             2017          7 
   .136130812127174    .189221009348483    .196806929930741    .15582799462037    .10931331116862    .103167263891196    .195211090677964    .343543592075179    .505269011161895    .613085971935904    .700556964543239    .717322393382203    .754512904669551    .829791291580206    .943659347041578    1.01276902740858    1.06889946241846    1.03583869897694    .957766500696206    .869219518538737    .825245575675071    .843240719470929    .901785287936428    1.00000001765944 
 11475.175     20            8             2017          1 
   .053549291212811    .113509160042085    .143837675678149    .202953336121508    .248181404538765    .320478776909993    .38797772623838    .475542856644888    .519078157440954    .564792074249412    .585496543012961    .609755432310945    .629559051863588    .645784294615877    .672243586086378    .678845898932369    .67749626333313    .688845746429248    .714640517464875    .736828615222644    .791972620379428    .855657906633232    .918125380576985    .999999982979563 
 11363.4995    21            8             2017          2 
   9.08346897161279E-02    .173168479195851    .254563948780699    .328902844118355    .392877423221935    .429599174092453    .440308920268136    .427376073098674    .399506120245462    .369308565139859    .328935887485079    .313958111389619    .26626813271464    .235829670410675    .229519998713864    .270400895380259    .355725635922059    .498632739907719    .652005395721736    .76642984806859    .865866662873088    .915729146229337    .962678828878815    1.00000004400053 
 11310.0005    22            8             2017          3 
   2.75972578427384E-02    3.90992461845147E-02    3.30548151245385E-02    2.68003956138613E-02    2.68390781939372E-02    6.93865973897945E-02    .121739605581803    .210460909199893    .280751582381396    .349704943508844    .379239654639604    .398977700158479    .389276100440933    .391644588192657    .394707160587106    .418170908444588    .468496945123367    .535758223993889    .619084905074717    .70516137362516    .793169726208235    .866556106695132    .940685227257505    .999999955791337 
 11467.725     23            8             2017          4 
   6.59895489297136E-02    .134670350817457    .199128427724603    .250813713732453    .294649779837272    .308103851822452    .313232375570623    .325647654102328    .347500296858956    .374045435804617    .410094425673466    .425638049190772    .424854344952355    .409458980598266    .42076789322043    .448102207772248    .533689131480961    .642027960877702    .767717625716958    .867103040816727    .948937074621383    .992438493140531    .994848534828181    .99999996593701 
 11335.125     24            8             2017          5 
  -1.47969260245049E-02   -3.22228552003383E-03    2.80510769293595E-02    8.02692945858973E-02    .103103185893407    .147736790748613    .16468212788856    .190748660655209    .221881319370927    .254753032781123    .284579795864073    .314356934439133    .347188500243987    .402920117982268    .485279139579956    .576096425932665    .674902138058138    .756217968069386    .825092391184482    .892785733781057    .956992093161743    1.00146555990229    1.0151508964116    1 
 11857.9255    25            8             2017          6 
  -3.75192097383716E-02   -6.73832049639764E-02   -7.41740238482798E-02   -4.29111782606191E-02    2.13116900474141E-02    .105071070547526    .178974176484063    .236049931330737    .251272868190298    .255115235052866    .241230015218777    .241108788280726    .266073096105375    .333665020173375    .418440636233125    .534997701800791    .651396645275348    .763842536422159    .827686966883457    .88850912412968    .908104651584082    .935782359233072    .964861012155963    .999999941363057 
 10267.2635    26            8             2017          7 
   2.62107315929867E-02    3.74052918572674E-02    2.67293714629999E-02    1.42260398790778E-02    3.68805676511093E-02    .077800676765345    .142544076876594    .185664132730419    .224501172616491    .249472524639538    .255643842715491    .270908386929852    .286735388934817    .267279138379654    .266168822827341    .270140173357475    .298824783543225    .362649000076493    .476600965321724    .590120707887501    .706177716712199    .809694870102194    .912493721093503    1.0000000167401 
 68008.176     27            8             2017          1 
   .015271884914387    3.28671958075949E-02    5.36646973680598E-02    7.47827421606631E-02    9.64521984229881E-02    .112333747654841    .121814598760523    .124905406479178    .122763746473108    .11780405155808    .114866718033468    .115776901278844    .119830088977096    .127508767061699    .15163287706209    .182528619449557    .238012197101493    .311403734750951    .406363824549566    .509784868550217    .630588530726806    .749193410859159    .87427137529023    1.00000005422142 
 90263.762     28            8             2017          2 
   9.56470536938733E-02    .191247152982611    .286949037304417    .38113673943149    .474114121442778    .564406187515761    .651423389391304    .729607061192508    .797925590836775    .850712122573619    .889349582643143    .911769986525711    .926841614883058    .93365549967328    .943122459819479    .951265262464908    .960471874499315    .969692507941338    .976909984235977    .982567708761131    .989792195759578    .995225318107171    .995845462462555    .999999953608182 
 9206.863      29            8             2017          3 
  -1.05709183408336E-02   -1.13081399628042E-02    2.32571072253383E-02    .093902775331073    .163593995044783    .281244055470495    .373971089385983    .423125996980459    .474219686292036    .481350226014822    .471224616710518    .452434286062609    .467895588968523    .446808069544833    .511967353185336    .569239825327856    .667188475664838    .771720561963532    .862974509986463    .90362077673063    .920682819537719    .914839373763898    .922890433066073    1.00000003054786 
 15500.10057   30            8             2017          4 
   .0605697682902195517819146641    .1468716276851873355296558569    .2305831490485613023348273669    .2976811007878512106970154968    .3539928644475885487754612679    .3942345388278987147242748503    .4238053147031935677305092479    .4495681152861061726646590397    .4681843170776278389011768844    .4982335414614667884054896813    .5371207085013126466443307729    .5873190924721851659572812694    .6209344227500067117306452419    .6582854062088191986485930265    .6623163477964452975158986339    .6605924880137729325713658902    .6543286576881868580030768149    .663860853904124055628627447    .6821317030977173846814595217    .7222849909547393343138805196    .7752452924890925401266606104    .8409042213072556857610118074    .9165063114167910202146514202    .9999999632260450552676639826 
 11516.988     31            8             2017          5 
   .121601935949692    .237971324674906    .312309328877372    .355279543934632    .3515079414983    .308990310254079    .25514809928223    .224975279791578    .213028805388397    .233354206642939    .282224397559501    .335235211006884    .390542648824502    .445516891683181    .52202776455094    .587210814350397    .665646026954921    .74656775834641    .826386838701881    .888540693104829    .953360191972502    .981246138313247    .99417379746445    .999999939627227 
