 49649.161     1             3             2019          6 
   4.73882748177255E-02    9.80183198614373E-02    .152927138115436    .207740049033759    .26000203331734    .306768975725995    .348123919896149    .384806312172627    .419872362936304    .453245834116411    .486006450340621    .518890471532842    .548366556549163    .579284752729759    .609500520122082    .643957020366366    .680860652534491    .724129494856922    .767340430863474    .814599537618571    .860453314734765    .907267581394779    .954007262202276    .999999983005755 
 45460.302     2             3             2019          7 
   4.81557524371071E-02    9.39792523884355E-02    .138501066116295    .182633782636607    .222575782815686    .261693424504197    .291432583999332    .322276566465891    .351103679356882    .385041857852704    .422885615949054    .466991705958641    .5088925752462    .551223464293088    .593868372165125    .635099658282626    .683786066659874    .735443258961412    .790032868952344    .843767165388606    .891326517282045    .934015978105469    .968983041924139    .999999973190895 
 49432.926     3             3             2019          1 
   2.62641339151409E-02    5.78223091170928E-02    9.30362033963456E-02    .135961052289698    .186554139890232    .235071685823332    .279177674733183    .316478455163417    .346902473401534    .374000824432788    .405781261625602    .443756685700741    .48574844217951    .532102643994814    .575862460705846    .61853340454953    .660964637529751    .705790568997474    .754804980591276    .805255681835423    .85748681013238    .906415009577827    .954681722411091    .999999995574812 
 45076.135     4             3             2019          2 
   4.74159092773676E-02    9.53773257387196E-02    .139563169329375    .179361145904867    .213584385479145    .24644603981547    .27610555972412    .311966544907854    .350038806219189    .394047984731832    .436653115126774    .483753417967179    .524582386763528    .567069097719336    .603394878118432    .639085621817953    .667022253710306    .697162102449001    .725620334490745    .76454614301448    .814198508257196    .873492113676117    .937922860955137    1.00000003812993 
 33434.642     5             3             2019          3 
   7.07436342802026E-02    .125395457983183    .166942963608112    .194902391932857    .216493811012131    .236110849886811    .248684281466959    .262954309578819    .276294556116752    .294781387408006    .318279862012206    .357258544100382    .397629868586226    .446486760647833    .497809663720192    .548420706882401    .601710834173879    .658435308747287    .716384946450152    .774708097386687    .83392402322941    .889286523914328    .944779876905067    .99999995887499 
 47075.112     6             3             2019          4 
   .040017706441045    7.98736918200269E-02    .119100366366361    .156813263728932    .193694752089756    .231549439973982    .271542436797601    .3163354836057    .364056323169236    .414883090851701    .463866270581045    .508194904161885    .547192670513455    .582634160474754    .61738738036619    .653981242453018    .694604859623064    .736799395453377    .781281249925651    .825885747494345    .870196830997449    .913818109317509    .957315582833876    1.00000002721714 
 52268.572     7             3             2019          5 
   .038754665059083    7.67237335321572E-02    .114552621661923    .156209316195304    .19873984038152    .242792326584415    .291324324783782    .342410439058867    .390244363764137    .442063751342298    .48949284087721    .532448154265626    .571577300731977    .608239134897831    .638074410780727    .667556530193708    .695498751381614    .726670685828188    .761614007027014    .802036017814874    .848306652489951    .898119389386609    .948221721314675    .999999967714825 
 49384.253     8             3             2019          6 
   4.80373386621339E-02    9.25351112175373E-02    .133492249828351    .171762055817924    .209036854445282    .251784302326088    .293700754829935    .338315435856142    .376853545995218    .409681571155384    .433671023256138    .45574259901228    .480272930763476    .514833819471766    .552195211839592    .598491638620108    .641829126242428    .689246861874169    .732498803819104    .783688182318967    .835406338306869    .895381965811045    .946589299806762    1.00000001835099 
 47172.848     9             3             2019          7 
   4.72363455608775E-02    8.31616303358581E-02    .116008361933516    .144056785540196    .169562708178548    .198165732800095    .239835604490638    .283503157731488    .327007746463601    .374139972360265    .414143577492926    .450359044465579    .485355838330982    .525489864754933    .559132595791651    .597271838916213    .634401207210343    .674927449790608    .717379290280502    .768789955585255    .823493613582542    .882629359690134    .94050933507873    .9999999099058 
 46776.903     10            3             2019          1 
   5.36375826334634E-02    .101728369788344    .144383761261674    .184897065745781    .223908560672294    .266790300833672    .313308985493065    .363200582935129    .414748208506878    .468223576668276    .521261237156402    .568838136379508    .615004082850996    .653455760394184    .689066826621142    .722200959280053    .759055168744284    .795235968940697    .836602788773767    .875891676710619    .912255777172764    .943933820955398    .97210268762342    1.00000006947873 
 43295.033     11            3             2019          2 
   3.20961079018291E-02    6.74705829022292E-02    .110010702432944    .154232867540342    .201392725292529    .249258529263622    .296651401710734    .341352283954547    .384734610463283    .422230566913415    .45383579999812    .484025193346082    .513052772560538    .548820443646503    .5932646386798    .644111984147812    .701535168739795    .75718279060441    .809309782718031    .851450334094906    .891913441317853    .92553080439389    .963920293986148    1.00000004980363 
 37157.85822   12            3             2019          3 
   .0457245675986111774340044295    .0853006645655907774761943747    .1237434077275512032996825402    .1574829196385259257819515949    .1934019705186334068530174827    .2345124131861225450361815822    .2807274288587885138876015659    .3432272636514731822452171464    .4056598179247802727635252816    .472285832409853034850187875    .5267932797446364765207933989    .570461028041459597344897776    .5877184812618083131272575268    .5970088444995417714901868206    .5946464909031562583964237969    .5954549336239972337135420611    .6059751847559528149790114571    .6328010043201031407563188662    .6749788927958291779067991718    .7291644701259102871941578768    .794601234150464983393222065    .8645541357577202144779592197    .933786328441402831748035019    1.0000000479037297968354215869 
 51620.224     13            3             2019          4 
   4.54548379335902E-02    8.45030223310587E-02    .119733421064291    .151154012890495    .178782013385393    .205471187997944    .233814041626883    .265515786506467    .300558071968072    .341592248018432    .384539509650326    .431807805115297    .480768524101135    .5311641518642    .58094902397169    .631426605442472    .677192567611679    .722195520330365    .762815727998391    .806317558187078    .848420726898628    .897754815777243    .947214067566813    1.0000000496414 
 44851.518     14            3             2019          5 
   5.50170431330914E-02    .106452825092369    .146450872528161    .179734545160768    .205434296316626    .22823701010939    .251625793983718    .279639865498811    .313527505809558    .354523888585276    .39860795514212    .445546427074107    .492221529993701    .538429553543762    .583597469808603    .62811994038864    .671545736827124    .714482114560203    .75797026953469    .801596161973827    .847281279587906    .895463525615789    .9465676522643    1.00000003414043 
 51821.862     15            3             2019          6 
   4.86678780201636E-02    9.59907789194742E-02    .142572220005453    .186760358615636    .228760723430297    .270255035232524    .311683503986213    .354278679901062    .39997443399226    .440284400083405    .484985385185986    .523352434851723    .564272928443308    .598115840810583    .635205716242886    .664989990734991    .699627429322204    .732834487040431    .772447579652773    .814703891887366    .860444948408068    .907931919857492    .954668951421506    1.00000002472412 
 29189.64566   16            3             2019          7 
   .0807139636925623440404586261    .1596850148265897106474159234    .2362168448467558410231143587    .3043514506301136099505498417    .3609153095831037230891825769    .4024146143060785616950171638    .429448173027256953690612221    .4483452849149796770777244166    .4673509969562268403363687835    .5013952608563457292752898735    .5520299967903070461596004177    .6215573909779348791176795669    .7032353266326015414878455225    .7847111358185634104062639039    .8577836227149322647858411859    .9015169387979477103388722671    .9160583965786996812759528373    .9011592777245107537903562204    .8725529010070209944439592762    .8419834994324490885238104668    .8433240432833674898402312431    .8667761950488850161670650441    .9231876369409823113282698205    .9999998060956249374354344252 
 54520.011     17            3             2019          1 
   4.46957537899479E-02    8.86853448463629E-02    .133278149409673    .176891489925827    .219288533915556    .263600030500728    .304916282252768    .346689218386255    .386239346824416    .428041407871781    .468492366672028    .513094324267928    .558667506390452    .606013654211295    .652863639600146    .700632367352237    .746147980303049    .791077799168089    .833246017343063    .873132031626883    .910450181425128    .942970995778046    .969771648386131    .999999941535228 
 33390.80281   18            3             2019          2 
   .0457835353255467294947617344    .0965635962198058933102962432    .1506941306153040050252089162    .1933300926225918435771805272    .2143470775688127278063489004    .2207073319540830770459693539    .2069273098738053372368138039    .1855527414316756884228983891    .1757386617324041512016583946    .1781835565276724773662307762    .197082473202147007617874043    .2330661842508721640406704555    .2800334287619962737877041178    .3370487994565231598874516548    .4016833640185244770399696778    .4702010337798164488037357255    .5386168790950372480726826825    .6073226245978959737386439916    .6716586039459768233107660343    .7371083630438773508482768941    .7990478741053066642335096345    .8639519739657316732840781914    .9291648414846842671645246376    .9999999158450901588250851642 
 60138.622     19            3             2019          3 
   4.13858816482048E-02    8.35599569285525E-02    .127600346153176    .17002216042629    .209520942818577    .24624779280256    .281613399736279    .316057161860144    .352415251186251    .39330038138802    .434936478404011    .479143750947187    .521170449436803    .567116185959499    .615210279302708    .667736450629015    .725871343439662    .781772854514359    .832272457955555    .875659327752804    .910116178127593    .93918982764936    .96873783695526    1.00000004988475 
 49113.045     20            3             2019          4 
   3.95725204482651E-02    8.30009659507214E-02    .123070324766821    .162594266181597    .19873339850441    .234738383597983    .269492428131874    .3062390655642    .345154885466275    .385769850581449    .427096463118913    .469333443512818    .511894174768129    .554159430172778    .596682501181713    .639406877541395    .68318621801499    .730029917458793    .779859633016035    .828894944052033    .878883970007358    .923908683527971    .96419178512043    1.00000003817723 
 47569.892     21            3             2019          5 
   3.56520257118791E-02    6.61232544782475E-02    9.77304377144161E-02    .126576161986425    .153527305543389    .183164761645612    .216368557369228    .254916607099928    .299626888999454    .348705496588052    .398392912317312    .450124400968264    .5012092259953    .549121088174322    .597005359372058    .641096814977003    .683301573004412    .723056892398452    .767785157705424    .811206710854    .859768644471591    .908633257723183    .955751920248211    1.00000005321118 
 48269.525     22            3             2019          6 
   4.41720337197745E-02    8.75251994853378E-02    .131538456782514    .178824495113635    .225822053193759    .27326114244702    .320405803402872    .358441698916138    .39463479253991    .421501875406895    .447348119750505    .472847880274873    .50915985390109    .548868647583543    .597759970576673    .649738693823898    .699559206870173    .748113878528948    .79561926624511    .844328587110604    .889706354578795    .933753540018262    .971183746369992    1.00000004855548 
 38345.3672    23            3             2019          7 
   2.49541100161573E-02    .041432944593353    5.38209968862125E-02    6.61115785039672E-02    8.37639640842323E-02    .106090001365113    .137604271739116    .176319224050226    .226562953566852    .281197695930527    .341315474154594    .398399608933071    .452790754195073    .500578724409764    .540588090342371    .585725805587018    .624325950189362    .67557659017215    .724289439879193    .781917001208167    .83236444564547    .892669665026705    .943677497401824    1.00000010154421 
 48855.89      24            3             2019          1 
   4.36078433941128E-02    8.97565619774811E-02    .137664560186602    .186967205361523    .234157531658414    .280325459318979    .322077338065073    .361506557538405    .398504399559091    .436226309854861    .473687008682576    .513830821818516    .554094886576112    .594881174383478    .636835398070734    .683350788154714    .729428427155866    .780153343588665    .822406677193886    .859502303611704    .893169959266938    .923253333042341    .956991828416185    .99999993283819 
 35604.7922    25            3             2019          2 
   6.62477686672013E-02    .13434391310322    .208802623581595    .273504566112522    .333743971847278    .380730959010835    .417109818111437    .43698948822611    .446004058856367    .44883546208072    .457037290992461    .466385384142194    .487712558448101    .514728924783614    .554174106547657    .600924418890444    .655916632217418    .714576167011024    .771210704468035    .821742108952682    .869038728988144    .912186998120579    .954806184243086    .99999991187984 
 47245.178     26            3             2019          3 
   3.66518885800367E-02    7.48055425227734E-02    .115379292980439    .157103954542726    .206037023701657    .256590628611347    .31259159003486    .367630027634778    .423216140174136    .471243032198969    .515716610208877    .551231353970134    .585217874642149    .61499497102117    .649058219100159    .684449148969234    .725143530123857    .765747706967048    .808877191128373    .849269375437637    .887572970277517    .923799385542584    .96238905455071    1.00000003571793 
 51236.572     27            3             2019          4 
   3.73585687973036E-02    7.63675604940696E-02    .116290701767919    .156237505872758    .200284660224    .24339010442336    .290406081604659    .337613305540816    .386446107833385    .435523829480142    .484706723500159    .535429007135762    .581515929920136    .625540650802126    .669415561090816    .706735095270425    .744345940532477    .77893625353195    .814860071410515    .843821775513202    .880821713760437    .913402201385565    .957155585930885    .999999967064541 
 50292.345     28            3             2019          5 
   4.46002084863139E-02    9.30024252914385E-02    .136748142597546    .174789216337248    .213488472997232    .24705848157657    .27181276916994    .300705088667072    .33150500463838    .361303510131611    .399331904102404    .440418899113772    .481059286644419    .521991716632024    .563046905423678    .606931333187983    .652719085528822    .700840226032411    .751918063400106    .804748854547347    .857879921263365    .912053331003953    .960996306942935    .999999975145323 
 45219.8644    29            3             2019          6 
   3.72363566407969E-02    6.19345266864069E-02    8.24163560586108E-02    .10489674320886    .136030672710703    .173614469173557    .225056651209242    .27847529844373    .333203411506415    .385170880786631    .436129671573606    .484591806543542    .536114551987688    .590506913995191    .648549497032548    .702374578618263    .750666451716516    .789891469826035    .822283812509619    .852419904647038    .884930247186898    .920541584485601    .95942167329343    1.00000006164326 
 30311.64042   30            3             2019          7 
   .0574799969865834136864572901    .1110439736471379004303984152    .159497669311557503623883382    .2053830447227243796922819263    .2474361300172747298643231926    .2878318982117299740651911573    .3264573564111974907097423268    .3634339761015151287546185532    .3987639676546413716001715489    .4271190810068338756045457206    .4505882826119906842046129023    .4603139192293176457521463301    .4624457734973355163600215339    .4617909095663520014797008469    .4694533124182528158929644627    .4905518076213705625635684418    .5366862292700686504118934781    .6033371914749046762412075354    .6802446094733661399114736529    .7593181919911413359264176703    .8322766320279540977742965717    .8934023241491065431423457088    .9478675387374498288535714954    .9999999861439369766712216758 
 44581.105     31            3             2019          1 
   3.52926865067751E-02    6.84849997076256E-02    9.69634291569545E-02    .123057975949116    .144877758119163    .168656312256616    .19941205507636    .240147918502973    .287715716564506    .341716991845536    .398609920124793    .451687602222399    .506367175132267    .55876158709783    .612222831006544    .663235193755292    .715404944959305    .763098041339487    .807763211847261    .846903339851042    .891700555510008    .925192883706001    .966055206432187    1.00000009813575 
