 8268.4375     1             1             2017          1 
   6.80297819267546E-04    7.44548168865036E-03    3.25378895472713E-02    6.49261150506444E-02    9.85781805104123E-02    .150084284293624    .222631240787634    .316518392843645    .416770108942137    .519099006954155    .596884271419933    .656656761404437    .690996683548131    .698160951850032    .695521372689822    .67892057050531    .67269507776182    .655934063078726    .655931051343588    .686343375599985    .722012122529196    .803867067916399    .898395217600816    1 
 9337.088      2             1             2017          2 
   8.51563665023794E-02    .166020701780228    .222932176875234    .263990218614599    .299994489842216    .308365686264082    .32493001527718    .303160653012213    .2915282737492    .258130558921649    .260925873441149    .259367566522748    .333294517963269    .407463803556848    .530667449195616    .635396279499829    .72288874017788    .758345458589445    .79561084532592    .822704420716475    .85437917841395    .919380739175587    .968000061455188    1.00000009287558 
 7074.638      3             1             2017          3 
  -.00127921742296   -2.07360428827937E-02   -5.88068923930719E-02   -5.23083258086734E-02    2.06706715326702E-02    .143381894593052    .315530202801984    .53496194566775    .740302896063375    .956761078270012    1.1545733472953    1.30678257627811    1.40496960652792    1.43232262378655    1.41002645758165    1.31356571928133    1.23692572790474    1.13844364335762    1.08362987088527    1.03258837623123    1.02276455202991    .998176693921477    .99158625070728    1.00000009496952 
 13279.1135    4             1             2017          4 
   1.30628067827332E-02    5.01680703308997E-02    .102526612519282    .172527514820314    .252310698477255    .337332353501986    .421805243778604    .506382636160162    .594197240475145    .67970279687251    .758801697657566    .831118257395345    .881821928592033    .908969825174135    .9158396067582    .90263748298691    .881918855949044    .863747476911768    .851365264448    .858112673405307    .877694205758728    .908208305612796    .948156349537189    .999999983526762 
 8287.988      5             1             2017          5 
   7.60845122379596E-02    .164994821138285    .233153706553426    .282012051658376    .309182397464861    .321306877957367    .324917530968463    .337541222025931    .361324141213088    .398958437698103    .449943369143467    .500199854370566    .562146444744038    .59208134542877    .609152714823549    .582751554493684    .554869346852487    .511957858280864    .514099511960864    .561843330522438    .657065499680079    .774984649659544    .899542973178472    1.00000015176331 
 14257.1245    6             1             2017          6 
   3.75426335093027E-02    .074935345400689    .107227091970755    .14489421778871    .190510014835039    .234197825012198    .26822292577191    .286654054878186    .302441785881333    .321106145420049    .355262759375146    .4021428297568    .462503893119366    .505453465618628    .568584183176716    .62466404680253    .7134960045546    .804802054294855    .920027751410356    .994795605852183    1.05026787166567    1.05417819734179    1.03708237239564    1.00000003507019 
 3638.3625     7             1             2017          7 
  -.114804396815059   -.19965026146077   -.265349453222432   -.306106105586218   -.335772610779145   -.365610896546437   -.413706035177655   -.477948547799233   -.489389134051977   -.426768236762589   -.267160027186423   -.015394978429728    .244010866919656    .435412221844305    .554785965162041    .636670342770958    .689702428268727    .815600411221222    1.01843891343204    1.20079425969444    1.33107264729325    1.33675173992249    1.18963885603585    .99999994631857 
 10008.35      8             1             2017          1 
  -7.16651595917409E-02   -.111378251601319   -.11557224717361   -8.74644671699131E-02   -6.07592635735099E-02   -2.34104510526679E-02    .015445855152354    7.02738225788498E-02    .177173251741046    .325620587278373    .498452444552549    .647400582622885    .768584403897745    .812083092258589    .802768360294154    .767213039221625    .724441234147612    .687284759803689    .676077857801236    .682462516845309    .712085291594019    .774237154554072    .876559186360639    .99999996097009 
 10315         9             1             2017          2 
   .117304895782841    .220178086562349    .284198929994244    .313506976528417    .331166947217341    .356294189098097    .39217639947134    .46164443089554    .53781990350824    .618302191892875    .677389666898934    .712062464023873    .712378769919414    .684025652872031    .640731886966796    .595982744713403    .561050588115002    .537696259240184    .550855474430441    .582027321028236    .653680263118032    .753147059046292    .875100543807562    1 
 11620.5755    10            1             2017          3 
   .110255988363862    .200111697216502    .27311152832023    .315820260674159    .349623448820908    .370116211448069    .381860474686688    .402609215115895    .42410235849012    .45075657236167    .488804403582465    .536345095118138    .565321723483596    .611672698097547    .630891832497883    .649804398604764    .661569082922141    .677646186445327    .688462130974064    .729430428569351    .771212964156767    .827786075305608    .907468032134037    1.0000000578177 
 6972.4005     11            1             2017          4 
   .18327088535653    .365396105441913    .53513678514039    .651294757182265    .730994739320769    .755163272857031    .750034093127252    .706062522311182    .652282608541707    .583681773004505    .515048653369991    .464908088774447    .46319058880349    .471042977661531    .502712486606119    .516830651504995    .505466194051909    .465413639530424    .436358021978944    .452523530879896    .497214035628762    .627172864012186    .794301403082052    .99999998431315 
 7550.812      12            1             2017          5 
   .180851403951241    .369298030463479    .463951744838006    .520005318943678    .498827120141185    .44440416536493    .443698949664702    .503644482830125    .622323771892016    .785933555680833    .927295822724927    .990856867550305    1.02059045054939    .979303500218751    .934222268909622    .88023632735625    .828937195864663    .782121038873866    .756598962262271    .768021574823675    .807744123868731    .87324534444524    .943906593154319    .999999872219869 
 17777.688     13            1             2017          6 
   1.29256124926658E-02    2.86173320175267E-02    .033728372766637    .037635659496726    4.57364042171323E-02    5.39538689636203E-02    .076142498014488    .11225025711038    .169675493702064    .242663066268797    .323713353502435    .403473454777275    .489371209117575    .563633559240099    .642961950571132    .712988610358107    .776483920023093    .821428611105111    .863231031679991    .89938661587702    .935088022975766    .969334558225457    .994230911979387    1.00000008173869 
 7264.9505     14            1             2017          7 
  -3.02393663934806E-02   -7.66970142751876E-02   -.115504918059253   -.119601644142525   -.102318319225171   -7.82971628240318E-02   -7.50073916942681E-02   -7.51846090870001E-02   -.074412065930241   -2.70511083838639E-02    4.83468605640362E-02    .169323245905117    .306096359822927    .445145894748354    .538112791404257    .611143227055539    .634560454743463    .621193219180399    .637373619127722    .670713474966209    .735015344929914    .844315814354998    .943698830841139    .999999958060623 
 10203.7495    15            1             2017          1 
   3.81550931064146E-02    5.36249002220336E-02    6.31593831673408E-02    .077770436135082    8.24304866187761E-02    8.51059725068773E-02    9.62146316900469E-02    .108287399646571    .133411747204116    .168205332093089    .203793972645484    .24041775992798    .297233889021323    .33866351729945    .390891872065325    .428683131918198    .452815173251387    .463170444875435    .504128408875581    .563036891717476    .659062886408202    .783944647473706    .902325131499455    1.0000000490016 
 1890.9875     16            1             2017          2 
   .239934158156246    .221643453486604    1.29297587673273E-02   -.266540610860149   -.458510421452251   -.455086297503289   -.246901427009449    2.86754807136152E-02    .448965150638473    .803898743691292    1.10890476474759    1.38923440918766    1.6075792957466    1.73385596212131    1.76810391519973    1.73873428813649    1.55297160998883    1.29887156966598    1.06044453150305    .819406423727021    .697975160960874    .722697693500089    .842192150451318    .999999896714018 
 7103.4125     17            1             2017          3 
   5.42485750480513E-02    .100937401565797    .136121193552109    .169946480113871    .20272297326725    .230762320387824    .25483878003508    .277400112517443    .310637655119106    .332558443520984    .358142984588833    .37132151657302    .401838525453435    .418624478518687    .457299565690698    .491893860873207    .526079880950705    .540474370922954    .559725681472637    .601900819456494    .657963634995856    .762800598259991    .87954376956586    .999999945008825 
 15412.788     18            1             2017          4 
   .034511113471874    6.38747180453639E-02    6.89038219431812E-02    6.34018979698567E-02    4.98660600669412E-02    .041150893660511    3.18753171784051E-02    3.50650389927527E-02    4.91077611790308E-02    7.90139299373919E-02    .117956431736162    .182874155275314    .258340703075994    .345120084394368    .432009808085176    .505381561544057    .555493345647458    .596718054331734    .623031431249655    .664780828527746    .725175457285048    .811949167835501    .902848472928778    .999999942215192 
 8440.55       19            1             2017          5 
   .125009629042428    .198713353987596    .21303410322787    .195234605703642    .173289948591731    .173457292613855    .199578217859951    .270807287578638    .353362630536147    .451706334580537    .563320791262122    .679235950263905    .76297159573058    .847357411265409    .89819088775687    .922318450811855    .934237116971791    .94488957417615    .944905887723549    .944782957623467    .946444567630368    .949578272816937    .964765375553133    1.00000009255913 
 12297.563     20            1             2017          6 
   4.22787008932557E-02    9.33782531686868E-02    .152312694081899    .209912532886089    .270026069202187    .337612622923745    .410434985993261    .492418724991996    .587874629548045    .672707518224342    .757023004146228    .827021629077037    .88600689306796    .926515903623547    .964917821141677    .985284693067846    .999740841056273    1.00732872655847    1.01050215129514    1.01337571987332    1.01317242756248    1.01338080218109    1.00864814130247    1.00000011816366 
 6769.1245     21            1             2017          7 
  -2.12453619371309E-02   -7.04245421836287E-02   -.111714967631939   -.146261529094346   -.174047622320148   -.18493344662431   -.167767275257264   -.160936621037782   -.10683435484576   -5.48907855122411E-02    4.73380920922408E-02    .142994851279789    .290907193643543    .394077847396476    .500101528893249    .549744226062765    .583720192796443    .617930665830566    .646883790372374    .730701867584575    .816584480270491    .904712539473347    .945170105985456    .999999929597616 
 9457.712      22            1             2017          1 
   8.46002679593565E-03    5.48864223805861E-02    .150773778646034    .270004521178061    .396656494787006    .512596259324533    .588786716630037    .631336627717148    .659870199545884    .683114447451059    .714575524367707    .70102574590715    .675148736257511    .610702631817822    .52631909430764    .443489864574275    .403979774942859    .379596229659589    .389618484265803    .444626503118566    .517962147336084    .641516037470929    .806752852361385    .999999887657818 
 4854.6255     23            1             2017          2 
   .354337332267571    .673787923931388    .878129174176257    .989074930477387    1.02655720430958    1.00903012578545    .937242919954639    .895779866284227    .831065791500034    .86312284718847    .921265889388636    1.03321835713048    1.14640162993778    1.16552773918271    1.10818813498719    .950099235576977    .76557417822124    .556551905851183    .468316449242583    .427463668493198    .485707090153633    .624626178038862    .795875247129001    1.00000019874731 
 11336.95      24            1             2017          3 
   7.71139934279474E-02    .159914042136553    .225663639898187    .289116557025644    .350410595649072    .409049612109077    .464054476939896    .508298070000088    .539183793439263    .585326036695826    .638944955364428    .715926621922673    .808711709829363    .887368192337886    .927007398236519    .928265469879465    .889983568662647    .832967555068824    .79849070682591    .800207472854251    .828052246332788    .881437381609472    .94352969920812    .999999931088167 
 6317.9625     25            1             2017          4 
   7.49272431115302E-02    .149571566597321    .189339134068638    .190057320602024    .17973754564738    .138292225959912    .102042402632524    8.29599057041234E-02    .115907628262771    .114053783069156    .156866238475938    .188379568385872    .271503684559104    .363287618251632    .541838053011552    .673702131769142    .804830229212543    .870559473782094    .902709870369601    .888235236290576    .901627576730631    .91711912167095    .950082706895221    .999999907258471 
 14903.5485    26            1             2017          5 
   3.03728005517287E-02    .063250039036949    .101019569187038    .134607204452014    .160139707824868    .185710805718517    .195881199109855    .21151673063067    .223014834510301    .25484366700802    .28430142644594    .324520029575507    .350448405269893    .358441468130056    .404963100367087    .42925261772599    .515449351814603    .593868569182534    .696304717820222    .75678947418546    .844589846652124    .88573271975295    .944728736708241    .999999956491066 
 14600.3755    27            1             2017          6 
   4.06890228410243E-02    7.45109227616697E-02    9.08384104466183E-02    .101999078963115    .106473275614555    .117680179163029    .139763518651669    .16784756331588    .203439123716801    .244233454576862    .271362030985308    .290275938129982    .312660649763768    .318548334114335    .343377332198151    .367729432230613    .398876760962843    .435092452491633    .486519218718039    .568725205903095    .6658750911706    .798469270319452    .9044477224019    1.00000003264043 
 9334.388      28            1             2017          7 
   5.98499307706019E-02    .104321243490083    9.15405461596344E-02    .120635921712275    .152720247843578    .20570443397039    .254442230170848    .288757548968395    .336762849118362    .406530417043343    .513875456069    .650439125936805    .798216581660201    .912909466788289    .979505980165759    1.00150523811122    .974746612840338    .943050661837712    .892988482647443    .883443174548508    .870803105945457    .8970595558193    .939476637689048    1.00000017659835 
 6126.549      29            1             2017          1 
   6.54589567639981E-02    .109880374742779    .106432267170311    4.62005588779211E-02   -2.05193044916579E-02   -3.38077815941043E-02    3.11329358951329E-02    .186075390892981    .391764125182872    .617372367469333    .797002361923083    .894004376867589    .968634498597824    .948282502718904    .927069516036883    .873007693901167    .832262896136553    .722545745420872    .665572390792006    .599405450806706    .583152426278236    .651965619863034    .799671090705999    .99999997194587 
 7739.0135     30            1             2017          2 
   .184708685764059    .374679651212167    .523606907745331    .65282881035968    .746390502080789    .816964717345757    .859439433579777    .91346120202772    .953949230940416    1.02036760523483    1.05354530873832    1.09032653293763    1.08358310239574    1.03907482038893    .981712883407233    .925525179077249    .874729001413585    .845359935491132    .850581866898313    .859420190070091    .885780138918869    .925820772004726    .961151477228008    1.00000008530238 
 4903.675      31            1             2017          3 
   3.56263408460475E-02    7.38017902688258E-02    7.38757119281871E-02    8.77428625856023E-02    .106524695823636    .157415096960124    .23509153848899    .338751038761745    .437251133317741    .560492915549307    .635423962162307    .722697772588926    .735203689308911    .722483637511025    .629430968068591    .533334653028086    .401380047553621    .326420970703732    .313688173362962    .373133385372323    .508595554290914    .680402933211443    .864517428255339    .999999960170178 
