 15749.9155    1             12            2017          6 
   9.38552979979678E-02    .169645410409107    .221445694522139    .229605259008175    .231225896423262    .203934486361808    .181492308666077    .171185907265264    .192039193747976    .219534582458355    .273255496295361    .347261473700446    .425610356350007    .517705344494547    .616323309103627    .715039736542555    .795020386379216    .864471527839308    .915055938613607    .944779126354678    .964383212186916    .979487273876168    .989708744885806    1.00000009474257 
 8255.025      2             12            2017          7 
   3.70728745344218E-02    6.69425577503362E-02    .120440275806914    .183267161516773    .271649703987117    .345957485932811    .455928382447358    .513602356500283    .578200912569162    .60971959361495    .648900274472973    .66222549153773    .705473415718759    .725883687606185    .734089272045663    .734492080675861    .745803372888786    .730851897310275    .753513875355465    .775962323421946    .814985548101762    .85287310087265    .936160262044936    1.00000016561882 
 10977.8       3             12            2017          1 
   7.51562232681383E-02    .156151501318286    .242195604068552    .321159521944288    .39223251449801    .442684344341535    .473642286520865    .48421929691343    .488599719433766    .492065787743218    .504388375360387    .524265983109093    .543961404991779    .545515678161266    .537646369619254    .532997205154949    .539174444674707    .558057991896145    .618539162559894    .678363289861129    .754488515316138    .837043798763186    .924869929254951    .999999982208412 
 11334.8005    4             12            2017          2 
   9.32074664313126E-02    .171076062354108    .239866408819899    .279897991201963    .296844685794757    .277252373502019    .247620180151991    .213326466526969    .215398629052293    .236834833214533    .297871408348233    .368672186475073    .446924564861111    .495475264981505    .572291808449783    .637536679557682    .702350339254979    .765139286913343    .833628582335878    .857803043572536    .893748757835438    .93258380393969    .960702923405004    1.00000002481296 
 6315.788      5             12            2017          3 
   8.42630404947095E-02    .144115035559622    .188943161355618    .242855673935204    .288980163864252    .340533524688942    .391469362176185    .452471235947715    .516295432968934    .56325117309194    .599555051191752    .615233997721266    .596596196334685    .565347118812114    .566419811933503    .535942609591036    .521757934243518    .482117188096224    .450068519322628    .426777665092523    .491565701043065    .606959069032637    .800917447622925    1.00000001360677 
 10328.213     6             12            2017          4 
   .116754276573244    .213197644509631    .28333805009849    .329228118626681    .359455995527736    .355048175671217    .339818043524628    .310473668929344    .301154535019151    .30449854018793    .335050780815435    .381934505778916    .454578955841635    .522434372389735    .583078948334891    .624901303791009    .675653046099916    .70437533352212    .750783410117752    .816138375202225    .873003246211373    .917840420911875    .967591320765025    1.00000008396298 
 11468.6885    7             12            2017          5 
   .023511842168918    8.05050617240095E-02    .142963162316767    .215575002218268    .296736200379679    .373876664275954    .445626367827498    .504380897810918    .558135954459287    .598741076832259    .633809384773486    .663909810148519    .687580790283366    .698646798193185    .704616303977892    .694926878722336    .67162430144857    .660936488686675    .632183183955057    .661097763393456    .698568247022643    .78906903034837    .878561676456074    .999999997956392 
 16276.525     8             12            2017          6 
   4.89270583120764E-02    .109594185491068    .146502404464597    .179956256019021    .2126590348773    .242133234611465    .265601852687383    .287351746802527    .306680952802426    .334658361985282    .37046145877652    .418613628849678    .470502007972371    .527324640567474    .571393451900052    .612273657921454    .647665886913822    .671448580662949    .707331535082734    .748866801651458    .805517419354715    .866487128798223    .941274307918152    .999999964001069 
 6627.3625     9             12            2017          7 
   .123661560355717    .199985288265128    .235812134917925    .239607011750762    .230444245177192    .22528193144921    .217352676209569    .221296545459497    .232087029784426    .259833731609153    .298442605048624    .298399227975778    .331823150565176    .310198786423332    .331798616271745    .3529665541439    .421845772509897    .516706291883649    .649394823709092    .764397224386021    .870480120060959    .954546397605382    .977706033838876    .999999970529377 
 14922.5755    10            12            2017          1 
  -3.75270334844851E-04   -3.33973835221552E-03    1.08108022108537E-02    1.61248984975006E-02    5.41293960951982E-02    7.86082453116714E-02    .118005765906286    .167109219931363    .229102530235984    .295615016479143    .390341492366716    .496755770361574    .592133851785504    .712974252291436    .794475792734304    .866889539903819    .899845453537829    .907303087736095    .880073345080412    .873914079250261    .863134284255255    .888534531643851    .938728641274926    .999999914140156 
 16026.8875    11            12            2017          2 
   .055405329050069    .113102125963518    .166153599619897    .211621732249166    .270007198840074    .309939300733689    .342514259240916    .357808077500232    .369637411320897    .3692326349919    .398009288931257    .43854039032844    .497345470375564    .580309902558279    .649887559558118    .703654261959005    .72855851709354    .75331689919908    .746729519377983    .78733316122672    .818882499506688    .8837415235218    .933883823453712    1.00000001218655 
 6259.5375     12            12            2017          3 
   8.67136710317555E-02    .186036108897822    .241948793952928    .280306256558741    .289196693657978    .278594864237174    .278469060120506    .293272466216554    .35826527937118    .474162443735859    .611113456490396    .756254003266016    .884168805278145    .925282082042803    .90865144477028    .808015015960644    .679998338160966    .57387629602227    .547602405604048    .570040157781725    .664424135644007    .789439378009158    .892504132443891    1.00000009360716 
 8690.0755     13            12            2017          4 
   6.58639257844156E-02    .124109971704396    .17203389646363    .221672423635013    .265519867498562    .330893303857803    .434781935070285    .550352017762964    .677335954783995    .773645532301474    .837581950884661    .872616191417152    .9027597954989    .916830433014506    .934735927351839    .926155737225758    .879658730381571    .852747306575472    .800030583379281    .825085037469611    .851661353787289    .923199835206409    .948580743774896    1.00000007731521 
-6648.6625     14            12            2017          5 
   1.84379191342438E-02   -5.50674596918753E-03   -3.46874219969847E-03   -6.18169420904146E-03   -1.35553533485001E-03    2.25270885919196E-02    5.63346368977172E-02    .075567828535885    8.31821419410248E-02    7.31199686999429E-02    5.09388148056799E-02    2.77048175763852E-02    1.93459939861906E-02    .015501235735941    .075300853875333    .13420179640219    .231493928290088    .332258548418103    .455390434495284    .537038449815094    .67161438896075    .772506832318718    .889692055662511    .999999941247582 
-7345.063      15            12            2017          6 
   8.77579299747412E-02    .135866773669202    .169581598471526    .188681159031584    .206689857447657    .25138996052944    .310473878210779    .393543268132111    .459080486805389    .497301744925044    .500171012509525    .477242332707017    .482625213378871    .51679952218628    .605030522500284    .723380439669986    .886530857529745    1.038342079337    1.17298177020401    1.26608001864654    1.29358494142596    1.24774978529796    1.14187762391385    .999999998404541 
 5325.9505     16            12            2017          7 
   .217602095303223    .387569418286816    .493332202510143    .522589881711607    .496664940957487    .456608728954813    .423570043682813    .441989309437583    .50648951505229    .585710125312961    .658776876936685    .731193528199215    .79404382108649    .875036369681806    .897656763479355    .944871322147098    .930125109681126    .916758950908153    .900067113020483    .941167739536586    .954235847784353    1.00179539695544    1.02463637197834    .999999942791902 
 6495.3625     17            12            2017          1 
  -2.29125005645554E-02   -1.47836235308629E-02    3.59256324960332E-02    .105201982523228    .249027675424437    .323290263041035    .41765566604972    .453844947248421    .5070367437032    .529943486422525    .63154094976897    .699903200167812    .770309201372518    .870792400683949    .898400589651463    .953006856815151    1.02775828102839    1.07333308956967    1.09360333586559    1.14329646728724    1.13145914561158    1.0866656186433    1.0749707513678    .99999996993047 
 3413.4375     18            12            2017          2 
  -.065930606039149   -5.78705501722283E-02    4.84372407277076E-02    .207452165156093    .441409861931246    .608924259589856    .771483981621349    .862209972649455    .984286310995148    1.13771299665843    1.37694400576765    1.63613647807379    1.91546264190241    2.0100703504074    2.0086128467454    1.80298066579694    1.49469182001282    1.21188675844548    1.05389716652934    .965533163965943    .980660861828252    1.03812861908359    1.00114609081754    .999999856953218 
 16.2375       19            12            2017          3 
  -.433410309754123    14.6212465493288    29.8421862971517    49.0592748628753    54.1370277316686    54.8167798847671    61.7059246295227    80.0130809757506    116.819856921189    162.630478974211    210.675128704773    254.216314232102    290.624308362202    302.006922392225    300.772138423788    288.589690386836    256.727500721709    220.38877562067    180.865299028099    144.598173474788    99.0485168879908    67.7783090357968    31.4619118071594    1.00001804272517 
 7102.8625     20            12            2017          4 
  -.060783590811869   -7.28139535292989E-02   -.080564348217774   -3.42115590721346E-02    .039586151047267    .137536093846517    .231751631906986    .327501757379067    .403453509720553    .481110567328489    .55887675649914    .643714052235102    .680399993334553    .684000681833381    .648856400214526    .55162447435365    .510676180949934    .488333083195771    .510176375578772    .584503837801309    .699520874286599    .780203161929433    .900730259609242    1.00000010999087 
-8485.3115     21            12            2017          5 
  -4.21168981244825E-02   -7.01034930286222E-02   -3.50163891428643E-02    3.92987994526354E-02    .128906581685304    .213809186478083    .291319593865234    .355225609710601    .417854429975847    .478381070906324    .530970454889164    .570587456298746    .56063793297394    .549194617350671    .520231308777674    .521991703784976    .566739642067796    .686982700285222    .805530158369112    .943549511816685    1.03401316829971    1.06265825693317    1.04076449491571    .99999988767354 
 11371.075     22            12            2017          6 
   3.99071772988495E-02    7.29911243069037E-02    .097887624909172    .121290199138769    .139835059673063    .148447921693584    .149394397833428    .149940742344749    .159364871161588    .191174739827809    .251158070442713    .321857195092592    .399289390789789    .464366791123531    .512827451587691    .556654645119305    .616001488082151    .683320303997753    .762313520819272    .836632605921164    .892538744138087    .932255745389068    .962994889170549    .999999931294974 
 9327.2        23            12            2017          7 
   5.64772948381146E-02    .129876860276597    .208580814776775    .288358237324371    .340179801958586    .384590246428122    .393474214695997    .384291405027098    .354913622716021    .335517384010274    .330186191620677    .359093580762112    .412287454844768    .483436862583358    .567800337152361    .636548203356179    .669351445738003    .703776289457849    .70729155638214    .724739161739322    .765560630132837    .842697937969728    .910947220394384    .9999999162396 
 4579.5625     24            12            2017          1 
   .103252222478352    .119836772135541    6.45531096038104E-02   -.02919219903648   -.151433679527247   -.253091872603142   -.329169014123552   -.34537142454417   -.270836460906473   -.159190976084301    3.68293861227874E-02    .242130110809916    .444545729242013    .541836692915535    .592663043941834    .51394373396408    .515049188906555    .466051615192499    .556758948555402    .654109940308845    .788495058718764    .853850657387441    .971776779987171    1 
 9439.375      25            12            2017          2 
   5.32212143282792E-02    .128447330931769    .215455202401841    .297378004369993    .360443625645567    .387754761057406    .386621216604317    .367227718623783    .340733654944382    .319871569390187    .311961872227372    .320395963343376    .329292219467986    .352359164983778    .404800396651328    .440948197378004    .489919945540621    .549308136214659    .5771025934417    .612851803035821    .666623921985698    .735599611832086    .841152161408329    1.00000010345627 
 13551.9995    26            12            2017          3 
   .1101903854725    .226520965538609    .323445770055002    .393407770865288    .442859868667351    .469259124018009    .483888898414953    .493932604857497    .505169883729611    .522151709571067    .541967058417284    .574180002690747    .607512693514341    .607658399642429    .598915239292733    .574147683601505    .562878121670348    .56077511096702    .609825039678647    .672871980417908    .756984049544682    .842275891534493    .935467931318917    .999999892774125 
 12733.375     27            12            2017          4 
   6.17147868820374E-02    .104567720655364    .127599715269052    .126573867840542    .128601020893052    .115518273827638    .111323590518151    .114101722788661    .143413466671002    .192665934809605    .265315562357044    .342673305020272    .418211023626395    .473422222726693    .532282289652194    .585773606761758    .626652392028331    .68288844154633    .738073143167071    .780699343261311    .836409239498562    .901938771879019    .946581311293157    1 
 10256.2375    28            12            2017          5 
   6.53346341106144E-02    .113963578204391    .163732072742471    .214457290243498    .259968609803303    .304548807722496    .350359963875642    .373772545731317    .391829845123212    .37980300802469    .366012619492833    .35745927840101    .377955332859943    .404455046182262    .468413695507246    .507441155854547    .528472279140499    .569569221367119    .59182520903438    .64529390994078    .725931433950559    .813865727593818    .896158351503171    1.00000007617316 
 17535.3625    29            12            2017          6 
   4.49505948671399E-02    9.06104707656814E-02    .139874496463931    .179073147123598    .21755324419441    .252438470984347    .289311115921827    .32769354483868    .369737158137236    .40871481284426    .445796299165829    .479534569074349    .510999558748786    .534082936159717    .572124647319809    .61216800568708    .644233233344905    .693924228291545    .735952136718018    .778149011746977    .828154382590465    .892652621506256    .942317942885412    .999999933170757 
 7727.488      30            12            2017          7 
   8.85232691399844E-02    .1282725997874    .132921594237877    .113371254954654    9.20221390943522E-02    7.25834127690493E-02    6.57684547770711E-02    7.38354351329751E-02    .109621648792717    .164563500530307    .243554244277054    .349667323822195    .446945073911794    .53360487819182    .558957566886548    .559960480123036    .513917050637526    .487889834548675    .482161912205493    .539983095492999    .622534190707414    .748140985567529    .878026400890238    1.00000003639604 
 13040.213     31            12            2017          1 
   7.07005332050198E-02    .129340295285054    .169133556150981    .203692033251297    .224511290484912    .252820843224292    .299493777171    .376287012564039    .46637373123957    .561143117926831    .644431604807759    .670642818128239    .69218196016526    .683730189429229    .689285121699124    .722959801706268    .785278599000837    .818030202876096    .870715338511917    .880042256714863    .872469527649778    .88777891679185    .933474105973192    1.00000006650102 
