 52830.597     1             5             2019          4 
 51401.753     2             5             2019          5 
 48593.969     3             5             2019          6 
 51260.956     4             5             2019          7 
 49418.8058    5             5             2019          1 
 48559.423     6             5             2019          2 
 64489.465     7             5             2019          3 
 49017.656     8             5             2019          4 
 51249.553     9             5             2019          5 
 47557.238     10            5             2019          6 
 47311.569     11            5             2019          7 
 51483.464     12            5             2019          1 
 43830.067     13            5             2019          2 
 50066.898     14            5             2019          3 
 44736.5846    15            5             2019          4 
 48616.77      16            5             2019          5 
 46347.97      17            5             2019          6 
 41733.608     18            5             2019          7 
 50747.1853    19            5             2019          1 
 53645.699     20            5             2019          2 
 52743.148     21            5             2019          3 
 48055.502     22            5             2019          4 
 58685.438     23            5             2019          5 
 51371.095     24            5             2019          6 
 38524.358     25            5             2019          7 
 44552.366     26            5             2019          1 
 51922.754     27            5             2019          2 
 35269.82979   28            5             2019          3 
 73878.792     29            5             2019          4 
 67258.596     30            5             2019          5 
 49137.508     31            5             2019          6 
