 20475.7135    1             3             2017          4 
 8883.7255     2             3             2017          5 
 12548.387     3             3             2017          6 
 10954.8875    4             3             2017          7 
 8305.875      5             3             2017          1 
 6302.4875     6             3             2017          2 
 11197.062     7             3             2017          3 
 5588.613      8             3             2017          4 
 2230.6245     9             3             2017          5 
 3699.4        10            3             2017          6 
 7320.0375     11            3             2017          7 
 3606.2625     12            3             2017          1 
-3108.825      13            3             2017          2 
 3846.4625     14            3             2017          3 
 3011.8375     15            3             2017          4 
 1045.1125     16            3             2017          5 
 3234.3745     17            3             2017          6 
 5610.5875     18            3             2017          7 
 421.3125      19            3             2017          1 
 3855.1625     20            3             2017          2 
 10537         21            3             2017          3 
 16868.1495    22            3             2017          4 
 16110.1505    23            3             2017          5 
 8436.7        24            3             2017          6 
 2708.8625     25            3             2017          7 
 3761.2375     26            3             2017          1 
 2793.675      27            3             2017          2 
 6883.15       28            3             2017          3 
-563.962       29            3             2017          4 
 9490.3        30            3             2017          5 
 10471.0875    31            3             2017          6 
