 49649.161     1             3             2019          6 
 45460.302     2             3             2019          7 
 49432.926     3             3             2019          1 
 45076.135     4             3             2019          2 
 33434.642     5             3             2019          3 
 47075.112     6             3             2019          4 
 52268.572     7             3             2019          5 
 49384.253     8             3             2019          6 
 47172.848     9             3             2019          7 
 46776.903     10            3             2019          1 
 43295.033     11            3             2019          2 
 37157.85822   12            3             2019          3 
 51620.224     13            3             2019          4 
 44851.518     14            3             2019          5 
 51821.862     15            3             2019          6 
 29189.64566   16            3             2019          7 
 54520.011     17            3             2019          1 
 33390.80281   18            3             2019          2 
 60138.622     19            3             2019          3 
 49113.045     20            3             2019          4 
 47569.892     21            3             2019          5 
 48269.525     22            3             2019          6 
 38345.3672    23            3             2019          7 
 48855.89      24            3             2019          1 
 35604.7922    25            3             2019          2 
 47245.178     26            3             2019          3 
 51236.572     27            3             2019          4 
 50292.345     28            3             2019          5 
 45219.8644    29            3             2019          6 
 30311.64042   30            3             2019          7 
 44581.105     31            3             2019          1 
