 73429.395     1             11            2019          6 
 68911.317     2             11            2019          7 
 62004.205     3             11            2019          1 
 70812.796     4             11            2019          2 
 64616.063     5             11            2019          3 
 65711.547     6             11            2019          4 
 61325.823     7             11            2019          5 
 67587.12      8             11            2019          6 
 73045.624     9             11            2019          7 
 66030.189     10            11            2019          1 
 61256.738     11            11            2019          2 
 66408.245     12            11            2019          3 
 70254.325     13            11            2019          4 
 70431.742     14            11            2019          5 
 69570.006     15            11            2019          6 
 56319.199     16            11            2019          7 
 73343.515     17            11            2019          1 
 68581.432     18            11            2019          2 
 66328.202     19            11            2019          3 
 60644.41      20            11            2019          4 
 44532.7626    21            11            2019          5 
 67201.111     22            11            2019          6 
 47317.5425    23            11            2019          7 
 64637.697     24            11            2019          1 
 62465.588     25            11            2019          2 
 47038.314117                26            11            2019          3 
 63336.177     27            11            2019          4 
 34361.98731   28            11            2019          5 
 49996.911     29            11            2019          6 
 38026.6254    30            11            2019          7 
