 50300.444     1             8             2018          4 
 51779.634     2             8             2018          5 
 49733.053     3             8             2018          6 
 36104.2907    4             8             2018          7 
 48238.299     5             8             2018          1 
 48875.304     6             8             2018          2 
 46181.129     7             8             2018          3 
 46580.408     8             8             2018          4 
 49753.458     9             8             2018          5 
 50775.42      10            8             2018          6 
 30673.2026    11            8             2018          7 
 53109.933     12            8             2018          1 
 51760.483     13            8             2018          2 
 47769.016     14            8             2018          3 
 45540.2747    15            8             2018          4 
 54073.022     16            8             2018          5 
 52196.407     17            8             2018          6 
 31068.6535    18            8             2018          7 
 52464.991     19            8             2018          1 
 50647.134     20            8             2018          2 
 47555.092     21            8             2018          3 
 48271.982     22            8             2018          4 
 45380.266     23            8             2018          5 
 51193.318     24            8             2018          6 
 39432.67088   25            8             2018          7 
 54980.664     26            8             2018          1 
 43941.218     27            8             2018          2 
 50598.369     28            8             2018          3 
 54141.601     29            8             2018          4 
 40081.4892    30            8             2018          5 
 56194.22      31            8             2018          6 
