 34477.2211    1             1             2021          6 
 39331.199     2             1             2021          7 
 32022.968     3             1             2021          1 
 38936.605     4             1             2021          2 
 37529.341     5             1             2021          3 
 39384.453     6             1             2021          4 
 37499.615     7             1             2021          5 
 40049.217     8             1             2021          6 
 39099.348     9             1             2021          7 
 40380.976     10            1             2021          1 
 40048.1547    11            1             2021          2 
 37936.485     12            1             2021          3 
 36591.488     13            1             2021          4 
 42121.185     14            1             2021          5 
 48073.444     15            1             2021          6 
 47454.9       16            1             2021          7 
 40209.167     17            1             2021          1 
 38307.692     18            1             2021          2 
 41256.374     19            1             2021          3 
