 8268.4375     1             1             2017          1 
 9337.088      2             1             2017          2 
 7074.638      3             1             2017          3 
 13279.1135    4             1             2017          4 
 8287.988      5             1             2017          5 
 14257.1245    6             1             2017          6 
 3638.3625     7             1             2017          7 
 10008.35      8             1             2017          1 
 10315         9             1             2017          2 
 11620.5755    10            1             2017          3 
 6972.4005     11            1             2017          4 
 7550.812      12            1             2017          5 
 17777.688     13            1             2017          6 
 7264.9505     14            1             2017          7 
 10203.7495    15            1             2017          1 
 1890.9875     16            1             2017          2 
 7103.4125     17            1             2017          3 
 15412.788     18            1             2017          4 
 8440.55       19            1             2017          5 
 12297.563     20            1             2017          6 
 6769.1245     21            1             2017          7 
 9457.712      22            1             2017          1 
 4854.6255     23            1             2017          2 
 11336.95      24            1             2017          3 
 6317.9625     25            1             2017          4 
 14903.5485    26            1             2017          5 
 14600.3755    27            1             2017          6 
 9334.388      28            1             2017          7 
 6126.549      29            1             2017          1 
 7739.0135     30            1             2017          2 
 4903.675      31            1             2017          3 
