 48123.081     1             1             2019          3 
 32445.80912   2             1             2019          4 
 44052.496     3             1             2019          5 
 45613.1473    4             1             2019          6 
 47441.365     5             1             2019          7 
 48770.768     6             1             2019          1 
 40294.4369    7             1             2019          2 
 34607.8808    8             1             2019          3 
 24815.7727    9             1             2019          4 
 30905.1572    10            1             2019          5 
 45472.094     11            1             2019          6 
 33164.7902    12            1             2019          7 
 28191.671218                13            1             2019          1 
 20114.555204                14            1             2019          2 
 32936.4439    15            1             2019          3 
 32431.6559    16            1             2019          4 
 22609.20122   17            1             2019          5 
 5190.11582    18            1             2019          6 
 5135.57213    19            1             2019          7 
 4134.89814    20            1             2019          1 
 429.63214     21            1             2019          2 
 3731.0261122                22            1             2019          3 
 18198.58447   23            1             2019          4 
 49707.406     24            1             2019          5 
 47157.367     25            1             2019          6 
 47804.291     26            1             2019          7 
 47670.053     27            1             2019          1 
 36535.6796    28            1             2019          2 
 32949.9514    29            1             2019          3 
 38233.0024    30            1             2019          4 
 50854.199     31            1             2019          5 
