 2560.439      0             1             12            2020          3 
 2572.139      1             1             12            2020          3 
 2440.393      2             1             12            2020          3 
 2298.68       3             1             12            2020          3 
 2179.318      4             1             12            2020          3 
 2171.963      5             1             12            2020          3 
 2187.229      6             1             12            2020          3 
 2437.989      7             1             12            2020          3 
 2609.515      8             1             12            2020          3 
 2764.88       9             1             12            2020          3 
 2675.209      10            1             12            2020          3 
 2697.844      11            1             12            2020          3 
 2262.337      12            1             12            2020          3 
 2054.287      13            1             12            2020          3 
 1691.637      14            1             12            2020          3 
 1463.363      15            1             12            2020          3 
 1072.733      16            1             12            2020          3 
 967.2742      17            1             12            2020          3 
 657.7548      18            1             12            2020          3 
 756.0375      19            1             12            2020          3 
 832.4375      20            1             12            2020          3 
 1248.31       21            1             12            2020          3 
 1688.044      22            1             12            2020          3 
 2196.698      23            1             12            2020          3 
 2439.425      0             2             12            2020          4 
 2691.021      1             2             12            2020          4 
 2667.4        2             2             12            2020          4 
 2670.438      3             2             12            2020          4 
 2720.793      4             2             12            2020          4 
 2809.962      5             2             12            2020          4 
 2949.377      6             2             12            2020          4 
 3032.059      7             2             12            2020          4 
 3077.588      8             2             12            2020          4 
 2983.547      9             2             12            2020          4 
 2759.362      10            2             12            2020          4 
 2452.107      11            2             12            2020          4 
 2161.269      12            2             12            2020          4 
 1916.931      13            2             12            2020          4 
 1779.408      14            2             12            2020          4 
 1721.989      15            2             12            2020          4 
 1726.201      16            2             12            2020          4 
 1712.661      17            2             12            2020          4 
 1709.593      18            2             12            2020          4 
 1727.287      19            2             12            2020          4 
 1691.164      20            2             12            2020          4 
 1687.134      21            2             12            2020          4 
 1645.698      22            2             12            2020          4 
 1582.973      23            2             12            2020          4 
 1503.066      0             3             12            2020          5 
 1480.362      1             3             12            2020          5 
 1446.614      2             3             12            2020          5 
 1455.054      3             3             12            2020          5 
 1499.879      4             3             12            2020          5 
 1602.837      5             3             12            2020          5 
 1651.024      6             3             12            2020          5 
 1750.403      7             3             12            2020          5 
 1799.917      8             3             12            2020          5 
 1693.78       9             3             12            2020          5 
 1617.068      10            3             12            2020          5 
 1508.641      11            3             12            2020          5 
 1329.422      12            3             12            2020          5 
 1233.93       13            3             12            2020          5 
 1272.676      14            3             12            2020          5 
 1204.198      15            3             12            2020          5 
 1316.312      16            3             12            2020          5 
 1437.673      17            3             12            2020          5 
 1507.03       18            3             12            2020          5 
 1631.878      19            3             12            2020          5 
 1668.666      20            3             12            2020          5 
 1689.407      21            3             12            2020          5 
 1635.195      22            3             12            2020          5 
 1617.063      23            3             12            2020          5 
 1452.47       0             4             12            2020          6 
 1412.214      1             4             12            2020          6 
 1231.952      2             4             12            2020          6 
 1165.234      3             4             12            2020          6 
 1179.143      4             4             12            2020          6 
 1217.948      5             4             12            2020          6 
 1268.384      6             4             12            2020          6 
 1371.491      7             4             12            2020          6 
 1418.002      8             4             12            2020          6 
 1420.343      9             4             12            2020          6 
 1490.229      10            4             12            2020          6 
 1521.835      11            4             12            2020          6 
 1571.141      12            4             12            2020          6 
 1644.506      13            4             12            2020          6 
 1638.385      14            4             12            2020          6 
 1666.728      15            4             12            2020          6 
 1635.083      16            4             12            2020          6 
 1597.027      17            4             12            2020          6 
 1557.311      18            4             12            2020          6 
 1514.537      19            4             12            2020          6 
 1446.281      20            4             12            2020          6 
 1435.976      21            4             12            2020          6 
 1431.638      22            4             12            2020          6 
 1420.971      23            4             12            2020          6 
 1451.777      0             5             12            2020          7 
 1455.254      1             5             12            2020          7 
 1476.509      2             5             12            2020          7 
 1463.804      3             5             12            2020          7 
 1479.743      4             5             12            2020          7 
 1478.226      5             5             12            2020          7 
 1490.18       6             5             12            2020          7 
 1487.628      7             5             12            2020          7 
 1506.164      8             5             12            2020          7 
 1550.039      9             5             12            2020          7 
 1555.514      10            5             12            2020          7 
 1620.783      11            5             12            2020          7 
 1632.373      12            5             12            2020          7 
 1655.824      13            5             12            2020          7 
 1671.776      14            5             12            2020          7 
 1702.17       15            5             12            2020          7 
 1704.746      16            5             12            2020          7 
 1737.719      17            5             12            2020          7 
 1729.676      18            5             12            2020          7 
 1707.48       19            5             12            2020          7 
 1684.635      20            5             12            2020          7 
 1637.66       21            5             12            2020          7 
 1592.302      22            5             12            2020          7 
 1584.062      23            5             12            2020          7 
 1544.179      0             6             12            2020          1 
 1539.769      1             6             12            2020          1 
 1531.26       2             6             12            2020          1 
 1532.882      3             6             12            2020          1 
 1540.347      4             6             12            2020          1 
 1477.954      5             6             12            2020          1 
 1491.404      6             6             12            2020          1 
 1424.545      7             6             12            2020          1 
 1445.371      8             6             12            2020          1 
 1471.139      9             6             12            2020          1 
 1560.756      10            6             12            2020          1 
 1591.598      11            6             12            2020          1 
 1674.574      12            6             12            2020          1 
 1673.472      13            6             12            2020          1 
 1661.23       14            6             12            2020          1 
 1653.027      15            6             12            2020          1 
 1635.948      16            6             12            2020          1 
 1615.57       17            6             12            2020          1 
 1607.689      18            6             12            2020          1 
 1534.82       19            6             12            2020          1 
 1500.193      20            6             12            2020          1 
 1444.815      21            6             12            2020          1 
 1431.886      22            6             12            2020          1 
 1416.813      23            6             12            2020          1 
 1396.561      0             7             12            2020          2 
 1362.911      1             7             12            2020          2 
 1387.103      2             7             12            2020          2 
 1388.231      3             7             12            2020          2 
 1447.706      4             7             12            2020          2 
 1553.973      5             7             12            2020          2 
 1617.437      6             7             12            2020          2 
 1641.64       7             7             12            2020          2 
 1690.549      8             7             12            2020          2 
 1652.985      9             7             12            2020          2 
 1638.836      10            7             12            2020          2 
 1648.378      11            7             12            2020          2 
 1511.489      12            7             12            2020          2 
 1503.055      13            7             12            2020          2 
 1377.838      14            7             12            2020          2 
 1384.775      15            7             12            2020          2 
 1401.837      16            7             12            2020          2 
 1551.336      17            7             12            2020          2 
 1561.097      18            7             12            2020          2 
 1727.62       19            7             12            2020          2 
 1711.068      20            7             12            2020          2 
 1713.018      21            7             12            2020          2 
 1672.418      22            7             12            2020          2 
 1628.091      23            7             12            2020          2 
 1556.829      0             8             12            2020          3 
 1523.863      1             8             12            2020          3 
 1472.336      2             8             12            2020          3 
 1485.518      3             8             12            2020          3 
 1527.509      4             8             12            2020          3 
 1556.138      5             8             12            2020          3 
 1654.261      6             8             12            2020          3 
 1679.894      7             8             12            2020          3 
 1771.707      8             8             12            2020          3 
 1784.893      9             8             12            2020          3 
 1842.447      10            8             12            2020          3 
 1813.314      11            8             12            2020          3 
 1928.009      12            8             12            2020          3 
 1819.029      13            8             12            2020          3 
 1822.277      14            8             12            2020          3 
 1707.808      15            8             12            2020          3 
 1590.748      16            8             12            2020          3 
 1441.073      17            8             12            2020          3 
 1438.426      18            8             12            2020          3 
 1480.593      19            8             12            2020          3 
 1517.579      20            8             12            2020          3 
 1674.741      21            8             12            2020          3 
 1702.154      22            8             12            2020          3 
 1701.493      23            8             12            2020          3 
 1572.75       0             9             12            2020          4 
 1434.005      1             9             12            2020          4 
 1286.573      2             9             12            2020          4 
 1112.064      3             9             12            2020          4 
 1104.243      4             9             12            2020          4 
 1228.357      5             9             12            2020          4 
 1389.427      6             9             12            2020          4 
 1573.441      7             9             12            2020          4 
 1812.018      8             9             12            2020          4 
 1859.748      9             9             12            2020          4 
 1809.932      10            9             12            2020          4 
 1777.023      11            9             12            2020          4 
 1646.226      12            9             12            2020          4 
 1557.833      13            9             12            2020          4 
 1557.339      14            9             12            2020          4 
 1551.182      15            9             12            2020          4 
 1600.597      16            9             12            2020          4 
 1641.723      17            9             12            2020          4 
 1686.212      18            9             12            2020          4 
 1655.99       19            9             12            2020          4 
 1646.816      20            9             12            2020          4 
 1574.052      21            9             12            2020          4 
 1563.782      22            9             12            2020          4 
 1519.895      23            9             12            2020          4 
 1536.136      0             10            12            2020          5 
 1508.88       1             10            12            2020          5 
 1543.089      2             10            12            2020          5 
 1487.875      3             10            12            2020          5 
 1542.67       4             10            12            2020          5 
 1517.219      5             10            12            2020          5 
 1625.142      6             10            12            2020          5 
 1657.966      7             10            12            2020          5 
 1774.713      8             10            12            2020          5 
 1763.451      9             10            12            2020          5 
 1812.278      10            10            12            2020          5 
 1731.328      11            10            12            2020          5 
 1689.099      12            10            12            2020          5 
 1612.503      13            10            12            2020          5 
 1575.518      14            10            12            2020          5 
 1552.165      15            10            12            2020          5 
 1563.967      16            10            12            2020          5 
 1606.901      17            10            12            2020          5 
 1634.425      18            10            12            2020          5 
 1762.812      19            10            12            2020          5 
 1802.659      20            10            12            2020          5 
 1863.997      21            10            12            2020          5 
 1863.202      22            10            12            2020          5 
 1808.348      23            10            12            2020          5 
 1681.983      0             11            12            2020          6 
 1608.088      1             11            12            2020          6 
 1524.683      2             11            12            2020          6 
 1467.029      3             11            12            2020          6 
 1506.872      4             11            12            2020          6 
 1513.982      5             11            12            2020          6 
 1545.804      6             11            12            2020          6 
 1465.239      7             11            12            2020          6 
 1399.562      8             11            12            2020          6 
 1305.277      9             11            12            2020          6 
 1204.684      10            11            12            2020          6 
 1217.74       11            11            12            2020          6 
 1198.25       12            11            12            2020          6 
 1194.756      13            11            12            2020          6 
 1182.523      14            11            12            2020          6 
 1191.836      15            11            12            2020          6 
 1173.361      16            11            12            2020          6 
 1276.511      17            11            12            2020          6 
 1372.375      18            11            12            2020          6 
 1456.041      19            11            12            2020          6 
 1538.677      20            11            12            2020          6 
 1554.714      21            11            12            2020          6 
 1548.833      22            11            12            2020          6 
 1567.072      23            11            12            2020          6 
 1566.443      0             12            12            2020          7 
 1568.509      1             12            12            2020          7 
 1524.364      2             12            12            2020          7 
 1500.018      3             12            12            2020          7 
 1498.494      4             12            12            2020          7 
 1543.183      5             12            12            2020          7 
 1664.921      6             12            12            2020          7 
 1759.346      7             12            12            2020          7 
 1892.455      8             12            12            2020          7 
 1897.662      9             12            12            2020          7 
 1885.117      10            12            12            2020          7 
 1780.785      11            12            12            2020          7 
 1677.093      12            12            12            2020          7 
 1557.775      13            12            12            2020          7 
 1517.725      14            12            12            2020          7 
 1436.219      15            12            12            2020          7 
 1456.036      16            12            12            2020          7 
 1460.635      17            12            12            2020          7 
 1440.435      18            12            12            2020          7 
 1463.148      19            12            12            2020          7 
 1482.014      20            12            12            2020          7 
 1434.744      21            12            12            2020          7 
 1460.312      22            12            12            2020          7 
 1474.456      23            12            12            2020          7 
 1463.118      0             13            12            2020          1 
 1494.625      1             13            12            2020          1 
 1510.64       2             13            12            2020          1 
 1518.061      3             13            12            2020          1 
 1531.633      4             13            12            2020          1 
 1590.389      5             13            12            2020          1 
 1594.916      6             13            12            2020          1 
 1640.022      7             13            12            2020          1 
 1652.77       8             13            12            2020          1 
 1650.481      9             13            12            2020          1 
 1638.001      10            13            12            2020          1 
 1649.949      11            13            12            2020          1 
 1595.683      12            13            12            2020          1 
 1606.948      13            13            12            2020          1 
 1584.227      14            13            12            2020          1 
 1577.624      15            13            12            2020          1 
 1590.986      16            13            12            2020          1 
 1626.351      17            13            12            2020          1 
 1691.003      18            13            12            2020          1 
 1778.08       19            13            12            2020          1 
 1827.619      20            13            12            2020          1 
 1857.91       21            13            12            2020          1 
 1826.178      22            13            12            2020          1 
 1738.608      23            13            12            2020          1 
 1658.869      0             14            12            2020          2 
 1584.95       1             14            12            2020          2 
 1522.651      2             14            12            2020          2 
 1571.69       3             14            12            2020          2 
 1539.783      4             14            12            2020          2 
 1638.855      5             14            12            2020          2 
 1581.865      6             14            12            2020          2 
 1645.798      7             14            12            2020          2 
 1572.409      8             14            12            2020          2 
 1619.923      9             14            12            2020          2 
 1532.378      10            14            12            2020          2 
 1580.413      11            14            12            2020          2 
 1456.582      12            14            12            2020          2 
 1495.813      13            14            12            2020          2 
 1433.177      14            14            12            2020          2 
 1468.553      15            14            12            2020          2 
 1510.341      16            14            12            2020          2 
 1604.99       17            14            12            2020          2 
 1596.743      18            14            12            2020          2 
 1722.458      19            14            12            2020          2 
 1658.119      20            14            12            2020          2 
 1677.714      21            14            12            2020          2 
 1632.252      22            14            12            2020          2 
 1624.623      23            14            12            2020          2 
 1543.342      0             15            12            2020          3 
 1574.46       1             15            12            2020          3 
 1512.484      2             15            12            2020          3 
 1454.182      3             15            12            2020          3 
 1493.25       4             15            12            2020          3 
 1404.668      5             15            12            2020          3 
 1426.044      6             15            12            2020          3 
 1412.236      7             15            12            2020          3 
 1494.622      8             15            12            2020          3 
 1478.265      9             15            12            2020          3 
 1593.049      10            15            12            2020          3 
 1582.274      11            15            12            2020          3 
 1611.11       12            15            12            2020          3 
 1600.384      13            15            12            2020          3 
 1618.276      14            15            12            2020          3 
 1606.758      15            15            12            2020          3 
 1634.893      16            15            12            2020          3 
 1644.813      17            15            12            2020          3 
 1661.834      18            15            12            2020          3 
 1600.145      19            15            12            2020          3 
 1589.004      20            15            12            2020          3 
 1473.182      21            15            12            2020          3 
 1456.211      22            15            12            2020          3 
 1412.597      23            15            12            2020          3 
 1447.513      0             16            12            2020          4 
 1460.24       1             16            12            2020          4 
 1545.999      2             16            12            2020          4 
 1531.293      3             16            12            2020          4 
 1557.971      4             16            12            2020          4 
 1582.63       5             16            12            2020          4 
 1576.718      6             16            12            2020          4 
 1624.135      7             16            12            2020          4 
 1654.406      8             16            12            2020          4 
 1676.372      9             16            12            2020          4 
 1650.128      10            16            12            2020          4 
 1668.557      11            16            12            2020          4 
 1585.708      12            16            12            2020          4 
 1564.338      13            16            12            2020          4 
 1530.168      14            16            12            2020          4 
 1528.916      15            16            12            2020          4 
 1520.723      16            16            12            2020          4 
 1575.079      17            16            12            2020          4 
 1593.733      18            16            12            2020          4 
 1614.543      19            16            12            2020          4 
 1624.898      20            16            12            2020          4 
 1607.399      21            16            12            2020          4 
 1577.736      22            16            12            2020          4 
 1570.724      23            16            12            2020          4 
 1555.006      0             17            12            2020          5 
 1570.081      1             17            12            2020          5 
 1563.878      2             17            12            2020          5 
 1584.864      3             17            12            2020          5 
 1584.078      4             17            12            2020          5 
 1584.364      5             17            12            2020          5 
 1563.826      6             17            12            2020          5 
 1555.335      7             17            12            2020          5 
 1553.533      8             17            12            2020          5 
 1550.387      9             17            12            2020          5 
 1586.313      10            17            12            2020          5 
 1603.275      11            17            12            2020          5 
 1546.274      12            17            12            2020          5 
 1558.428      13            17            12            2020          5 
 1486.36       14            17            12            2020          5 
 1492.375      15            17            12            2020          5 
 1496.632      16            17            12            2020          5 
 1591.135      17            17            12            2020          5 
 1595.018      18            17            12            2020          5 
 1687.482      19            17            12            2020          5 
 1676.067      20            17            12            2020          5 
 1652.293      21            17            12            2020          5 
 1620.396      22            17            12            2020          5 
 1542.749      23            17            12            2020          5 
 1496.616      0             18            12            2020          6 
 1431.291      1             18            12            2020          6 
 1410.071      2             18            12            2020          6 
 1396.151      3             18            12            2020          6 
 1425.735      4             18            12            2020          6 
 1439.739      5             18            12            2020          6 
 1469.722      6             18            12            2020          6 
 1473.459      7             18            12            2020          6 
 1501.933      8             18            12            2020          6 
 1505.857      9             18            12            2020          6 
 1525.911      10            18            12            2020          6 
 1552.648      11            18            12            2020          6 
 1525.18       12            18            12            2020          6 
 1513.988      13            18            12            2020          6 
 1499.095      14            18            12            2020          6 
 1482.537      15            18            12            2020          6 
 1500.854      16            18            12            2020          6 
 1636.875      17            18            12            2020          6 
 1662.512      18            18            12            2020          6 
 1701.173      19            18            12            2020          6 
 1718.488      20            18            12            2020          6 
 1603.57       21            18            12            2020          6 
 1524.464      22            18            12            2020          6 
 1481.911      23            18            12            2020          6 
 1460.943      0             19            12            2020          7 
 1423.933      1             19            12            2020          7 
 1500.282      2             19            12            2020          7 
 1478.169      3             19            12            2020          7 
 1493.569      4             19            12            2020          7 
 1514.94       5             19            12            2020          7 
 1547.116      6             19            12            2020          7 
 1543.846      7             19            12            2020          7 
 1579.744      8             19            12            2020          7 
 1565.345      9             19            12            2020          7 
 1561.749      10            19            12            2020          7 
 1529.434      11            19            12            2020          7 
 1537.314      12            19            12            2020          7 
 1383.408      13            19            12            2020          7 
 1387.145      14            19            12            2020          7 
 1048.901      15            19            12            2020          7 
 1120.884      16            19            12            2020          7 
 893.254       17            19            12            2020          7 
 1067.213      18            19            12            2020          7 
 1083.543      19            19            12            2020          7 
 1390.139      20            19            12            2020          7 
 1338.967      21            19            12            2020          7 
 1559.385      22            19            12            2020          7 
 1495.582      23            19            12            2020          7 
 1496.47       0             20            12            2020          1 
 1518.128      1             20            12            2020          1 
 1531.978      2             20            12            2020          1 
 1552.582      3             20            12            2020          1 
 1593.26       4             20            12            2020          1 
 1588.447      5             20            12            2020          1 
 1627.682      6             20            12            2020          1 
 1598.347      7             20            12            2020          1 
 1614.882      8             20            12            2020          1 
 1571.723      9             20            12            2020          1 
 1568.746      10            20            12            2020          1 
 1520.559      11            20            12            2020          1 
 1469.314      12            20            12            2020          1 
 1470.475      13            20            12            2020          1 
 1437.563      14            20            12            2020          1 
 1494.748      15            20            12            2020          1 
 1533.08       16            20            12            2020          1 
 1637.27       17            20            12            2020          1 
 1631.466      18            20            12            2020          1 
 1765.188      19            20            12            2020          1 
 1747.727      20            20            12            2020          1 
 1811.303      21            20            12            2020          1 
 1797.93       22            20            12            2020          1 
 1792.113      23            20            12            2020          1 
 1708.155      0             21            12            2020          2 
 1712.309      1             21            12            2020          2 
 1635.35       2             21            12            2020          2 
 1671.425      3             21            12            2020          2 
 1659.773      4             21            12            2020          2 
 1753.569      5             21            12            2020          2 
 1733.684      6             21            12            2020          2 
 1771.86       7             21            12            2020          2 
 1733.697      8             21            12            2020          2 
 1701.06       9             21            12            2020          2 
 1616.786      10            21            12            2020          2 
 1649.427      11            21            12            2020          2 
 1566.09       12            21            12            2020          2 
 1630.384      13            21            12            2020          2 
 1637.308      14            21            12            2020          2 
 1679.468      15            21            12            2020          2 
 1664.672      16            21            12            2020          2 
 1723.83       17            21            12            2020          2 
 1671.444      18            21            12            2020          2 
 1736.359      19            21            12            2020          2 
 1703.239      20            21            12            2020          2 
 1703.691      21            21            12            2020          2 
 1679.736      22            21            12            2020          2 
 1630.222      23            21            12            2020          2 
 1578.479      0             22            12            2020          3 
 1543.342      1             22            12            2020          3 
 1498.166      2             22            12            2020          3 
 1516.477      3             22            12            2020          3 
 1547.866      4             22            12            2020          3 
 1595.695      5             22            12            2020          3 
 1632.427      6             22            12            2020          3 
 1662.23       7             22            12            2020          3 
 1651.486      8             22            12            2020          3 
 1642.439      9             22            12            2020          3 
 1616.009      10            22            12            2020          3 
 1622.209      11            22            12            2020          3 
 1592.798      12            22            12            2020          3 
 1601.925      13            22            12            2020          3 
 1561.811      14            22            12            2020          3 
 1549.066      15            22            12            2020          3 
 1507.584      16            22            12            2020          3 
 1525.852      17            22            12            2020          3 
 1504.154      18            22            12            2020          3 
 1547.447      19            22            12            2020          3 
 1430.05       20            22            12            2020          3 
 1456.562      21            22            12            2020          3 
 1468.595      22            22            12            2020          3 
 1492.673      23            22            12            2020          3 
 1593.169      0             23            12            2020          4 
 1722.619      1             23            12            2020          4 
 1699.422      2             23            12            2020          4 
 1698.063      3             23            12            2020          4 
 1689.207      4             23            12            2020          4 
 1617.477      5             23            12            2020          4 
 1620.964      6             23            12            2020          4 
 1654.818      7             23            12            2020          4 
 1661.863      8             23            12            2020          4 
 1665.387      9             23            12            2020          4 
 1619.18       10            23            12            2020          4 
 1613.403      11            23            12            2020          4 
 1552.087      12            23            12            2020          4 
 1540.673      13            23            12            2020          4 
 1519.444      14            23            12            2020          4 
 1566.69       15            23            12            2020          4 
 1581.904      16            23            12            2020          4 
 1655.267      17            23            12            2020          4 
 1647.945      18            23            12            2020          4 
 1743.267      19            23            12            2020          4 
 1704.656      20            23            12            2020          4 
 1767.805      21            23            12            2020          4 
 1750.522      22            23            12            2020          4 
 1753.52       23            23            12            2020          4 
 1669.925      0             24            12            2020          5 
 1667.092      1             24            12            2020          5 
 1577.057      2             24            12            2020          5 
 1575.429      3             24            12            2020          5 
 1583.114      4             24            12            2020          5 
 1595.481      5             24            12            2020          5 
 1619.523      6             24            12            2020          5 
 1625.803      7             24            12            2020          5 
 1612.299      8             24            12            2020          5 
 1520.984      9             24            12            2020          5 
 1522.345      10            24            12            2020          5 
 1439.692      11            24            12            2020          5 
 1501.025      12            24            12            2020          5 
 1539.215      13            24            12            2020          5 
 1652.281      14            24            12            2020          5 
 1670.966      15            24            12            2020          5 
 1740.83       16            24            12            2020          5 
 1690.846      17            24            12            2020          5 
 1668.132      18            24            12            2020          5 
 1678.014      19            24            12            2020          5 
 1644.916      20            24            12            2020          5 
 1675.996      21            24            12            2020          5 
 1655.127      22            24            12            2020          5 
 1626.944      23            24            12            2020          5 
 1535.664      0             25            12            2020          6 
 1368.123      1             25            12            2020          6 
 1137.411      2             25            12            2020          6 
 828.7705      3             25            12            2020          6 
 698.6556      4             25            12            2020          6 
 576.1711      5             25            12            2020          6 
 822.0502      6             25            12            2020          6 
 1069.428      7             25            12            2020          6 
 1447.026      8             25            12            2020          6 
 1656.823      9             25            12            2020          6 
 1817.333      10            25            12            2020          6 
 1735.235      11            25            12            2020          6 
 1670.128      12            25            12            2020          6 
 1617.033      13            25            12            2020          6 
 1552.729      14            25            12            2020          6 
 1561.652      15            25            12            2020          6 
 1567.299      16            25            12            2020          6 
 1560.855      17            25            12            2020          6 
 1539.393      18            25            12            2020          6 
 1524.634      19            25            12            2020          6 
 1519.933      20            25            12            2020          6 
 1494.287      21            25            12            2020          6 
 1465.355      22            25            12            2020          6 
 1448.844      23            25            12            2020          6 
 1338.887      0             26            12            2020          7 
 1174.656      1             26            12            2020          7 
 978.312       2             26            12            2020          7 
 864.275       3             26            12            2020          7 
 762.525       4             26            12            2020          7 
 946.8957      5             26            12            2020          7 
 1113.882      6             26            12            2020          7 
 1400.933      7             26            12            2020          7 
 1559.99       8             26            12            2020          7 
 1851.591      9             26            12            2020          7 
 1825.281      10            26            12            2020          7 
 2000.973      11            26            12            2020          7 
 1937.012      12            26            12            2020          7 
 1954.294      13            26            12            2020          7 
 1683.63       14            26            12            2020          7 
 1647.375      15            26            12            2020          7 
 1384.778      16            26            12            2020          7 
 1505.921      17            26            12            2020          7 
 1497.469      18            26            12            2020          7 
 1743.094      19            26            12            2020          7 
 1703.827      20            26            12            2020          7 
 1705.109      21            26            12            2020          7 
 1529.023      22            26            12            2020          7 
 1434.103      23            26            12            2020          7 
 1304.182      0             27            12            2020          1 
 1359.323      1             27            12            2020          1 
 1547.037      2             27            12            2020          1 
 1109.919      3             27            12            2020          1 
 1158.644      4             27            12            2020          1 
 535.8595      5             27            12            2020          1 
 347.9105      6             27            12            2020          1 
 138.9784      7             27            12            2020          1 
 587.2719      8             27            12            2020          1 
 512.8119      9             27            12            2020          1 
 1128.933      10            27            12            2020          1 
 1192.663      11            27            12            2020          1 
 1314.304      12            27            12            2020          1 
 1415.542      13            27            12            2020          1 
 1580.065      14            27            12            2020          1 
 1624.146      15            27            12            2020          1 
 1782.977      16            27            12            2020          1 
 1791.772      17            27            12            2020          1 
 1761.048      18            27            12            2020          1 
 1750.556      19            27            12            2020          1 
 1737.622      20            27            12            2020          1 
 1719.287      21            27            12            2020          1 
 1729.168      22            27            12            2020          1 
 1706.573      23            27            12            2020          1 
 1701.762      0             28            12            2020          2 
 1681.217      1             28            12            2020          2 
 1675.887      2             28            12            2020          2 
 1667.799      3             28            12            2020          2 
 1691.927      4             28            12            2020          2 
 1705.532      5             28            12            2020          2 
 1797.664      6             28            12            2020          2 
 1733.772      7             28            12            2020          2 
 1784.708      8             28            12            2020          2 
 1684.629      9             28            12            2020          2 
 1646.782      10            28            12            2020          2 
 1567.137      11            28            12            2020          2 
 1622.122      12            28            12            2020          2 
 1567.579      13            28            12            2020          2 
 1636.009      14            28            12            2020          2 
 1632.427      15            28            12            2020          2 
 1547.128      16            28            12            2020          2 
 1542.541      17            28            12            2020          2 
 1471.149      18            28            12            2020          2 
 1475.741      19            28            12            2020          2 
 1459.495      20            28            12            2020          2 
 1516.384      21            28            12            2020          2 
 1487.782      22            28            12            2020          2 
 1536.771      23            28            12            2020          2 
 1535.961      0             29            12            2020          3 
 1639.789      1             29            12            2020          3 
 1510.784      2             29            12            2020          3 
 1627.369      3             29            12            2020          3 
 1486.204      4             29            12            2020          3 
 1556.224      5             29            12            2020          3 
 1322.292      6             29            12            2020          3 
 1538.262      7             29            12            2020          3 
 1304.773      8             29            12            2020          3 
 1452.286      9             29            12            2020          3 
 1388.293      10            29            12            2020          3 
 1535.816      11            29            12            2020          3 
 1475.541      12            29            12            2020          3 
 1611.764      13            29            12            2020          3 
 1616.193      14            29            12            2020          3 
 1605.168      15            29            12            2020          3 
 1602.87       16            29            12            2020          3 
 1591.525      17            29            12            2020          3 
 1597.895      18            29            12            2020          3 
 1505.102      19            29            12            2020          3 
 1573.313      20            29            12            2020          3 
 1519.259      21            29            12            2020          3 
 1595.497      22            29            12            2020          3 
 1625.214      23            29            12            2020          3 
 1729.061      0             30            12            2020          4 
 1642.786      1             30            12            2020          4 
 1825.921      2             30            12            2020          4 
 1726.638      3             30            12            2020          4 
 1826.903      4             30            12            2020          4 
 1818.007      5             30            12            2020          4 
 1861.048      6             30            12            2020          4 
 1745.954      7             30            12            2020          4 
 1805.076      8             30            12            2020          4 
 1684.544      9             30            12            2020          4 
 1679.88       10            30            12            2020          4 
 1617.019      11            30            12            2020          4 
 1610.16       12            30            12            2020          4 
 1490.281      13            30            12            2020          4 
 1370.796      14            30            12            2020          4 
 1176.64       15            30            12            2020          4 
 865.2842      16            30            12            2020          4 
 719.0754      17            30            12            2020          4 
 646.9162      18            30            12            2020          4 
 691.0822      19            30            12            2020          4 
 938.7816      20            30            12            2020          4 
 1226.32       21            30            12            2020          4 
 1373.844      22            30            12            2020          4 
 1551.475      23            30            12            2020          4 
 1642.008      0             31            12            2020          5 
 1610.404      1             31            12            2020          5 
 1697.618      2             31            12            2020          5 
 1662.688      3             31            12            2020          5 
 1668.65       4             31            12            2020          5 
 1621.788      5             31            12            2020          5 
 1668.571      6             31            12            2020          5 
 1691.858      7             31            12            2020          5 
 1761.928      8             31            12            2020          5 
 1776.406      9             31            12            2020          5 
 1791.258      10            31            12            2020          5 
 1751.295      11            31            12            2020          5 
 1600.957      12            31            12            2020          5 
 1444.984      13            31            12            2020          5 
 1274.406      14            31            12            2020          5 
 1142.393      15            31            12            2020          5 
 1060.944      16            31            12            2020          5 
 1123.612      17            31            12            2020          5 
 1164.515      18            31            12            2020          5 
 1299.681      19            31            12            2020          5 
 1379.395      20            31            12            2020          5 
 1481.599      21            31            12            2020          5 
 1510.741      22            31            12            2020          5 
 1597.035      23            31            12            2020          5 
