 2605.563      0             1             9             2019          1 
 2439.488      1             1             9             2019          1 
 2339.675      2             1             9             2019          1 
 2307.613      3             1             9             2019          1 
 2482.862      4             1             9             2019          1 
 2665.9        5             1             9             2019          1 
 2976.986      6             1             9             2019          1 
 2958.861      7             1             9             2019          1 
 2872.248      8             1             9             2019          1 
 2474.297      9             1             9             2019          1 
 2100.684      10            1             9             2019          1 
 1745.16       11            1             9             2019          1 
 1865.911      12            1             9             2019          1 
 1989.162      13            1             9             2019          1 
 2410.701      14            1             9             2019          1 
 2735.689      15            1             9             2019          1 
 2922.177      16            1             9             2019          1 
 2927.79       17            1             9             2019          1 
 2908.801      18            1             9             2019          1 
 2778.075      19            1             9             2019          1 
 2790.387      20            1             9             2019          1 
 2840.474      21            1             9             2019          1 
 2980.287      22            1             9             2019          1 
 3124.162      23            1             9             2019          1 
 3213.612      0             2             9             2019          2 
 3185.85       1             2             9             2019          2 
 3093.35       2             2             9             2019          2 
 2931.413      3             2             9             2019          2 
 2676.05       4             2             9             2019          2 
 2608.85       5             2             9             2019          2 
 2415.525      6             2             9             2019          2 
 2479.262      7             2             9             2019          2 
 2447.099      8             2             9             2019          2 
 2581.312      9             2             9             2019          2 
 2551.024      10            2             9             2019          2 
 2692.637      11            2             9             2019          2 
 2646.312      12            2             9             2019          2 
 2663.762      13            2             9             2019          2 
 2698          14            2             9             2019          2 
 2588.125      15            2             9             2019          2 
 2550.151      16            2             9             2019          2 
 2411.639      17            2             9             2019          2 
 2338.452      18            2             9             2019          2 
 2324.989      19            2             9             2019          2 
 2415.089      20            2             9             2019          2 
 2502.901      21            2             9             2019          2 
 2674.45       22            2             9             2019          2 
 2753.075      23            2             9             2019          2 
 2783.725      0             3             9             2019          3 
 2776.036      1             3             9             2019          3 
 2710.924      2             3             9             2019          3 
 2609.861      3             3             9             2019          3 
 2538.26       4             3             9             2019          3 
 2339.823      5             3             9             2019          3 
 2238.898      6             3             9             2019          3 
 2159.962      7             3             9             2019          3 
 2174.636      8             3             9             2019          3 
 2266.237      9             3             9             2019          3 
 2466.174      10            3             9             2019          3 
 2615.648      11            3             9             2019          3 
 2722.037      12            3             9             2019          3 
 2724.375      13            3             9             2019          3 
 2536.339      14            3             9             2019          3 
 2374.214      15            3             9             2019          3 
 2177.265      16            3             9             2019          3 
 2098.814      17            3             9             2019          3 
 2124.163      18            3             9             2019          3 
 2271.636      19            3             9             2019          3 
 2350.897      20            3             9             2019          3 
 2426.873      21            3             9             2019          3 
 2438.935      22            3             9             2019          3 
 2377.649      23            3             9             2019          3 
 2378.437      0             4             9             2019          4 
 2451.101      1             4             9             2019          4 
 2686.938      2             4             9             2019          4 
 2823.151      3             4             9             2019          4 
 2996.225      4             4             9             2019          4 
 2986.775      5             4             9             2019          4 
 2906.062      6             4             9             2019          4 
 2753.225      7             4             9             2019          4 
 2695.413      8             4             9             2019          4 
 2460.075      9             4             9             2019          4 
 2774.251      10            4             9             2019          4 
 2624.514      11            4             9             2019          4 
 2781.077      12            4             9             2019          4 
 2739.277      13            4             9             2019          4 
 2579.789      14            4             9             2019          4 
 2460.351      15            4             9             2019          4 
 2627.063      16            4             9             2019          4 
 2722.976      17            4             9             2019          4 
 2873.951      18            4             9             2019          4 
 3193.413      19            4             9             2019          4 
 3030.237      20            4             9             2019          4 
 3156.65       21            4             9             2019          4 
 3035.95       22            4             9             2019          4 
 2996.951      23            4             9             2019          4 
 3070.576      0             5             9             2019          5 
 3133.041      1             5             9             2019          5 
 3043.939      2             5             9             2019          5 
 2943.652      3             5             9             2019          5 
 2869.125      4             5             9             2019          5 
 2789.575      5             5             9             2019          5 
 2675.286      6             5             9             2019          5 
 2597.873      7             5             9             2019          5 
 2302.247      8             5             9             2019          5 
 1997.198      9             5             9             2019          5 
 1934.123      10            5             9             2019          5 
 1790.225      11            5             9             2019          5 
 2114.225      12            5             9             2019          5 
 2338.227      13            5             9             2019          5 
 2627.089      14            5             9             2019          5 
 2715.727      15            5             9             2019          5 
 2941.163      16            5             9             2019          5 
 2826.112      17            5             9             2019          5 
 2934.023      18            5             9             2019          5 
 2924.135      19            5             9             2019          5 
 2864.56       20            5             9             2019          5 
 2774.485      21            5             9             2019          5 
 2375.998      22            5             9             2019          5 
 2377.135      23            5             9             2019          5 
 2137.136      0             6             9             2019          6 
 2309.561      1             6             9             2019          6 
 2561.524      2             6             9             2019          6 
 3032.686      3             6             9             2019          6 
 3077.699      4             6             9             2019          6 
 3388.499      5             6             9             2019          6 
 2882.337      6             6             9             2019          6 
 2746.324      7             6             9             2019          6 
 2386.412      8             6             9             2019          6 
 2431.575      9             6             9             2019          6 
 2557.513      10            6             9             2019          6 
 2909.576      11            6             9             2019          6 
 2877.164      12            6             9             2019          6 
 2944.05       13            6             9             2019          6 
 2815.938      14            6             9             2019          6 
 2453.837      15            6             9             2019          6 
 2395.762      16            6             9             2019          6 
 2109.15       17            6             9             2019          6 
 2167.175      18            6             9             2019          6 
 2133.887      19            6             9             2019          6 
 2346.875      20            6             9             2019          6 
 2519.175      21            6             9             2019          6 
 2831.913      22            6             9             2019          6 
 2948.2        23            6             9             2019          6 
 3040.775      0             7             9             2019          7 
 2959.425      1             7             9             2019          7 
 2777.7        2             7             9             2019          7 
 2657.425      3             7             9             2019          7 
 2522.1        4             7             9             2019          7 
 2422.313      5             7             9             2019          7 
 2412.714      6             7             9             2019          7 
 2509.114      7             7             9             2019          7 
 2476.814      8             7             9             2019          7 
 2535.339      9             7             9             2019          7 
 2623.039      10            7             9             2019          7 
 2673.164      11            7             9             2019          7 
 2725.301      12            7             9             2019          7 
 2780          13            7             9             2019          7 
 2857.349      14            7             9             2019          7 
 2647.76       15            7             9             2019          7 
 2719.936      16            7             9             2019          7 
 2549.685      17            7             9             2019          7 
 2364.586      18            7             9             2019          7 
 2308.486      19            7             9             2019          7 
 2357          20            7             9             2019          7 
 2388.825      21            7             9             2019          7 
 2588.112      22            7             9             2019          7 
 2686.749      23            7             9             2019          7 
 2339.711      0             8             9             2019          1 
 1987.986      1             8             9             2019          1 
 1563.837      2             8             9             2019          1 
 1204.224      3             8             9             2019          1 
 1451.075      4             8             9             2019          1 
 1905.338      5             8             9             2019          1 
 2509.051      6             8             9             2019          1 
 2953.364      7             8             9             2019          1 
 3278.04       8             8             9             2019          1 
 3266.213      9             8             9             2019          1 
 3375.313      10            8             9             2019          1 
 3182.699      11            8             9             2019          1 
 3270.436      12            8             9             2019          1 
 2924.335      13            8             9             2019          1 
 2499.336      14            8             9             2019          1 
 2182.824      15            8             9             2019          1 
 1826.262      16            8             9             2019          1 
 1764.988      17            8             9             2019          1 
 1845.001      18            8             9             2019          1 
 2442.363      19            8             9             2019          1 
 2457.639      20            8             9             2019          1 
 2925.951      21            8             9             2019          1 
 2545.613      22            8             9             2019          1 
 2211.375      23            8             9             2019          1 
 1543.076      0             9             9             2019          2 
 1063.663      1             9             9             2019          2 
 916.2015      2             9             9             2019          2 
 656.876       3             9             9             2019          2 
 1095.564      4             9             9             2019          2 
 664.2515      5             9             9             2019          2 
 1070.201      6             9             9             2019          2 
 444.1769      7             9             9             2019          2 
 828.7399      8             9             9             2019          2 
 764.4274      9             9             9             2019          2 
 1591.103      10            9             9             2019          2 
 1782.277      11            9             9             2019          2 
 2505.777      12            9             9             2019          2 
 2579.376      13            9             9             2019          2 
 2687.989      14            9             9             2019          2 
 2648.601      15            9             9             2019          2 
 2588.315      16            9             9             2019          2 
 2539.402      17            9             9             2019          2 
 2529.452      18            9             9             2019          2 
 2580.539      19            9             9             2019          2 
 2653.15       20            9             9             2019          2 
 2659.887      21            9             9             2019          2 
 2736.974      22            9             9             2019          2 
 2814.323      23            9             9             2019          2 
 2703.712      0             10            9             2019          3 
 2567.237      1             10            9             2019          3 
 2467.325      2             10            9             2019          3 
 2289.75       3             10            9             2019          3 
 2158.637      4             10            9             2019          3 
 2205.65       5             10            9             2019          3 
 2252.575      6             10            9             2019          3 
 2289.35       7             10            9             2019          3 
 2485.538      8             10            9             2019          3 
 2646.213      9             10            9             2019          3 
 2733.95       10            10            9             2019          3 
 2825.612      11            10            9             2019          3 
 2994.9        12            10            9             2019          3 
 2909.162      13            10            9             2019          3 
 2994.087      14            10            9             2019          3 
 3023.575      15            10            9             2019          3 
 3039.925      16            10            9             2019          3 
 3023.486      17            10            9             2019          3 
 3087.425      18            10            9             2019          3 
 2952.886      19            10            9             2019          3 
 2908.3        20            10            9             2019          3 
 2885.599      21            10            9             2019          3 
 2787.011      22            10            9             2019          3 
 2783.661      23            10            9             2019          3 
 2760.575      0             11            9             2019          4 
 2312.25       1             11            9             2019          4 
 1730.725      2             11            9             2019          4 
 1219.75       3             11            9             2019          4 
 716.5749      4             11            9             2019          4 
 651.1368      5             11            9             2019          4 
 1153.086      6             11            9             2019          4 
 1720.686      7             11            9             2019          4 
 2232.637      8             11            9             2019          4 
 2695.712      9             11            9             2019          4 
 2762.825      10            11            9             2019          4 
 2673.625      11            11            9             2019          4 
 2630.587      12            11            9             2019          4 
 2610.212      13            11            9             2019          4 
 2582.912      14            11            9             2019          4 
 2472.6        15            11            9             2019          4 
 2410.237      16            11            9             2019          4 
 2285.5        17            11            9             2019          4 
 2211.35       18            11            9             2019          4 
 2176.801      19            11            9             2019          4 
 2248.802      20            11            9             2019          4 
 2286.502      21            11            9             2019          4 
 2391.889      22            11            9             2019          4 
 2387.577      23            11            9             2019          4 
 2378.5        0             12            9             2019          5 
 2379.398      1             12            9             2019          5 
 2370.236      2             12            9             2019          5 
 2466.823      3             12            9             2019          5 
 2583.848      4             12            9             2019          5 
 2687.45       5             12            9             2019          5 
 2701.275      6             12            9             2019          5 
 2668.413      7             12            9             2019          5 
 2554.064      8             12            9             2019          5 
 2326.726      9             12            9             2019          5 
 2123.15       10            12            9             2019          5 
 1941.162      11            12            9             2019          5 
 1818.124      12            12            9             2019          5 
 1865.936      13            12            9             2019          5 
 2122.76       14            12            9             2019          5 
 2326.786      15            12            9             2019          5 
 2684.76       16            12            9             2019          5 
 2949.811      17            12            9             2019          5 
 2688.599      18            12            9             2019          5 
 2861.489      19            12            9             2019          5 
 2586.514      20            12            9             2019          5 
 2635.115      21            12            9             2019          5 
 2748.377      22            12            9             2019          5 
 3059.314      23            12            9             2019          5 
 2878.751      0             13            9             2019          6 
 3037.24       1             13            9             2019          6 
 2767.401      2             13            9             2019          6 
 2532.176      3             13            9             2019          6 
 2428.938      4             13            9             2019          6 
 2357.462      5             13            9             2019          6 
 2443.673      6             13            9             2019          6 
 2532.861      7             13            9             2019          6 
 2659.348      8             13            9             2019          6 
 2505.973      9             13            9             2019          6 
 2219.063      10            13            9             2019          6 
 2212.013      11            13            9             2019          6 
 1945.527      12            13            9             2019          6 
 2105.751      13            13            9             2019          6 
 2432.402      14            13            9             2019          6 
 2645.552      15            13            9             2019          6 
 2575.614      16            13            9             2019          6 
 2715.877      17            13            9             2019          6 
 2458.989      18            13            9             2019          6 
 2243.276      19            13            9             2019          6 
 2476.801      20            13            9             2019          6 
 2625.988      21            13            9             2019          6 
 2896.05       22            13            9             2019          6 
 3170.8        23            13            9             2019          6 
 3396.263      0             14            9             2019          7 
 3336.763      1             14            9             2019          7 
 3248.738      2             14            9             2019          7 
 3102.275      3             14            9             2019          7 
 2830.162      4             14            9             2019          7 
 2706.938      5             14            9             2019          7 
 2594.113      6             14            9             2019          7 
 2470.988      7             14            9             2019          7 
 2311.35       8             14            9             2019          7 
 2162.175      9             14            9             2019          7 
 2126.949      10            14            9             2019          7 
 2097.374      11            14            9             2019          7 
 2209.873      12            14            9             2019          7 
 2307.348      13            14            9             2019          7 
 2341.585      14            14            9             2019          7 
 2353.736      15            14            9             2019          7 
 2376.999      16            14            9             2019          7 
 2427.586      17            14            9             2019          7 
 2495.775      18            14            9             2019          7 
 2635.787      19            14            9             2019          7 
 2662.462      20            14            9             2019          7 
 2706.75       21            14            9             2019          7 
 2732.649      22            14            9             2019          7 
 2743.086      23            14            9             2019          7 
 2663.886      0             15            9             2019          1 
 2154.374      1             15            9             2019          1 
 1946.45       2             15            9             2019          1 
 1401.988      3             15            9             2019          1 
 1335.763      4             15            9             2019          1 
 1494.664      5             15            9             2019          1 
 2048.639      6             15            9             2019          1 
 2292.301      7             15            9             2019          1 
 2759.888      8             15            9             2019          1 
 2781.2        9             15            9             2019          1 
 2673.938      10            15            9             2019          1 
 2544.762      11            15            9             2019          1 
 2459.925      12            15            9             2019          1 
 2340.412      13            15            9             2019          1 
 2297.849      14            15            9             2019          1 
 2353.562      15            15            9             2019          1 
 2509.824      16            15            9             2019          1 
 2706.863      17            15            9             2019          1 
 3088.538      18            15            9             2019          1 
 3178.176      19            15            9             2019          1 
 3254.426      20            15            9             2019          1 
 2861.526      21            15            9             2019          1 
 2386.887      22            15            9             2019          1 
 1638.449      23            15            9             2019          1 
 1297.024      0             16            9             2019          2 
 1069.511      1             16            9             2019          2 
 1362.661      2             16            9             2019          2 
 1893.961      3             16            9             2019          2 
 2565.674      4             16            9             2019          2 
 3013.787      5             16            9             2019          2 
 3353.45       6             16            9             2019          2 
 3431.05       7             16            9             2019          2 
 3249.75       8             16            9             2019          2 
 3158.263      9             16            9             2019          2 
 3063.426      10            16            9             2019          2 
 2986.351      11            16            9             2019          2 
 3055.278      12            16            9             2019          2 
 3020.378      13            16            9             2019          2 
 2838.278      14            16            9             2019          2 
 2723.603      15            16            9             2019          2 
 2471.277      16            16            9             2019          2 
 2449.614      17            16            9             2019          2 
 2451.25       18            16            9             2019          2 
 2559.025      19            16            9             2019          2 
 2585.424      20            16            9             2019          2 
 2765.862      21            16            9             2019          2 
 2687.362      22            16            9             2019          2 
 2649.363      23            16            9             2019          2 
 2475.212      0             17            9             2019          3 
 2603.5        1             17            9             2019          3 
 2348.525      2             17            9             2019          3 
 2605.888      3             17            9             2019          3 
 2652.901      4             17            9             2019          3 
 2905.714      5             17            9             2019          3 
 2841.439      6             17            9             2019          3 
 3127.778      7             17            9             2019          3 
 2902.729      8             17            9             2019          3 
 3138.591      9             17            9             2019          3 
 3087.266      10            17            9             2019          3 
 3281.079      11            17            9             2019          3 
 3207.264      12            17            9             2019          3 
 3184.5        13            17            9             2019          3 
 2994.737      14            17            9             2019          3 
 3025.837      15            17            9             2019          3 
 2861.249      16            17            9             2019          3 
 2815.525      17            17            9             2019          3 
 2772.562      18            17            9             2019          3 
 2624.95       19            17            9             2019          3 
 2568.399      20            17            9             2019          3 
 2548.648      21            17            9             2019          3 
 2323.236      22            17            9             2019          3 
 2411.223      23            17            9             2019          3 
 1681.286      0             18            9             2019          4 
 1640.988      1             18            9             2019          4 
 1118.412      2             18            9             2019          4 
 1064.075      3             18            9             2019          4 
 812.313       4             18            9             2019          4 
 938.938       5             18            9             2019          4 
 168.4004      6             18            9             2019          4 
 198.825       7             18            9             2019          4 
-83.3501       8             18            9             2019          4 
 55.18691      9             18            9             2019          4 
 598.9994      10            18            9             2019          4 
 1431.65       11            18            9             2019          4 
 1765.525      12            18            9             2019          4 
 2398.138      13            18            9             2019          4 
 2459.115      14            18            9             2019          4 
 2605.416      15            18            9             2019          4 
 2520.665      16            18            9             2019          4 
 2482.04       17            18            9             2019          4 
 2339.163      18            18            9             2019          4 
 2180.487      19            18            9             2019          4 
 2188.598      20            18            9             2019          4 
 2295.486      21            18            9             2019          4 
 2536.41       22            18            9             2019          4 
 2763.161      23            18            9             2019          4 
 3083.762      0             19            9             2019          5 
 3305.438      1             19            9             2019          5 
 3439.625      2             19            9             2019          5 
 3476.313      3             19            9             2019          5 
 3300.475      4             19            9             2019          5 
 3040.026      5             19            9             2019          5 
 2861.813      6             19            9             2019          5 
 2828.2        7             19            9             2019          5 
 2721.075      8             19            9             2019          5 
 2968.9        9             19            9             2019          5 
 3086.974      10            19            9             2019          5 
 2867.524      11            19            9             2019          5 
 2752.224      12            19            9             2019          5 
 2482.238      13            19            9             2019          5 
 2144.45       14            19            9             2019          5 
 2026.576      15            19            9             2019          5 
 2232.988      16            19            9             2019          5 
 2457.538      17            19            9             2019          5 
 2752.3        18            19            9             2019          5 
 3124.488      19            19            9             2019          5 
 3206.512      20            19            9             2019          5 
 3264.4        21            19            9             2019          5 
 2988.313      22            19            9             2019          5 
 3069.277      23            19            9             2019          5 
 2935.413      0             20            9             2019          6 
 3019.651      1             20            9             2019          6 
 2976.813      2             20            9             2019          6 
 3012.3        3             20            9             2019          6 
 2854.475      4             20            9             2019          6 
 2770.526      5             20            9             2019          6 
 2770.4        6             20            9             2019          6 
 2466.35       7             20            9             2019          6 
 2456.224      8             20            9             2019          6 
 2189.361      9             20            9             2019          6 
 2188.348      10            20            9             2019          6 
 2039.161      11            20            9             2019          6 
 2309.073      12            20            9             2019          6 
 2294.536      13            20            9             2019          6 
 2658.924      14            20            9             2019          6 
 2779.537      15            20            9             2019          6 
 2862.7        16            20            9             2019          6 
 2920.775      17            20            9             2019          6 
 2946.5        18            20            9             2019          6 
 2953.399      19            20            9             2019          6 
 2540.199      20            20            9             2019          6 
 2241.573      21            20            9             2019          6 
 1825.861      22            20            9             2019          6 
 1506.936      23            20            9             2019          6 
 1426.487      0             21            9             2019          7 
 1493.049      1             21            9             2019          7 
 1477.087      2             21            9             2019          7 
 1427.561      3             21            9             2019          7 
 1522.861      4             21            9             2019          7 
 1432.698      5             21            9             2019          7 
 1218.111      6             21            9             2019          7 
 1212.999      7             21            9             2019          7 
 1096.762      8             21            9             2019          7 
 832.488       9             21            9             2019          7 
 614.826       10            21            9             2019          7 
 601.3884      11            21            9             2019          7 
 508.5884      12            21            9             2019          7 
 851.5629      13            21            9             2019          7 
 1224.613      14            21            9             2019          7 
 1642.001      15            21            9             2019          7 
 2178.04       16            21            9             2019          7 
 2601.291      17            21            9             2019          7 
 2949.816      18            21            9             2019          7 
 3121.354      19            21            9             2019          7 
 3106.079      20            21            9             2019          7 
 3046.691      21            21            9             2019          7 
 3017.59       22            21            9             2019          7 
 2940.114      23            21            9             2019          7 
 2897.151      0             22            9             2019          1 
 2882.087      1             22            9             2019          1 
 2764.437      2             22            9             2019          1 
 2797.837      3             22            9             2019          1 
 2652.637      4             22            9             2019          1 
 2619.8        5             22            9             2019          1 
 2628.513      6             22            9             2019          1 
 2583.55       7             22            9             2019          1 
 2508.088      8             22            9             2019          1 
 2454.613      9             22            9             2019          1 
 2407.276      10            22            9             2019          1 
 2318.226      11            22            9             2019          1 
 2572.975      12            22            9             2019          1 
 2575.313      13            22            9             2019          1 
 2692.438      14            22            9             2019          1 
 2585.063      15            22            9             2019          1 
 2339.563      16            22            9             2019          1 
 2168.763      17            22            9             2019          1 
 2347.7        18            22            9             2019          1 
 2569.85       19            22            9             2019          1 
 3005.337      20            22            9             2019          1 
 3461.773      21            22            9             2019          1 
 3379.023      22            22            9             2019          1 
 3130.861      23            22            9             2019          1 
 2810.386      0             23            9             2019          2 
 2569.423      1             23            9             2019          2 
 2271.036      2             23            9             2019          2 
 2606.773      3             23            9             2019          2 
 2803.024      4             23            9             2019          2 
 2812.862      5             23            9             2019          2 
 2845.6        6             23            9             2019          2 
 2739.601      7             23            9             2019          2 
 2338.664      8             23            9             2019          2 
 2111.388      9             23            9             2019          2 
 2158.188      10            23            9             2019          2 
 2106.063      11            23            9             2019          2 
 2372.113      12            23            9             2019          2 
 2633.025      13            23            9             2019          2 
 2810.975      14            23            9             2019          2 
 2848.699      15            23            9             2019          2 
 3025.774      16            23            9             2019          2 
 2939.198      17            23            9             2019          2 
 2811.023      18            23            9             2019          2 
 2789.497      19            23            9             2019          2 
 2720.01       20            23            9             2019          2 
 2613.161      21            23            9             2019          2 
 2869.748      22            23            9             2019          2 
 3008.836      23            23            9             2019          2 
 3095          0             24            9             2019          3 
 3267.725      1             24            9             2019          3 
 3279.275      2             24            9             2019          3 
 3165.312      3             24            9             2019          3 
 2946.962      4             24            9             2019          3 
 2784.199      5             24            9             2019          3 
 2346.362      6             24            9             2019          3 
 1920.112      7             24            9             2019          3 
 1411.174      8             24            9             2019          3 
 1061.1        9             24            9             2019          3 
 780.4247      10            24            9             2019          3 
 646.4376      11            24            9             2019          3 
 697.7877      12            24            9             2019          3 
 694.8258      13            24            9             2019          3 
 592.5004      14            24            9             2019          3 
 467.8134      15            24            9             2019          3 
 429.488       16            24            9             2019          3 
 344.526       17            24            9             2019          3 
 753.9139      18            24            9             2019          3 
 1422.752      19            24            9             2019          3 
 1975.552      20            24            9             2019          3 
 2628.665      21            24            9             2019          3 
 3032.376      22            24            9             2019          3 
 3019.275      23            24            9             2019          3 
 2977.762      0             25            9             2019          4 
 2904.236      1             25            9             2019          4 
 2786.635      2             25            9             2019          4 
 2803.024      3             25            9             2019          4 
 2782.325      4             25            9             2019          4 
 2774.713      5             25            9             2019          4 
 2668.063      6             25            9             2019          4 
 2611.101      7             25            9             2019          4 
 2530.875      8             25            9             2019          4 
 2636.862      9             25            9             2019          4 
 2632.549      10            25            9             2019          4 
 2764.774      11            25            9             2019          4 
 2800.874      12            25            9             2019          4 
 2765.186      13            25            9             2019          4 
 2627.162      14            25            9             2019          4 
 2400.699      15            25            9             2019          4 
 2205.45       16            25            9             2019          4 
 1733.087      17            25            9             2019          4 
 1922.962      18            25            9             2019          4 
 1771.512      19            25            9             2019          4 
 2204.387      20            25            9             2019          4 
 2432.937      21            25            9             2019          4 
 2937.312      22            25            9             2019          4 
 2859.187      23            25            9             2019          4 
 3121.575      0             26            9             2019          5 
 2909.15       1             26            9             2019          5 
 2689.174      2             26            9             2019          5 
 2638.226      3             26            9             2019          5 
 2507.887      4             26            9             2019          5 
 2523.938      5             26            9             2019          5 
 2564.575      6             26            9             2019          5 
 2647.763      7             26            9             2019          5 
 2533.087      8             26            9             2019          5 
 2506.488      9             26            9             2019          5 
 2322.75       10            26            9             2019          5 
 2230.713      11            26            9             2019          5 
 2214.675      12            26            9             2019          5 
 2313.45       13            26            9             2019          5 
 2349.85       14            26            9             2019          5 
 2518.987      15            26            9             2019          5 
 2637.9        16            26            9             2019          5 
 2799.787      17            26            9             2019          5 
 2955.137      18            26            9             2019          5 
 2855.775      19            26            9             2019          5 
 2793.188      20            26            9             2019          5 
 2557.95       21            26            9             2019          5 
 2497.077      22            26            9             2019          5 
 2480.801      23            26            9             2019          5 
 2797.9        0             27            9             2019          6 
 2527.838      1             27            9             2019          6 
 2881.375      2             27            9             2019          6 
 2510.475      3             27            9             2019          6 
 2494.025      4             27            9             2019          6 
 2576.326      5             27            9             2019          6 
 2719.55       6             27            9             2019          6 
 2532.737      7             27            9             2019          6 
 2639.137      8             27            9             2019          6 
 2505.361      9             27            9             2019          6 
 2260.411      10            27            9             2019          6 
 2609.249      11            27            9             2019          6 
 2727.137      12            27            9             2019          6 
 2998.599      13            27            9             2019          6 
 3062.525      14            27            9             2019          6 
 3222.887      15            27            9             2019          6 
 3190.238      16            27            9             2019          6 
 3209.713      17            27            9             2019          6 
 3345.025      18            27            9             2019          6 
 3376.724      19            27            9             2019          6 
 3323.025      20            27            9             2019          6 
 2947.062      21            27            9             2019          6 
 2705.5        22            27            9             2019          6 
 2230.975      23            27            9             2019          6 
 2064.55       0             28            9             2019          7 
 2062.886      1             28            9             2019          7 
 2291.974      2             28            9             2019          7 
 2122.898      3             28            9             2019          7 
 1989.349      4             28            9             2019          7 
 1452.449      5             28            9             2019          7 
 1082.737      6             28            9             2019          7 
 987.0743      7             28            9             2019          7 
 1510.987      8             28            9             2019          7 
 2159.088      9             28            9             2019          7 
 2934.388      10            28            9             2019          7 
 3240.388      11            28            9             2019          7 
 3244.2        12            28            9             2019          7 
 2890.475      13            28            9             2019          7 
 2564.612      14            28            9             2019          7 
 2251.562      15            28            9             2019          7 
 2063.462      16            28            9             2019          7 
 2013.513      17            28            9             2019          7 
 1990.989      18            28            9             2019          7 
 2068.626      19            28            9             2019          7 
 2071.651      20            28            9             2019          7 
 2360.9        21            28            9             2019          7 
 2064.337      22            28            9             2019          7 
 2356.987      23            28            9             2019          7 
 2087.45       0             29            9             2019          1 
 2350.637      1             29            9             2019          1 
 2144.35       2             29            9             2019          1 
 2770.112      3             29            9             2019          1 
 2710.162      4             29            9             2019          1 
 3275.988      5             29            9             2019          1 
 3440.988      6             29            9             2019          1 
 3753.113      7             29            9             2019          1 
 3734.363      8             29            9             2019          1 
 3758.213      9             29            9             2019          1 
 3572.052      10            29            9             2019          1 
 3409.977      11            29            9             2019          1 
 3183.69       12            29            9             2019          1 
 2987.264      13            29            9             2019          1 
 2747.565      14            29            9             2019          1 
 2516.614      15            29            9             2019          1 
 2314.264      16            29            9             2019          1 
 2214.338      17            29            9             2019          1 
 2206.713      18            29            9             2019          1 
 2322.713      19            29            9             2019          1 
 2513.099      20            29            9             2019          1 
 2647.575      21            29            9             2019          1 
 2774.385      22            29            9             2019          1 
 2817.161      23            29            9             2019          1 
 2930.559      0             30            9             2019          2 
 3047.947      1             30            9             2019          2 
 3233.659      2             30            9             2019          2 
 2920.135      3             30            9             2019          2 
 2848.21       4             30            9             2019          2 
 2226.249      5             30            9             2019          2 
 1926.837      6             30            9             2019          2 
 1642.687      7             30            9             2019          2 
 1931.95       8             30            9             2019          2 
 1973.199      9             30            9             2019          2 
 2579.274      10            30            9             2019          2 
 2802.323      11            30            9             2019          2 
 2938.25       12            30            9             2019          2 
 2928.199      13            30            9             2019          2 
 2694.025      14            30            9             2019          2 
 2272.263      15            30            9             2019          2 
 1843.438      16            30            9             2019          2 
 1518.938      17            30            9             2019          2 
 1250.551      18            30            9             2019          2 
 1288.875      19            30            9             2019          2 
 1450.374      20            30            9             2019          2 
 1695.125      21            30            9             2019          2 
 2043.625      22            30            9             2019          2 
 2469.387      23            30            9             2019          2 
