 1470.424      0             1             4             2019          2 
 839.575       1             1             4             2019          2 
 1269.325      2             1             4             2019          2 
 716.7125      3             1             4             2019          2 
 1189.025      4             1             4             2019          2 
 1003.586      5             1             4             2019          2 
 1289.261      6             1             4             2019          2 
 1118.398      7             1             4             2019          2 
 1244.711      8             1             4             2019          2 
 1274.674      9             1             4             2019          2 
 1666.087      10            1             4             2019          2 
 1728.5        11            1             4             2019          2 
 2025.05       12            1             4             2019          2 
 2362.825      13            1             4             2019          2 
 2293.463      14            1             4             2019          2 
 2371.629      15            1             4             2019          2 
 2385.02       16            1             4             2019          2 
 2172.76       17            1             4             2019          2 
 1940.75       18            1             4             2019          2 
 1807.538      19            1             4             2019          2 
 1590.01       20            1             4             2019          2 
 1621.295      21            1             4             2019          2 
 1696.668      22            1             4             2019          2 
 1838.278      23            1             4             2019          2 
 2010.765      0             2             4             2019          3 
 2228.064      1             2             4             2019          3 
 2275.964      2             2             4             2019          3 
 2377.464      3             2             4             2019          3 
 2410.689      4             2             4             2019          3 
 2133.814      5             2             4             2019          3 
 2138.839      6             2             4             2019          3 
 1907.102      7             2             4             2019          3 
 1842.013      8             2             4             2019          3 
 1778.35       9             2             4             2019          3 
 1964.6        10            2             4             2019          3 
 1641.262      11            2             4             2019          3 
 1876.563      12            2             4             2019          3 
 1733.412      13            2             4             2019          3 
 1823.775      14            2             4             2019          3 
 1990.025      15            2             4             2019          3 
 2302.274      16            2             4             2019          3 
 2348.836      17            2             4             2019          3 
 2664.037      18            2             4             2019          3 
 2637.474      19            2             4             2019          3 
 2490.038      20            2             4             2019          3 
 2158.676      21            2             4             2019          3 
 2052.976      22            2             4             2019          3 
 1679.226      23            2             4             2019          3 
 1684.463      0             3             4             2019          4 
 1699.974      1             3             4             2019          4 
 1894.174      2             3             4             2019          4 
 1809.061      3             3             4             2019          4 
 1970.061      4             3             4             2019          4 
 1514.036      5             3             4             2019          4 
 1471.599      6             3             4             2019          4 
 1138.274      7             3             4             2019          4 
 1125.774      8             3             4             2019          4 
 1248.062      9             3             4             2019          4 
 1452.074      10            3             4             2019          4 
 1546.599      11            3             4             2019          4 
 1913.225      12            3             4             2019          4 
 2013.137      13            3             4             2019          4 
 1943.425      14            3             4             2019          4 
 2123.711      15            3             4             2019          4 
 1857.724      16            3             4             2019          4 
 1894.274      17            3             4             2019          4 
 1818.823      18            3             4             2019          4 
 1959.961      19            3             4             2019          4 
 2034.248      20            3             4             2019          4 
 2311.072      21            3             4             2019          4 
 2279.873      22            3             4             2019          4 
 2335.048      23            3             4             2019          4 
 2130.249      0             4             4             2019          5 
 1750.7        1             4             4             2019          5 
 1524.188      2             4             4             2019          5 
 1142.176      3             4             4             2019          5 
 985.9754      4             4             4             2019          5 
 964.4249      5             4             4             2019          5 
 1160.387      6             4             4             2019          5 
 1407.012      7             4             4             2019          5 
 1689.25       8             4             4             2019          5 
 2110.012      9             4             4             2019          5 
 2154.15       10            4             4             2019          5 
 2245.85       11            4             4             2019          5 
 2211.337      12            4             4             2019          5 
 2184.975      13            4             4             2019          5 
 2020.037      14            4             4             2019          5 
 2177.625      15            4             4             2019          5 
 2227.362      16            4             4             2019          5 
 2188.187      17            4             4             2019          5 
 2291.799      18            4             4             2019          5 
 2176.399      19            4             4             2019          5 
 2085.761      20            4             4             2019          5 
 1951.537      21            4             4             2019          5 
 1841.624      22            4             4             2019          5 
 1734.299      23            4             4             2019          5 
 1772.898      0             5             4             2019          6 
 1707.785      1             5             4             2019          6 
 1826.098      2             5             4             2019          6 
 1868.948      3             5             4             2019          6 
 1982.698      4             5             4             2019          6 
 1958.635      5             5             4             2019          6 
 2002.036      6             5             4             2019          6 
 1882.886      7             5             4             2019          6 
 1881.099      8             5             4             2019          6 
 2004.499      9             5             4             2019          6 
 2165.525      10            5             4             2019          6 
 2397.2        11            5             4             2019          6 
 2656.076      12            5             4             2019          6 
 2750.576      13            5             4             2019          6 
 2677.74       14            5             4             2019          6 
 2509.602      15            5             4             2019          6 
 2235.214      16            5             4             2019          6 
 2032.953      17            5             4             2019          6 
 1922.052      18            5             4             2019          6 
 1942.214      19            5             4             2019          6 
 1956.452      20            5             4             2019          6 
 2060.464      21            5             4             2019          6 
 2097.963      22            5             4             2019          6 
 2048.113      23            5             4             2019          6 
 1925.912      0             6             4             2019          7 
 1887.111      1             6             4             2019          7 
 1806.425      2             6             4             2019          7 
 1926.523      3             6             4             2019          7 
 2288.4        4             6             4             2019          7 
 2436.886      5             6             4             2019          7 
 2751.575      6             6             4             2019          7 
 2808.624      7             6             4             2019          7 
 2689.699      8             6             4             2019          7 
 2402.373      9             6             4             2019          7 
 2248.848      10            6             4             2019          7 
 1990.362      11            6             4             2019          7 
 1968.188      12            6             4             2019          7 
 2001.513      13            6             4             2019          7 
 2009.751      14            6             4             2019          7 
 1999.163      15            6             4             2019          7 
 1937.438      16            6             4             2019          7 
 1914.55       17            6             4             2019          7 
 1918.339      18            6             4             2019          7 
 1928.352      19            6             4             2019          7 
 2079.751      20            6             4             2019          7 
 1972.552      21            6             4             2019          7 
 1819.938      22            6             4             2019          7 
 1843.888      23            6             4             2019          7 
 1808.189      0             7             4             2019          1 
 2046.664      1             7             4             2019          1 
 1994.026      2             7             4             2019          1 
 2184.876      3             7             4             2019          1 
 1884.301      4             7             4             2019          1 
 1822.938      5             7             4             2019          1 
 1662.601      6             7             4             2019          1 
 1898.675      7             7             4             2019          1 
 1886.876      8             7             4             2019          1 
 2145.075      9             7             4             2019          1 
 2237.101      10            7             4             2019          1 
 2067.488      11            7             4             2019          1 
 2056.313      12            7             4             2019          1 
 1858.963      13            7             4             2019          1 
 1714.075      14            7             4             2019          1 
 1471.3        15            7             4             2019          1 
 1362.625      16            7             4             2019          1 
 1332.687      17            7             4             2019          1 
 1530.762      18            7             4             2019          1 
 1725.2        19            7             4             2019          1 
 1961.813      20            7             4             2019          1 
 2123.376      21            7             4             2019          1 
 2105.414      22            7             4             2019          1 
 2210.8        23            7             4             2019          1 
 2133.263      0             8             4             2019          2 
 2236.237      1             8             4             2019          2 
 2291.174      2             8             4             2019          2 
 2329.861      3             8             4             2019          2 
 2274.685      4             8             4             2019          2 
 2423.373      5             8             4             2019          2 
 2317.448      6             8             4             2019          2 
 2237.598      7             8             4             2019          2 
 2184.398      8             8             4             2019          2 
 1975.324      9             8             4             2019          2 
 1795.361      10            8             4             2019          2 
 1836.324      11            8             4             2019          2 
 1849.274      12            8             4             2019          2 
 2088.663      13            8             4             2019          2 
 2273.787      14            8             4             2019          2 
 2508.375      15            8             4             2019          2 
 2567.688      16            8             4             2019          2 
 2639.25       17            8             4             2019          2 
 2617.237      18            8             4             2019          2 
 2719.763      19            8             4             2019          2 
 2669.562      20            8             4             2019          2 
 2650.088      21            8             4             2019          2 
 2570.475      22            8             4             2019          2 
 2288.363      23            8             4             2019          2 
 1965.537      0             9             4             2019          3 
 1608.512      1             9             4             2019          3 
 1445.074      2             9             4             2019          3 
 1343.812      3             9             4             2019          3 
 1560.599      4             9             4             2019          3 
 1820.599      5             9             4             2019          3 
 2026.474      6             9             4             2019          3 
 2167.549      7             9             4             2019          3 
 2370.912      8             9             4             2019          3 
 2297.537      9             9             4             2019          3 
 2403.487      10            9             4             2019          3 
 2421.087      11            9             4             2019          3 
 2407.913      12            9             4             2019          3 
 2274.038      13            9             4             2019          3 
 2439.387      14            9             4             2019          3 
 2288.775      15            9             4             2019          3 
 2651.525      16            9             4             2019          3 
 2637.125      17            9             4             2019          3 
 2888.687      18            9             4             2019          3 
 2586.675      19            9             4             2019          3 
 2570.4        20            9             4             2019          3 
 2151.737      21            9             4             2019          3 
 2027.263      22            9             4             2019          3 
 1708.839      23            9             4             2019          3 
 1701.126      0             10            4             2019          4 
 1532.251      1             10            4             2019          4 
 1534.114      2             10            4             2019          4 
 1630.075      3             10            4             2019          4 
 1773.075      4             10            4             2019          4 
 1937.7        5             10            4             2019          4 
 2144.599      6             10            4             2019          4 
 2224.737      7             10            4             2019          4 
 2232.474      8             10            4             2019          4 
 2169.824      9             10            4             2019          4 
 2112.8        10            10            4             2019          4 
 2048.625      11            10            4             2019          4 
 1990.6        12            10            4             2019          4 
 1983.137      13            10            4             2019          4 
 2028.05       14            10            4             2019          4 
 2051.712      15            10            4             2019          4 
 1766.4        16            10            4             2019          4 
 1754.337      17            10            4             2019          4 
 1516.775      18            10            4             2019          4 
 1449.676      19            10            4             2019          4 
 1510.814      20            10            4             2019          4 
 1898.064      21            10            4             2019          4 
 1964.49       22            10            4             2019          4 
 2303.577      23            10            4             2019          4 
 2374.577      0             11            4             2019          5 
 2302.263      1             11            4             2019          5 
 2189.376      2             11            4             2019          5 
 2111.626      3             11            4             2019          5 
 2211.677      4             11            4             2019          5 
 2402.189      5             11            4             2019          5 
 2491.427      6             11            4             2019          5 
 2601.787      7             11            4             2019          5 
 2501.4        8             11            4             2019          5 
 2125          9             11            4             2019          5 
 2026.1        10            11            4             2019          5 
 2000.825      11            11            4             2019          5 
 2169.25       12            11            4             2019          5 
 2499.85       13            11            4             2019          5 
 2790.237      14            11            4             2019          5 
 2761.037      15            11            4             2019          5 
 2700.999      16            11            4             2019          5 
 2018.962      17            11            4             2019          5 
 1891.099      18            11            4             2019          5 
 1451.837      19            11            4             2019          5 
 1385.712      20            11            4             2019          5 
 1555.512      21            11            4             2019          5 
 2037.6        22            11            4             2019          5 
 1792.387      23            11            4             2019          5 
 2430.738      0             12            4             2019          6 
 2246.038      1             12            4             2019          6 
 2285.537      2             12            4             2019          6 
 2118.375      3             12            4             2019          6 
 2269.224      4             12            4             2019          6 
 1740.049      5             12            4             2019          6 
 2004.962      6             12            4             2019          6 
 1871.762      7             12            4             2019          6 
 2181.711      8             12            4             2019          6 
 2680.45       9             12            4             2019          6 
 2972.625      10            12            4             2019          6 
 3390.188      11            12            4             2019          6 
 3396.525      12            12            4             2019          6 
 3412.338      13            12            4             2019          6 
 3110.924      14            12            4             2019          6 
 3213.688      15            12            4             2019          6 
 2877.774      16            12            4             2019          6 
 2671.549      17            12            4             2019          6 
 2562.411      18            12            4             2019          6 
 2088.786      19            12            4             2019          6 
 1918.01       20            12            4             2019          6 
 1546.673      21            12            4             2019          6 
 1527.323      22            12            4             2019          6 
 1372.874      23            12            4             2019          6 
 1539.749      0             13            4             2019          7 
 1557.662      1             13            4             2019          7 
 1741.513      2             13            4             2019          7 
 1802.939      3             13            4             2019          7 
 1839.302      4             13            4             2019          7 
 1903.352      5             13            4             2019          7 
 1873.577      6             13            4             2019          7 
 1869.164      7             13            4             2019          7 
 1986.177      8             13            4             2019          7 
 2028.6        9             13            4             2019          7 
 2150.338      10            13            4             2019          7 
 2219.824      11            13            4             2019          7 
 2201.075      12            13            4             2019          7 
 2169.361      13            13            4             2019          7 
 2128.35       14            13            4             2019          7 
 2053.749      15            13            4             2019          7 
 2043.688      16            13            4             2019          7 
 2113.088      17            13            4             2019          7 
 2131.989      18            13            4             2019          7 
 2202.438      19            13            4             2019          7 
 2270.276      20            13            4             2019          7 
 2302.025      21            13            4             2019          7 
 2247.813      22            13            4             2019          7 
 2238.039      23            13            4             2019          7 
 2148.213      0             14            4             2019          1 
 2062.801      1             14            4             2019          1 
 1939.175      2             14            4             2019          1 
 1958.238      3             14            4             2019          1 
 1910.313      4             14            4             2019          1 
 1833.15       5             14            4             2019          1 
 1884.05       6             14            4             2019          1 
 1842.538      7             14            4             2019          1 
 1858.624      8             14            4             2019          1 
 2039.6        9             14            4             2019          1 
 2251.264      10            14            4             2019          1 
 2416.603      11            14            4             2019          1 
 2623.568      12            14            4             2019          1 
 2711.494      13            14            4             2019          1 
 2691.731      14            14            4             2019          1 
 2531.116      15            14            4             2019          1 
 2431.328      16            14            4             2019          1 
 2097.475      17            14            4             2019          1 
 1856.324      18            14            4             2019          1 
 1799.886      19            14            4             2019          1 
 1768.736      20            14            4             2019          1 
 1814.31       21            14            4             2019          1 
 1995.498      22            14            4             2019          1 
 2004.024      23            14            4             2019          1 
 1816.85       0             15            4             2019          2 
 1853.426      1             15            4             2019          2 
 1741.465      2             15            4             2019          2 
 1862.639      3             15            4             2019          2 
 2303.876      4             15            4             2019          2 
 2512.438      5             15            4             2019          2 
 2850.612      6             15            4             2019          2 
 2869.761      7             15            4             2019          2 
 2824.674      8             15            4             2019          2 
 2548.199      9             15            4             2019          2 
 2479.586      10            15            4             2019          2 
 2190.761      11            15            4             2019          2 
 2209.749      12            15            4             2019          2 
 2022.648      13            15            4             2019          2 
 2035.736      14            15            4             2019          2 
 1934.686      15            15            4             2019          2 
 1953.499      16            15            4             2019          2 
 1902.525      17            15            4             2019          2 
 1956.687      18            15            4             2019          2 
 1898.338      19            15            4             2019          2 
 1987.5        20            15            4             2019          2 
 2137.726      21            15            4             2019          2 
 2275.813      22            15            4             2019          2 
 2465.051      23            15            4             2019          2 
 2470.5        0             16            4             2019          3 
 2421.051      1             16            4             2019          3 
 2228.876      2             16            4             2019          3 
 2057.089      3             16            4             2019          3 
 1682.676      4             16            4             2019          3 
 1627.226      5             16            4             2019          3 
 1446.85       6             16            4             2019          3 
 1296.462      7             16            4             2019          3 
 1202.112      8             16            4             2019          3 
 1133.575      9             16            4             2019          3 
 776.3998      10            16            4             2019          3 
 636.1122      11            16            4             2019          3 
 572.4247      12            16            4             2019          3 
 673.2368      13            16            4             2019          3 
 1024.237      14            16            4             2019          3 
 1644.087      15            16            4             2019          3 
 2136.575      16            16            4             2019          3 
 2458.65       17            16            4             2019          3 
 2593.201      18            16            4             2019          3 
 2640.126      19            16            4             2019          3 
 2627.814      20            16            4             2019          3 
 2555.088      21            16            4             2019          3 
 2647.599      22            16            4             2019          3 
 2559.262      23            16            4             2019          3 
 2276.162      0             17            4             2019          4 
 1815.137      1             17            4             2019          4 
 1822.374      2             17            4             2019          4 
 1380.438      3             17            4             2019          4 
 1269.15       4             17            4             2019          4 
 1297.988      5             17            4             2019          4 
 1023.901      6             17            4             2019          4 
 609.1507      7             17            4             2019          4 
 770.1497      8             17            4             2019          4 
 451.4121      9             17            4             2019          4 
 586.3612      10            17            4             2019          4 
 885.5858      11            17            4             2019          4 
 1159.098      12            17            4             2019          4 
 1326.486      13            17            4             2019          4 
 1841.886      14            17            4             2019          4 
 1988.249      15            17            4             2019          4 
 2299.687      16            17            4             2019          4 
 2456.624      17            17            4             2019          4 
 2333.187      18            17            4             2019          4 
 2273.699      19            17            4             2019          4 
 2098.749      20            17            4             2019          4 
 2009.786      21            17            4             2019          4 
 1962.95       22            17            4             2019          4 
 2088.65       23            17            4             2019          4 
 1958.251      0             18            4             2019          5 
 2107.577      1             18            4             2019          5 
 2028.614      2             18            4             2019          5 
 1992.602      3             18            4             2019          5 
 2007.177      4             18            4             2019          5 
 2100.851      5             18            4             2019          5 
 2078.888      6             18            4             2019          5 
 2216.725      7             18            4             2019          5 
 2322.887      8             18            4             2019          5 
 2212.762      9             18            4             2019          5 
 2341.749      10            18            4             2019          5 
 2307.286      11            18            4             2019          5 
 2386.287      12            18            4             2019          5 
 2250.938      13            18            4             2019          5 
 2429.738      14            18            4             2019          5 
 2168.264      15            18            4             2019          5 
 2125.151      16            18            4             2019          5 
 2050.3        17            18            4             2019          5 
 2050.3        18            18            4             2019          5 
 2001.474      19            18            4             2019          5 
 2218.586      20            18            4             2019          5 
 2201.461      21            18            4             2019          5 
 2057.873      22            18            4             2019          5 
 1934.361      23            18            4             2019          5 
 1591.587      0             19            4             2019          6 
 1656.15       1             19            4             2019          6 
 1595.063      2             19            4             2019          6 
 1857.639      3             19            4             2019          6 
 2028.664      4             19            4             2019          6 
 2194.902      5             19            4             2019          6 
 2053.464      6             19            4             2019          6 
 2224.238      7             19            4             2019          6 
 1903.474      8             19            4             2019          6 
 1957.548      9             19            4             2019          6 
 2037.712      10            19            4             2019          6 
 2100.15       11            19            4             2019          6 
 2203.676      12            19            4             2019          6 
 2469.564      13            19            4             2019          6 
 2523.314      14            19            4             2019          6 
 2626.501      15            19            4             2019          6 
 2753.575      16            19            4             2019          6 
 2661.587      17            19            4             2019          6 
 2556.112      18            19            4             2019          6 
 2340.125      19            19            4             2019          6 
 2086.426      20            19            4             2019          6 
 1761.339      21            19            4             2019          6 
 1619.603      22            19            4             2019          6 
 1613.428      23            19            4             2019          6 
 1836.478      0             20            4             2019          7 
 2100.565      1             20            4             2019          7 
 2172.277      2             20            4             2019          7 
 2262.202      3             20            4             2019          7 
 2055.313      4             20            4             2019          7 
 2046.55       5             20            4             2019          7 
 1933.225      6             20            4             2019          7 
 1693.85       7             20            4             2019          7 
 1735.312      8             20            4             2019          7 
 1463.049      9             20            4             2019          7 
 1452.112      10            20            4             2019          7 
 1579.237      11            20            4             2019          7 
 1991.912      12            20            4             2019          7 
 1990.975      13            20            4             2019          7 
 2540.586      14            20            4             2019          7 
 2498.123      15            20            4             2019          7 
 2509.998      16            20            4             2019          7 
 2578.51       17            20            4             2019          7 
 2675.336      18            20            4             2019          7 
 2456.975      19            20            4             2019          7 
 2372.613      20            20            4             2019          7 
 2055.538      21            20            4             2019          7 
 1798.827      22            20            4             2019          7 
 1694.388      23            20            4             2019          7 
 1853.214      0             21            4             2019          1 
 1913.738      1             21            4             2019          1 
 2067.875      2             21            4             2019          1 
 2074.475      3             21            4             2019          1 
 1885.375      4             21            4             2019          1 
 1790.8        5             21            4             2019          1 
 1668.2        6             21            4             2019          1 
 1667.062      7             21            4             2019          1 
 1713.875      8             21            4             2019          1 
 1871.237      9             21            4             2019          1 
 1957.45       10            21            4             2019          1 
 2094.4        11            21            4             2019          1 
 2151.037      12            21            4             2019          1 
 2119.525      13            21            4             2019          1 
 2036.313      14            21            4             2019          1 
 1918.612      15            21            4             2019          1 
 1814.037      16            21            4             2019          1 
 1804.85       17            21            4             2019          1 
 1945.65       18            21            4             2019          1 
 2118.788      19            21            4             2019          1 
 2221.137      20            21            4             2019          1 
 2321.937      21            21            4             2019          1 
 2185.036      22            21            4             2019          1 
 2012.661      23            21            4             2019          1 
 1844.723      0             22            4             2019          2 
 1712.111      1             22            4             2019          2 
 1712.598      2             22            4             2019          2 
 1855.685      3             22            4             2019          2 
 1901.448      4             22            4             2019          2 
 2044.597      5             22            4             2019          2 
 2107.298      6             22            4             2019          2 
 2074.924      7             22            4             2019          2 
 2049.499      8             22            4             2019          2 
 2056.275      9             22            4             2019          2 
 1940.324      10            22            4             2019          2 
 1934.149      11            22            4             2019          2 
 1893.361      12            22            4             2019          2 
 1911.362      13            22            4             2019          2 
 1919.799      14            22            4             2019          2 
 1971.5        15            22            4             2019          2 
 1861.837      16            22            4             2019          2 
 1695.012      17            22            4             2019          2 
 1481.425      18            22            4             2019          2 
 1518.6        19            22            4             2019          2 
 1546.7        20            22            4             2019          2 
 2004.3        21            22            4             2019          2 
 2157.426      22            22            4             2019          2 
 2425.501      23            22            4             2019          2 
 2297.226      0             23            4             2019          3 
 2223.851      1             23            4             2019          3 
 1926.763      2             23            4             2019          3 
 1909.875      3             23            4             2019          3 
 1611.762      4             23            4             2019          3 
 1689.699      5             23            4             2019          3 
 1498.299      6             23            4             2019          3 
 1510.624      7             23            4             2019          3 
 1545.137      8             23            4             2019          3 
 1778.775      9             23            4             2019          3 
 1765.35       10            23            4             2019          3 
 1824.675      11            23            4             2019          3 
 1975.712      12            23            4             2019          3 
 1781.837      13            23            4             2019          3 
 1934.186      14            23            4             2019          3 
 2021.174      15            23            4             2019          3 
 2034.711      16            23            4             2019          3 
 2020.4        17            23            4             2019          3 
 1983.324      18            23            4             2019          3 
 1787.65       19            23            4             2019          3 
 1678.711      20            23            4             2019          3 
 1757.286      21            23            4             2019          3 
 1752.635      22            23            4             2019          3 
 2071.461      23            23            4             2019          3 
 2231.173      0             24            4             2019          4 
 2381.737      1             24            4             2019          4 
 2567.424      2             24            4             2019          4 
 2429.725      3             24            4             2019          4 
 2392.612      4             24            4             2019          4 
 2217.224      5             24            4             2019          4 
 2105.862      6             24            4             2019          4 
 1979.425      7             24            4             2019          4 
 1990.35       8             24            4             2019          4 
 1923.137      9             24            4             2019          4 
 1940.862      10            24            4             2019          4 
 1944.175      11            24            4             2019          4 
 1918.425      12            24            4             2019          4 
 1898.062      13            24            4             2019          4 
 1910.825      14            24            4             2019          4 
 1926.25       15            24            4             2019          4 
 1956.325      16            24            4             2019          4 
 1997.462      17            24            4             2019          4 
 2024.5        18            24            4             2019          4 
 2035.775      19            24            4             2019          4 
 2047.35       20            24            4             2019          4 
 2049.8        21            24            4             2019          4 
 1707          22            24            4             2019          4 
 1521.088      23            24            4             2019          4 
 1418.575      0             25            4             2019          5 
 1264.663      1             25            4             2019          5 
 1512.437      2             25            4             2019          5 
 1901.489      3             25            4             2019          5 
 1954.088      4             25            4             2019          5 
 1842.239      5             25            4             2019          5 
 1731.551      6             25            4             2019          5 
 1484.076      7             25            4             2019          5 
 1383.238      8             25            4             2019          5 
 1699.363      9             25            4             2019          5 
 1949.176      10            25            4             2019          5 
 2123.251      11            25            4             2019          5 
 2092.339      12            25            4             2019          5 
 2107.302      13            25            4             2019          5 
 1929.064      14            25            4             2019          5 
 1904.038      15            25            4             2019          5 
 2102.962      16            25            4             2019          5 
 2178.325      17            25            4             2019          5 
 2284.599      18            25            4             2019          5 
 2298.824      19            25            4             2019          5 
 2237.437      20            25            4             2019          5 
 2069.887      21            25            4             2019          5 
 1987.213      22            25            4             2019          5 
 1878.976      23            25            4             2019          5 
 1826.05       0             26            4             2019          6 
 1852.575      1             26            4             2019          6 
 1875.775      2             26            4             2019          6 
 1892.724      3             26            4             2019          6 
 1976.498      4             26            4             2019          6 
 2040.362      5             26            4             2019          6 
 2105.861      6             26            4             2019          6 
 2163.148      7             26            4             2019          6 
 2327.836      8             26            4             2019          6 
 2300.412      9             26            4             2019          6 
 2437.612      10            26            4             2019          6 
 2427.162      11            26            4             2019          6 
 2392.25       12            26            4             2019          6 
 2269.538      13            26            4             2019          6 
 2303.375      14            26            4             2019          6 
 2215.988      15            26            4             2019          6 
 2302.824      16            26            4             2019          6 
 2413.025      17            26            4             2019          6 
 2490.238      18            26            4             2019          6 
 2519.887      19            26            4             2019          6 
 2569.813      20            26            4             2019          6 
 2446.162      21            26            4             2019          6 
 2367.075      22            26            4             2019          6 
 2152.075      23            26            4             2019          6 
 1948.45       0             27            4             2019          7 
 1772.663      1             27            4             2019          7 
 1653.376      2             27            4             2019          7 
 1593.313      3             27            4             2019          7 
 1587.588      4             27            4             2019          7 
 1668.563      5             27            4             2019          7 
 1763.112      6             27            4             2019          7 
 1989.688      7             27            4             2019          7 
 2196.238      8             27            4             2019          7 
 2407.663      9             27            4             2019          7 
 2475.313      10            27            4             2019          7 
 2514.675      11            27            4             2019          7 
 2388.937      12            27            4             2019          7 
 2224.612      13            27            4             2019          7 
 2125.387      14            27            4             2019          7 
 1938.012      15            27            4             2019          7 
 1615.238      16            27            4             2019          7 
 1478.25       17            27            4             2019          7 
 1073.712      18            27            4             2019          7 
 914.8623      19            27            4             2019          7 
 874.4623      20            27            4             2019          7 
 1041.412      21            27            4             2019          7 
 1134.362      22            27            4             2019          7 
 1667.862      23            27            4             2019          7 
 1868.35       0             28            4             2019          1 
 2207.712      1             28            4             2019          1 
 2375.188      2             28            4             2019          1 
 2473          3             28            4             2019          1 
 2465.813      4             28            4             2019          1 
 2498.838      5             28            4             2019          1 
 2424.975      6             28            4             2019          1 
 2145.35       7             28            4             2019          1 
 2044.538      8             28            4             2019          1 
 1800.688      9             28            4             2019          1 
 1761.638      10            28            4             2019          1 
 1875.224      11            28            4             2019          1 
 2132.449      12            28            4             2019          1 
 2256.848      13            28            4             2019          1 
 2532.936      14            28            4             2019          1 
 2529.461      15            28            4             2019          1 
 2515.737      16            28            4             2019          1 
 2504.8        17            28            4             2019          1 
 2529.526      18            28            4             2019          1 
 2590.225      19            28            4             2019          1 
 2458.087      20            28            4             2019          1 
 2056.524      21            28            4             2019          1 
 2058.911      22            28            4             2019          1 
 1764.235      23            28            4             2019          1 
 1829.923      0             29            4             2019          2 
 1764.336      1             29            4             2019          2 
 1983.711      2             29            4             2019          2 
 1783.636      3             29            4             2019          2 
 2010.687      4             29            4             2019          2 
 2080.1        5             29            4             2019          2 
 2378.163      6             29            4             2019          2 
 2554.251      7             29            4             2019          2 
 2760.388      8             29            4             2019          2 
 2829.725      9             29            4             2019          2 
 2571.825      10            29            4             2019          2 
 2530.362      11            29            4             2019          2 
 2471.062      12            29            4             2019          2 
 2411.25       13            29            4             2019          2 
 2347.925      14            29            4             2019          2 
 2210.437      15            29            4             2019          2 
 2095.95       16            29            4             2019          2 
 1860.325      17            29            4             2019          2 
 1891.063      18            29            4             2019          2 
 1747.426      19            29            4             2019          2 
 1772.763      20            29            4             2019          2 
 1873.688      21            29            4             2019          2 
 1971.825      22            29            4             2019          2 
 2015.649      23            29            4             2019          2 
 2253.312      0             30            4             2019          3 
 2370.374      1             30            4             2019          3 
 2333.837      2             30            4             2019          3 
 2414.449      3             30            4             2019          3 
 2205.512      4             30            4             2019          3 
 2256.611      5             30            4             2019          3 
 1962.637      6             30            4             2019          3 
 2098.774      7             30            4             2019          3 
 1948.363      8             30            4             2019          3 
 2062.861      9             30            4             2019          3 
 1941.312      10            30            4             2019          3 
 2187.699      11            30            4             2019          3 
 2051.936      12            30            4             2019          3 
 2212.736      13            30            4             2019          3 
 2273.074      14            30            4             2019          3 
 2281.499      15            30            4             2019          3 
 2135.125      16            30            4             2019          3 
 1963.3        17            30            4             2019          3 
 1779.089      18            30            4             2019          3 
 1488.401      19            30            4             2019          3 
 1407.776      20            30            4             2019          3 
 1571.499      21            30            4             2019          3 
 1694.087      22            30            4             2019          3 
 2090.923      23            30            4             2019          3 
