 1519.864      0             1             6             2020          2 
 1250.305      1             1             6             2020          2 
 1031.393      2             1             6             2020          2 
 985.8193      3             1             6             2020          2 
 1204.584      4             1             6             2020          2 
 1553.002      5             1             6             2020          2 
 2001.023      6             1             6             2020          2 
 2437.624      7             1             6             2020          2 
 2757.641      8             1             6             2020          2 
 2860.045      9             1             6             2020          2 
 2994.016      10            1             6             2020          2 
 2862.883      11            1             6             2020          2 
 2937.587      12            1             6             2020          2 
 2906.127      13            1             6             2020          2 
 2913.617      14            1             6             2020          2 
 2852.882      15            1             6             2020          2 
 2842.304      16            1             6             2020          2 
 2778.45       17            1             6             2020          2 
 2763.305      18            1             6             2020          2 
 2675.826      19            1             6             2020          2 
 2637.538      20            1             6             2020          2 
 2563.312      21            1             6             2020          2 
 2546.136      22            1             6             2020          2 
 2562.95       23            1             6             2020          2 
 2605.282      0             2             6             2020          3 
 2649.624      1             2             6             2020          3 
 2685.114      2             2             6             2020          3 
 2609.347      3             2             6             2020          3 
 2581.861      4             2             6             2020          3 
 2442.429      5             2             6             2020          3 
 2379.25       6             2             6             2020          3 
 2281.729      7             2             6             2020          3 
 2259.775      8             2             6             2020          3 
 2184.868      9             2             6             2020          3 
 2215.804      10            2             6             2020          3 
 2184.942      11            2             6             2020          3 
 2203.066      12            2             6             2020          3 
 2104.148      13            2             6             2020          3 
 1978.008      14            2             6             2020          3 
 1995.757      15            2             6             2020          3 
 1722.273      16            2             6             2020          3 
 1810.996      17            2             6             2020          3 
 1831.159      18            2             6             2020          3 
 2004.019      19            2             6             2020          3 
 2160.262      20            2             6             2020          3 
 2642.341      21            2             6             2020          3 
 2597.007      22            2             6             2020          3 
 2890.782      23            2             6             2020          3 
 2805.681      0             3             6             2020          4 
 2718.962      1             3             6             2020          4 
 2558.533      2             3             6             2020          4 
 2559.395      3             3             6             2020          4 
 2617.376      4             3             6             2020          4 
 2735.867      5             3             6             2020          4 
 2905.385      6             3             6             2020          4 
 2913.167      7             3             6             2020          4 
 2898.339      8             3             6             2020          4 
 2671.682      9             3             6             2020          4 
 2694.793      10            3             6             2020          4 
 2563.073      11            3             6             2020          4 
 2726.398      12            3             6             2020          4 
 2920.634      13            3             6             2020          4 
 3110.086      14            3             6             2020          4 
 3238.18       15            3             6             2020          4 
 3259.534      16            3             6             2020          4 
 3159.292      17            3             6             2020          4 
 3037.941      18            3             6             2020          4 
 2927.637      19            3             6             2020          4 
 2830.343      20            3             6             2020          4 
 2792.596      21            3             6             2020          4 
 2803.623      22            3             6             2020          4 
 2749.669      23            3             6             2020          4 
 2726.183      0             4             6             2020          5 
 2674.947      1             4             6             2020          5 
 2658.627      2             4             6             2020          5 
 2620.449      3             4             6             2020          5 
 2656.497      4             4             6             2020          5 
 2601.932      5             4             6             2020          5 
 2707.832      6             4             6             2020          5 
 2591.195      7             4             6             2020          5 
 2632.142      8             4             6             2020          5 
 2523.359      9             4             6             2020          5 
 2486.949      10            4             6             2020          5 
 2300.692      11            4             6             2020          5 
 2328.623      12            4             6             2020          5 
 2197.211      13            4             6             2020          5 
 2207.352      14            4             6             2020          5 
 2202.671      15            4             6             2020          5 
 2206.045      16            4             6             2020          5 
 2233.306      17            4             6             2020          5 
 2224.505      18            4             6             2020          5 
 2318.254      19            4             6             2020          5 
 2368.239      20            4             6             2020          5 
 2477.107      21            4             6             2020          5 
 2562.376      22            4             6             2020          5 
 2719.55       23            4             6             2020          5 
 2778.461      0             5             6             2020          6 
 2912.593      1             5             6             2020          6 
 2925.841      2             5             6             2020          6 
 2966.7        3             5             6             2020          6 
 2916.87       4             5             6             2020          6 
 2910.471      5             5             6             2020          6 
 2867.583      6             5             6             2020          6 
 2886.873      7             5             6             2020          6 
 2870.911      8             5             6             2020          6 
 2880.954      9             5             6             2020          6 
 2821.466      10            5             6             2020          6 
 2569.32       11            5             6             2020          6 
 2478.779      12            5             6             2020          6 
 2223.152      13            5             6             2020          6 
 2194.384      14            5             6             2020          6 
 2161.885      15            5             6             2020          6 
 2187.51       16            5             6             2020          6 
 2142.747      17            5             6             2020          6 
 2212.876      18            5             6             2020          6 
 2209.586      19            5             6             2020          6 
 2298.131      20            5             6             2020          6 
 2535.877      21            5             6             2020          6 
 2625.298      22            5             6             2020          6 
 2750.749      23            5             6             2020          6 
 2734.314      0             6             6             2020          7 
 2529.272      1             6             6             2020          7 
 2277.491      2             6             6             2020          7 
 2051.074      3             6             6             2020          7 
 1914.111      4             6             6             2020          7 
 1859.878      5             6             6             2020          7 
 2045.257      6             6             6             2020          7 
 2324.009      7             6             6             2020          7 
 2404.948      8             6             6             2020          7 
 2542.486      9             6             6             2020          7 
 2448.797      10            6             6             2020          7 
 2269.403      11            6             6             2020          7 
 2084.618      12            6             6             2020          7 
 2078.145      13            6             6             2020          7 
 1995.196      14            6             6             2020          7 
 2090.384      15            6             6             2020          7 
 2215.762      16            6             6             2020          7 
 2291.84       17            6             6             2020          7 
 2493.861      18            6             6             2020          7 
 2639.021      19            6             6             2020          7 
 2842.263      20            6             6             2020          7 
 2950.368      21            6             6             2020          7 
 3058.036      22            6             6             2020          7 
 3019.21       23            6             6             2020          7 
 2986.177      0             7             6             2020          1 
 2876.069      1             7             6             2020          1 
 2798.07       2             7             6             2020          1 
 2743.103      3             7             6             2020          1 
 2787.304      4             7             6             2020          1 
 2867.182      5             7             6             2020          1 
 2983.755      6             7             6             2020          1 
 2960.617      7             7             6             2020          1 
 2825.968      8             7             6             2020          1 
 2735.921      9             7             6             2020          1 
 2268.563      10            7             6             2020          1 
 2209.068      11            7             6             2020          1 
 2025.695      12            7             6             2020          1 
 2158.432      13            7             6             2020          1 
 2204.657      14            7             6             2020          1 
 2616.358      15            7             6             2020          1 
 2584.321      16            7             6             2020          1 
 2818.661      17            7             6             2020          1 
 2809.597      18            7             6             2020          1 
 2788.667      19            7             6             2020          1 
 2788.144      20            7             6             2020          1 
 2661.599      21            7             6             2020          1 
 2587.383      22            7             6             2020          1 
 2432.464      23            7             6             2020          1 
 2311.691      0             8             6             2020          2 
 2117.445      1             8             6             2020          2 
 2304.606      2             8             6             2020          2 
 2404.591      3             8             6             2020          2 
 2862.306      4             8             6             2020          2 
 3094.718      5             8             6             2020          2 
 3421.649      6             8             6             2020          2 
 3254.724      7             8             6             2020          2 
 3164.973      8             8             6             2020          2 
 2792.121      9             8             6             2020          2 
 2635.225      10            8             6             2020          2 
 2429.282      11            8             6             2020          2 
 2485.661      12            8             6             2020          2 
 2512.669      13            8             6             2020          2 
 2568.208      14            8             6             2020          2 
 2636.432      15            8             6             2020          2 
 2688.597      16            8             6             2020          2 
 2733.701      17            8             6             2020          2 
 2763.054      18            8             6             2020          2 
 2773.235      19            8             6             2020          2 
 2803.394      20            8             6             2020          2 
 2875.51       21            8             6             2020          2 
 2974.749      22            8             6             2020          2 
 2994.426      23            8             6             2020          2 
 3046.393      0             9             6             2020          3 
 2936.746      1             9             6             2020          3 
 2817.285      2             9             6             2020          3 
 2664.525      3             9             6             2020          3 
 2601.95       4             9             6             2020          3 
 2433.994      5             9             6             2020          3 
 2406.771      6             9             6             2020          3 
 2344.654      7             9             6             2020          3 
 2296.879      8             9             6             2020          3 
 2309.975      9             9             6             2020          3 
 2386.006      10            9             6             2020          3 
 2425.012      11            9             6             2020          3 
 2452.445      12            9             6             2020          3 
 2421.641      13            9             6             2020          3 
 2577.928      14            9             6             2020          3 
 2464.641      15            9             6             2020          3 
 2646.626      16            9             6             2020          3 
 2607.299      17            9             6             2020          3 
 2641.732      18            9             6             2020          3 
 2417.676      19            9             6             2020          3 
 2466.505      20            9             6             2020          3 
 2262.969      21            9             6             2020          3 
 2221.291      22            9             6             2020          3 
 2227.632      23            9             6             2020          3 
 2211.096      0             10            6             2020          4 
 2258.54       1             10            6             2020          4 
 2318.565      2             10            6             2020          4 
 2475.173      3             10            6             2020          4 
 2484.067      4             10            6             2020          4 
 2536.441      5             10            6             2020          4 
 2476.741      6             10            6             2020          4 
 2386.467      7             10            6             2020          4 
 2296.033      8             10            6             2020          4 
 2260.642      9             10            6             2020          4 
 2215.508      10            10            6             2020          4 
 2273.817      11            10            6             2020          4 
 2343.806      12            10            6             2020          4 
 2432.618      13            10            6             2020          4 
 2546.16       14            10            6             2020          4 
 2652.294      15            10            6             2020          4 
 2740.648      16            10            6             2020          4 
 2817.294      17            10            6             2020          4 
 2873.384      18            10            6             2020          4 
 2894.83       19            10            6             2020          4 
 2923.802      20            10            6             2020          4 
 2911.549      21            10            6             2020          4 
 2905.89       22            10            6             2020          4 
 2885.833      23            10            6             2020          4 
 2740.402      0             11            6             2020          5 
 2518.815      1             11            6             2020          5 
 2269.749      2             11            6             2020          5 
 1838.961      3             11            6             2020          5 
 1551.546      4             11            6             2020          5 
 1400.394      5             11            6             2020          5 
 1180.126      6             11            6             2020          5 
 1082.717      7             11            6             2020          5 
 962.6194      8             11            6             2020          5 
 695.9905      9             11            6             2020          5 
 551.9195      10            11            6             2020          5 
 569.157       11            11            6             2020          5 
 729.1735      12            11            6             2020          5 
 1108.504      13            11            6             2020          5 
 1597.801      14            11            6             2020          5 
 2000.729      15            11            6             2020          5 
 2392.071      16            11            6             2020          5 
 2562.947      17            11            6             2020          5 
 2713.639      18            11            6             2020          5 
 2742.505      19            11            6             2020          5 
 2793.191      20            11            6             2020          5 
 2802.338      21            11            6             2020          5 
 2808.685      22            11            6             2020          5 
 2806.475      23            11            6             2020          5 
 2773.284      0             12            6             2020          6 
 2723.001      1             12            6             2020          6 
 2666.303      2             12            6             2020          6 
 2621.462      3             12            6             2020          6 
 2579.279      4             12            6             2020          6 
 2577.619      5             12            6             2020          6 
 2578.582      6             12            6             2020          6 
 2583.826      7             12            6             2020          6 
 2438.693      8             12            6             2020          6 
 2190.495      9             12            6             2020          6 
 1885.628      10            12            6             2020          6 
 1629.43       11            12            6             2020          6 
 1474.803      12            12            6             2020          6 
 1653.405      13            12            6             2020          6 
 1945.259      14            12            6             2020          6 
 2267.65       15            12            6             2020          6 
 2537.204      16            12            6             2020          6 
 2686.456      17            12            6             2020          6 
 2712.221      18            12            6             2020          6 
 2684.368      19            12            6             2020          6 
 2753.611      20            12            6             2020          6 
 2771.879      21            12            6             2020          6 
 2875.02       22            12            6             2020          6 
 2944.023      23            12            6             2020          6 
 3056.614      0             13            6             2020          7 
 3100.021      1             13            6             2020          7 
 3129.649      2             13            6             2020          7 
 3073.802      3             13            6             2020          7 
 3006.147      4             13            6             2020          7 
 2900.635      5             13            6             2020          7 
 2772.058      6             13            6             2020          7 
 2681.906      7             13            6             2020          7 
 2582.561      8             13            6             2020          7 
 2474.6        9             13            6             2020          7 
 2338.836      10            13            6             2020          7 
 2248.721      11            13            6             2020          7 
 2129.298      12            13            6             2020          7 
 2111.705      13            13            6             2020          7 
 2153.176      14            13            6             2020          7 
 2332.159      15            13            6             2020          7 
 2477.176      16            13            6             2020          7 
 2674.792      17            13            6             2020          7 
 2798.551      18            13            6             2020          7 
 2787.028      19            13            6             2020          7 
 2723.069      20            13            6             2020          7 
 2624.152      21            13            6             2020          7 
 2562.75       22            13            6             2020          7 
 2549.351      23            13            6             2020          7 
 2651.609      0             14            6             2020          1 
 2750.789      1             14            6             2020          1 
 2787.195      2             14            6             2020          1 
 2659.751      3             14            6             2020          1 
 2304.647      4             14            6             2020          1 
 2050.211      5             14            6             2020          1 
 1671.141      6             14            6             2020          1 
 1466.932      7             14            6             2020          1 
 1540.769      8             14            6             2020          1 
 1633.48       9             14            6             2020          1 
 1771.58       10            14            6             2020          1 
 2059.74       11            14            6             2020          1 
 2284.048      12            14            6             2020          1 
 2364.766      13            14            6             2020          1 
 2630.48       14            14            6             2020          1 
 2694.286      15            14            6             2020          1 
 2704.275      16            14            6             2020          1 
 2691.287      17            14            6             2020          1 
 2659.73       18            14            6             2020          1 
 2651.838      19            14            6             2020          1 
 2669.978      20            14            6             2020          1 
 2715.688      21            14            6             2020          1 
 2756.363      22            14            6             2020          1 
 2764.011      23            14            6             2020          1 
 2749.131      0             15            6             2020          2 
 2719.618      1             15            6             2020          2 
 2689.586      2             15            6             2020          2 
 2610.79       3             15            6             2020          2 
 2574.223      4             15            6             2020          2 
 2457.756      5             15            6             2020          2 
 3534.959      6             15            6             2020          2 
 5292.646      7             15            6             2020          2 
 8309.963      8             15            6             2020          2 
 12013.4       9             15            6             2020          2 
 15799.88      10            15            6             2020          2 
 18393.06      11            15            6             2020          2 
 20231.87      12            15            6             2020          2 
 20922.99      13            15            6             2020          2 
 20860.2       14            15            6             2020          2 
 20851.64      15            15            6             2020          2 
 20838.13      16            15            6             2020          2 
 20943.51      17            15            6             2020          2 
 21007.56      18            15            6             2020          2 
 21145.46      19            15            6             2020          2 
 21232.23      20            15            6             2020          2 
 21341.98      21            15            6             2020          2 
 21401.77      22            15            6             2020          2 
 21443.98      23            15            6             2020          2 
 21472.13      0             16            6             2020          3 
 21440.61      1             16            6             2020          3 
 21407.95      2             16            6             2020          3 
 21220.29      3             16            6             2020          3 
 21238.3       4             16            6             2020          3 
 21079.93      5             16            6             2020          3 
 21115.7       6             16            6             2020          3 
 21093.09      7             16            6             2020          3 
 21192.33      8             16            6             2020          3 
 21099.24      9             16            6             2020          3 
 21192.58      10            16            6             2020          3 
 21184.77      11            16            6             2020          3 
 21230.77      12            16            6             2020          3 
 21317.4       13            16            6             2020          3 
 21539.57      14            16            6             2020          3 
 21672.95      15            16            6             2020          3 
 21965.03      16            16            6             2020          3 
 22150.96      17            16            6             2020          3 
 22339.79      18            16            6             2020          3 
 22328.01      19            16            6             2020          3 
 22332.67      20            16            6             2020          3 
 22111.51      21            16            6             2020          3 
 22001.74      22            16            6             2020          3 
 21898.82      23            16            6             2020          3 
 21656.66      0             17            6             2020          4 
 21679.25      1             17            6             2020          4 
 21346.71      2             17            6             2020          4 
 21105.61      3             17            6             2020          4 
 20894.67      4             17            6             2020          4 
 20771.71      5             17            6             2020          4 
 20615.72      6             17            6             2020          4 
 20793.81      7             17            6             2020          4 
 20922.74      8             17            6             2020          4 
 20099.57      9             17            6             2020          4 
 18305.45      10            17            6             2020          4 
 15443.58      11            17            6             2020          4 
 11581.01      12            17            6             2020          4 
 7644.369      13            17            6             2020          4 
 4737.478      14            17            6             2020          4 
 2927.077      15            17            6             2020          4 
 2018.91       16            17            6             2020          4 
 2185.218      17            17            6             2020          4 
 2400.12       18            17            6             2020          4 
 2497.014      19            17            6             2020          4 
 2597.257      20            17            6             2020          4 
 2670.348      21            17            6             2020          4 
 2705.289      22            17            6             2020          4 
 2690.168      23            17            6             2020          4 
 2659.85       0             18            6             2020          5 
 2615.07       1             18            6             2020          5 
 2533.125      2             18            6             2020          5 
 2491.474      3             18            6             2020          5 
 2443.632      4             18            6             2020          5 
 2327.029      5             18            6             2020          5 
 2311.357      6             18            6             2020          5 
 2241.346      7             18            6             2020          5 
 2215.927      8             18            6             2020          5 
 2207.573      9             18            6             2020          5 
 2258.965      10            18            6             2020          5 
 2250.732      11            18            6             2020          5 
 2350.005      12            18            6             2020          5 
 2414.932      13            18            6             2020          5 
 2495.305      14            18            6             2020          5 
 2588.887      15            18            6             2020          5 
 2647.762      16            18            6             2020          5 
 2691.103      17            18            6             2020          5 
 2754.967      18            18            6             2020          5 
 2741.515      19            18            6             2020          5 
 2776.629      20            18            6             2020          5 
 2757.279      21            18            6             2020          5 
 2745.29       22            18            6             2020          5 
 2679.365      23            18            6             2020          5 
 2682.302      0             19            6             2020          6 
 2590.207      1             19            6             2020          6 
 2591.736      2             19            6             2020          6 
 2561.235      3             19            6             2020          6 
 2557.972      4             19            6             2020          6 
 2556.135      5             19            6             2020          6 
 2602.492      6             19            6             2020          6 
 2568.166      7             19            6             2020          6 
 2563.369      8             19            6             2020          6 
 2492.403      9             19            6             2020          6 
 2446.982      10            19            6             2020          6 
 2362.055      11            19            6             2020          6 
 2361.878      12            19            6             2020          6 
 2326.175      13            19            6             2020          6 
 2335.677      14            19            6             2020          6 
 2278.075      15            19            6             2020          6 
 2255.771      16            19            6             2020          6 
 2130.585      17            19            6             2020          6 
 2025.882      18            19            6             2020          6 
 1951.316      19            19            6             2020          6 
 1950.441      20            19            6             2020          6 
 2013.064      21            19            6             2020          6 
 2170.509      22            19            6             2020          6 
 2399.059      23            19            6             2020          6 
 2529.425      0             20            6             2020          7 
 2635.232      1             20            6             2020          7 
 2595.49       2             20            6             2020          7 
 2532.779      3             20            6             2020          7 
 2405.76       4             20            6             2020          7 
 2449.459      5             20            6             2020          7 
 2489.168      6             20            6             2020          7 
 2653.174      7             20            6             2020          7 
 2755.731      8             20            6             2020          7 
 2852.103      9             20            6             2020          7 
 2810.802      10            20            6             2020          7 
 2737.047      11            20            6             2020          7 
 2613.182      12            20            6             2020          7 
 2584.057      13            20            6             2020          7 
 2583.579      14            20            6             2020          7 
 2629.408      15            20            6             2020          7 
 2706.453      16            20            6             2020          7 
 2725.887      17            20            6             2020          7 
 2576.34       18            20            6             2020          7 
 2522.485      19            20            6             2020          7 
 2318.997      20            20            6             2020          7 
 2183.258      21            20            6             2020          7 
 2063.06       22            20            6             2020          7 
 2077.509      23            20            6             2020          7 
 1962.554      0             21            6             2020          1 
 2046.784      1             21            6             2020          1 
 2027.087      2             21            6             2020          1 
 1968.834      3             21            6             2020          1 
 1986.971      4             21            6             2020          1 
 1949.309      5             21            6             2020          1 
 2049.027      6             21            6             2020          1 
 2173.857      7             21            6             2020          1 
 2441.811      8             21            6             2020          1 
 2608.839      9             21            6             2020          1 
 2813.654      10            21            6             2020          1 
 2813.157      11            21            6             2020          1 
 2789.108      12            21            6             2020          1 
 2708.184      13            21            6             2020          1 
 2625.389      14            21            6             2020          1 
 2575.334      15            21            6             2020          1 
 2536.295      16            21            6             2020          1 
 2495.721      17            21            6             2020          1 
 2449.505      18            21            6             2020          1 
 2424.249      19            21            6             2020          1 
 2398.286      20            21            6             2020          1 
 2389.9        21            21            6             2020          1 
 2421.859      22            21            6             2020          1 
 2506.454      23            21            6             2020          1 
 2549.997      0             22            6             2020          2 
 2603.968      1             22            6             2020          2 
 2583.968      2             22            6             2020          2 
 2571.464      3             22            6             2020          2 
 2502.588      4             22            6             2020          2 
 2524.955      5             22            6             2020          2 
 2513.329      6             22            6             2020          2 
 2536.351      7             22            6             2020          2 
 2533.257      8             22            6             2020          2 
 2550.159      9             22            6             2020          2 
 2541.948      10            22            6             2020          2 
 2596.482      11            22            6             2020          2 
 2676.917      12            22            6             2020          2 
 2777.175      13            22            6             2020          2 
 2862.105      14            22            6             2020          2 
 2921.671      15            22            6             2020          2 
 2937.294      16            22            6             2020          2 
 2915.688      17            22            6             2020          2 
 2827.104      18            22            6             2020          2 
 2850.188      19            22            6             2020          2 
 2755.226      20            22            6             2020          2 
 2814.749      21            22            6             2020          2 
 2757.789      22            22            6             2020          2 
 2763.668      23            22            6             2020          2 
 2657.192      0             23            6             2020          3 
 2651.76       1             23            6             2020          3 
 2339.389      2             23            6             2020          3 
 2171.729      3             23            6             2020          3 
 1680.508      4             23            6             2020          3 
 1453.022      5             23            6             2020          3 
 1296.05       6             23            6             2020          3 
 1638.395      7             23            6             2020          3 
 1889.98       8             23            6             2020          3 
 2532.02       9             23            6             2020          3 
 2700.615      10            23            6             2020          3 
 2793.018      11            23            6             2020          3 
 2549.888      12            23            6             2020          3 
 2399.024      13            23            6             2020          3 
 2160.443      14            23            6             2020          3 
 2144.157      15            23            6             2020          3 
 2252.516      16            23            6             2020          3 
 2356.132      17            23            6             2020          3 
 2477.867      18            23            6             2020          3 
 2585.482      19            23            6             2020          3 
 2638.695      20            23            6             2020          3 
 2593.266      21            23            6             2020          3 
 2579.429      22            23            6             2020          3 
 2554.677      23            23            6             2020          3 
 2563.908      0             24            6             2020          4 
 2612.058      1             24            6             2020          4 
 2684.047      2             24            6             2020          4 
 2722.833      3             24            6             2020          4 
 2773.1        4             24            6             2020          4 
 2658.542      5             24            6             2020          4 
 2668.192      6             24            6             2020          4 
 2516.52       7             24            6             2020          4 
 2471.447      8             24            6             2020          4 
 2421.343      9             24            6             2020          4 
 2518.13       10            24            6             2020          4 
 2504.392      11            24            6             2020          4 
 2599.696      12            24            6             2020          4 
 2570.863      13            24            6             2020          4 
 2565.204      14            24            6             2020          4 
 2537.143      15            24            6             2020          4 
 2562.025      16            24            6             2020          4 
 2530.148      17            24            6             2020          4 
 2617.361      18            24            6             2020          4 
 2589.121      19            24            6             2020          4 
 2614.329      20            24            6             2020          4 
 2571.111      21            24            6             2020          4 
 2556.605      22            24            6             2020          4 
 2420.371      23            24            6             2020          4 
 2359.909      0             25            6             2020          5 
 2320.611      1             25            6             2020          5 
 2301.402      2             25            6             2020          5 
 2313.633      3             25            6             2020          5 
 2504.681      4             25            6             2020          5 
 2610.4        5             25            6             2020          5 
 2740.114      6             25            6             2020          5 
 2850.675      7             25            6             2020          5 
 2932.184      8             25            6             2020          5 
 2847.848      9             25            6             2020          5 
 2849.95       10            25            6             2020          5 
 2773.018      11            25            6             2020          5 
 2707.788      12            25            6             2020          5 
 2689.865      13            25            6             2020          5 
 2684.299      14            25            6             2020          5 
 2690.465      15            25            6             2020          5 
 2673.581      16            25            6             2020          5 
 2803.57       17            25            6             2020          5 
 2769.998      18            25            6             2020          5 
 2797.425      19            25            6             2020          5 
 2659.721      20            25            6             2020          5 
 2562.337      21            25            6             2020          5 
 2303.614      22            25            6             2020          5 
 2300.587      23            25            6             2020          5 
 2232.758      0             26            6             2020          6 
 2332.188      1             26            6             2020          6 
 2404.984      2             26            6             2020          6 
 2516.132      3             26            6             2020          6 
 2525.051      4             26            6             2020          6 
 2549.494      5             26            6             2020          6 
 2524.805      6             26            6             2020          6 
 2469.703      7             26            6             2020          6 
 2423.258      8             26            6             2020          6 
 2330.062      9             26            6             2020          6 
 2294.852      10            26            6             2020          6 
 2251.833      11            26            6             2020          6 
 2317.171      12            26            6             2020          6 
 2239.301      13            26            6             2020          6 
 2283.435      14            26            6             2020          6 
 2177.856      15            26            6             2020          6 
 2109.563      16            26            6             2020          6 
 2009.879      17            26            6             2020          6 
 2011.045      18            26            6             2020          6 
 2035.56       19            26            6             2020          6 
 2137.21       20            26            6             2020          6 
 2315.779      21            26            6             2020          6 
 2454.225      22            26            6             2020          6 
 2656.707      23            26            6             2020          6 
 2770          0             27            6             2020          7 
 2927.557      1             27            6             2020          7 
 3014.563      2             27            6             2020          7 
 3108.979      3             27            6             2020          7 
 3138.961      4             27            6             2020          7 
 3131.601      5             27            6             2020          7 
 3054.246      6             27            6             2020          7 
 2699.337      7             27            6             2020          7 
 2475.208      8             27            6             2020          7 
 2122.15       9             27            6             2020          7 
 1953.493      10            27            6             2020          7 
 1879.845      11            27            6             2020          7 
 2077.591      12            27            6             2020          7 
 2117.278      13            27            6             2020          7 
 2300.738      14            27            6             2020          7 
 2380.396      15            27            6             2020          7 
 2350.805      16            27            6             2020          7 
 2367.792      17            27            6             2020          7 
 2383.158      18            27            6             2020          7 
 2430.641      19            27            6             2020          7 
 2438.937      20            27            6             2020          7 
 2580.657      21            27            6             2020          7 
 2646.476      22            27            6             2020          7 
 2750.824      23            27            6             2020          7 
 2805.67       0             28            6             2020          1 
 2859.663      1             28            6             2020          1 
 2827.424      2             28            6             2020          1 
 2738.036      3             28            6             2020          1 
 2741.53       4             28            6             2020          1 
 2603.879      5             28            6             2020          1 
 2551.873      6             28            6             2020          1 
 2445.448      7             28            6             2020          1 
 2380.158      8             28            6             2020          1 
 2217.178      9             28            6             2020          1 
 2205.961      10            28            6             2020          1 
 2147.242      11            28            6             2020          1 
 2172.784      12            28            6             2020          1 
 2247.198      13            28            6             2020          1 
 2322.035      14            28            6             2020          1 
 2388.943      15            28            6             2020          1 
 2387.35       16            28            6             2020          1 
 2341.564      17            28            6             2020          1 
 2230.804      18            28            6             2020          1 
 2142.351      19            28            6             2020          1 
 2117.664      20            28            6             2020          1 
 2139.023      21            28            6             2020          1 
 2234.594      22            28            6             2020          1 
 2382.885      23            28            6             2020          1 
 2502.141      0             29            6             2020          2 
 2483.113      1             29            6             2020          2 
 2491.6        2             29            6             2020          2 
 2432.652      3             29            6             2020          2 
 2261.257      4             29            6             2020          2 
 2244.339      5             29            6             2020          2 
 2156.344      6             29            6             2020          2 
 2169          7             29            6             2020          2 
 2133.593      8             29            6             2020          2 
 2307.751      9             29            6             2020          2 
 2290.434      10            29            6             2020          2 
 2468.577      11            29            6             2020          2 
 2494.421      12            29            6             2020          2 
 2595.929      13            29            6             2020          2 
 2622.229      14            29            6             2020          2 
 2699.3        15            29            6             2020          2 
 2756.761      16            29            6             2020          2 
 2814.166      17            29            6             2020          2 
 2823.835      18            29            6             2020          2 
 2749.423      19            29            6             2020          2 
 2711.98       20            29            6             2020          2 
 2578.493      21            29            6             2020          2 
 2521.564      22            29            6             2020          2 
 2467.297      23            29            6             2020          2 
 2489.333      0             30            6             2020          3 
 2478.77       1             30            6             2020          3 
 2455.594      2             30            6             2020          3 
 2273.608      3             30            6             2020          3 
 2235.345      4             30            6             2020          3 
 2112.223      5             30            6             2020          3 
 2173.135      6             30            6             2020          3 
 2362.981      7             30            6             2020          3 
 2612.752      8             30            6             2020          3 
 2542.499      9             30            6             2020          3 
 2793.672      10            30            6             2020          3 
 2613.984      11            30            6             2020          3 
 2570.729      12            30            6             2020          3 
 2553.635      13            30            6             2020          3 
 2678.658      14            30            6             2020          3 
 2549.781      15            30            6             2020          3 
 2701.552      16            30            6             2020          3 
 2679.509      17            30            6             2020          3 
 2709.126      18            30            6             2020          3 
 2760.397      19            30            6             2020          3 
 2854.446      20            30            6             2020          3 
 2833.722      21            30            6             2020          3 
 2814.982      22            30            6             2020          3 
 2758.57       23            30            6             2020          3 
