 1016.013      0             1             8             2017          3 
 884.6         1             1             8             2017          3 
 938.85        2             1             8             2017          3 
 648.5375      3             1             8             2017          3 
 601.65        4             1             8             2017          3 
 643.8625      5             1             8             2017          3 
 751.05        6             1             8             2017          3 
 460.0375      7             1             8             2017          3 
 498.8625      8             1             8             2017          3 
 106.225       9             1             8             2017          3 
-109.3375      10            1             8             2017          3 
-108.025       11            1             8             2017          3 
-12.45         12            1             8             2017          3 
 22.675        13            1             8             2017          3 
 275.825       14            1             8             2017          3 
 272.8375      15            1             8             2017          3 
 410.0625      16            1             8             2017          3 
 491.55        17            1             8             2017          3 
 520.575       18            1             8             2017          3 
 366.55        19            1             8             2017          3 
 278.4125      20            1             8             2017          3 
 56.275        21            1             8             2017          3 
 87.55         22            1             8             2017          3 
 163.0375      23            1             8             2017          3 
 422.2875      0             2             8             2017          4 
 661.15        1             2             8             2017          4 
 890.8125      2             2             8             2017          4 
 1006.463      3             2             8             2017          4 
 1099.463      4             2             8             2017          4 
 947.3375      5             2             8             2017          4 
 724.9875      6             2             8             2017          4 
 383.175       7             2             8             2017          4 
 28.5875       8             2             8             2017          4 
-221.1625      9             2             8             2017          4 
-292.8375      10            2             8             2017          4 
-217.325       11            2             8             2017          4 
-24.6875       12            2             8             2017          4 
 183.3         13            2             8             2017          4 
 82.2625       14            2             8             2017          4 
 396           15            2             8             2017          4 
 257.925       16            2             8             2017          4 
 577.4125      17            2             8             2017          4 
 735.35        18            2             8             2017          4 
 1097.35       19            2             8             2017          4 
 885.2125      20            2             8             2017          4 
 1036          21            2             8             2017          4 
 731.575       22            2             8             2017          4 
 594.7125      23            2             8             2017          4 
 585.5125      0             3             8             2017          5 
 705.525       1             3             8             2017          5 
 832.9         2             3             8             2017          5 
 945.2         3             3             8             2017          5 
 936.8625      4             3             8             2017          5 
 800.05        5             3             8             2017          5 
 525.3875      6             3             8             2017          5 
 194.2875      7             3             8             2017          5 
-2.6125        8             3             8             2017          5 
-147.3375      9             3             8             2017          5 
-145.95        10            3             8             2017          5 
-11.6375       11            3             8             2017          5 
 192.125       12            3             8             2017          5 
 339.425       13            3             8             2017          5 
 537.4875      14            3             8             2017          5 
 548.575       15            3             8             2017          5 
 549.1375      16            3             8             2017          5 
 432.775       17            3             8             2017          5 
 292.425       18            3             8             2017          5 
 266.6         19            3             8             2017          5 
 311.125       20            3             8             2017          5 
 460.2875      21            3             8             2017          5 
 709.1375      22            3             8             2017          5 
 926.025       23            3             8             2017          5 
 1026.375      0             4             8             2017          6 
 1111.875      1             4             8             2017          6 
 1091.912      2             4             8             2017          6 
 1074.275      3             4             8             2017          6 
 973.175       4             4             8             2017          6 
 854.0375      5             4             8             2017          6 
 650.6625      6             4             8             2017          6 
 598.65        7             4             8             2017          6 
 229.0125      8             4             8             2017          6 
-28.6125       9             4             8             2017          6 
 123.8625      10            4             8             2017          6 
 45.5          11            4             8             2017          6 
 320.3875      12            4             8             2017          6 
 817.9         13            4             8             2017          6 
 1080.662      14            4             8             2017          6 
 1035.425      15            4             8             2017          6 
 1306.963      16            4             8             2017          6 
 1070.925      17            4             8             2017          6 
 945.7875      18            4             8             2017          6 
 1008.313      19            4             8             2017          6 
 994.0125      20            4             8             2017          6 
 872.275       21            4             8             2017          6 
 678.3625      22            4             8             2017          6 
 376.6375      23            4             8             2017          6 
 23.4875       0             5             8             2017          7 
-316.15        1             5             8             2017          7 
-435.45        2             5             8             2017          7 
-455.925       3             5             8             2017          7 
-263.7375      4             5             8             2017          7 
-3.6625        5             5             8             2017          7 
 252.0875      6             5             8             2017          7 
 380.9875      7             5             8             2017          7 
 502.1125      8             5             8             2017          7 
 503.7875      9             5             8             2017          7 
 507.225       10            5             8             2017          7 
 504.15        11            5             8             2017          7 
 542.9875      12            5             8             2017          7 
 770.6875      13            5             8             2017          7 
 816.175       14            5             8             2017          7 
 1049.625      15            5             8             2017          7 
 1061.15       16            5             8             2017          7 
 1080.025      17            5             8             2017          7 
 777.775       18            5             8             2017          7 
 584.3375      19            5             8             2017          7 
 340.2625      20            5             8             2017          7 
 187.1125      21            5             8             2017          7 
 252.3125      22            5             8             2017          7 
 316.9875      23            5             8             2017          7 
 507.3125      0             6             8             2017          1 
 478.95        1             6             8             2017          1 
 670.1         2             6             8             2017          1 
 582.25        3             6             8             2017          1 
 575.8125      4             6             8             2017          1 
 462.6         5             6             8             2017          1 
 608.0625      6             6             8             2017          1 
 26.675        7             6             8             2017          1 
-31.675        8             6             8             2017          1 
-248.8625      9             6             8             2017          1 
-260.4         10            6             8             2017          1 
-106.9125      11            6             8             2017          1 
 533.875       12            6             8             2017          1 
 577.6         13            6             8             2017          1 
 812.4875      14            6             8             2017          1 
 995.5875      15            6             8             2017          1 
 802.3125      16            6             8             2017          1 
 784.05        17            6             8             2017          1 
 834.075       18            6             8             2017          1 
 782.975       19            6             8             2017          1 
 650.525       20            6             8             2017          1 
 584.2         21            6             8             2017          1 
 548.1625      22            6             8             2017          1 
 640.6         23            6             8             2017          1 
 625.5         0             7             8             2017          2 
 710.7         1             7             8             2017          2 
 505.4         2             7             8             2017          2 
 325.975       3             7             8             2017          2 
 157.475       4             7             8             2017          2 
 186.8625      5             7             8             2017          2 
-51.375        6             7             8             2017          2 
 125.925       7             7             8             2017          2 
 6.275         8             7             8             2017          2 
-50.3375       9             7             8             2017          2 
-91.9125       10            7             8             2017          2 
-258.0125      11            7             8             2017          2 
-49.7125       12            7             8             2017          2 
-153.45        13            7             8             2017          2 
 179.9125      14            7             8             2017          2 
 280.225       15            7             8             2017          2 
 674.1875      16            7             8             2017          2 
 487.5875      17            7             8             2017          2 
 767.3         18            7             8             2017          2 
 380.65        19            7             8             2017          2 
 281.9         20            7             8             2017          2 
 249.9         21            7             8             2017          2 
 314.025       22            7             8             2017          2 
 505.8         23            7             8             2017          2 
 755.2875      0             8             8             2017          3 
 935.175       1             8             8             2017          3 
 978.725       2             8             8             2017          3 
 904.8875      3             8             8             2017          3 
 750.2         4             8             8             2017          3 
 251.5375      5             8             8             2017          3 
-17.3          6             8             8             2017          3 
-454.3125      7             8             8             2017          3 
-628.7875      8             8             8             2017          3 
-730.225       9             8             8             2017          3 
-33.2          10            8             8             2017          3 
 196.625       11            8             8             2017          3 
 865.3875      12            8             8             2017          3 
 1182.563      13            8             8             2017          3 
 1529.363      14            8             8             2017          3 
 1013.575      15            8             8             2017          3 
 872.625       16            8             8             2017          3 
 554.3625      17            8             8             2017          3 
 161.2         18            8             8             2017          3 
 174.35        19            8             8             2017          3 
 479.725       20            8             8             2017          3 
 691.75        21            8             8             2017          3 
 771.75        22            8             8             2017          3 
 1325.2        23            8             8             2017          3 
 1274.262      0             9             8             2017          4 
 1009.75       1             9             8             2017          4 
 1227.188      2             9             8             2017          4 
 1030.225      3             9             8             2017          4 
 968.35        4             9             8             2017          4 
 968.9875      5             9             8             2017          4 
 930.5125      6             9             8             2017          4 
 387.9         7             9             8             2017          4 
 494.8875      8             9             8             2017          4 
-6.875         9             9             8             2017          4 
-334.3         10            9             8             2017          4 
-143.9         11            9             8             2017          4 
-225.95        12            9             8             2017          4 
-32.7625       13            9             8             2017          4 
 415.775       14            9             8             2017          4 
 749           15            9             8             2017          4 
 1038.05       16            9             8             2017          4 
 1561.988      17            9             8             2017          4 
 1581          18            9             8             2017          4 
 1173.287      19            9             8             2017          4 
 1100.713      20            9             8             2017          4 
 597.4625      21            9             8             2017          4 
 516.45        22            9             8             2017          4 
 445.9625      23            9             8             2017          4 
 414.5625      0             10            8             2017          5 
-30.8625       1             10            8             2017          5 
-7.625         2             10            8             2017          5 
-319.725       3             10            8             2017          5 
-130.6         4             10            8             2017          5 
 422.6125      5             10            8             2017          5 
 755.2625      6             10            8             2017          5 
 941.275       7             10            8             2017          5 
 1015.713      8             10            8             2017          5 
 124.225       9             10            8             2017          5 
 26.9125       10            10            8             2017          5 
-411.775       11            10            8             2017          5 
-273.15        12            10            8             2017          5 
-209.125       13            10            8             2017          5 
 481.575       14            10            8             2017          5 
 407.85        15            10            8             2017          5 
 1008.162      16            10            8             2017          5 
 831.4125      17            10            8             2017          5 
 983.375       18            10            8             2017          5 
 749.25        19            10            8             2017          5 
 839.075       20            10            8             2017          5 
 459.4875      21            10            8             2017          5 
 566.05        22            10            8             2017          5 
 178.1625      23            10            8             2017          5 
-288.0125      0             11            8             2017          6 
-431.475       1             11            8             2017          6 
-772.9125      2             11            8             2017          6 
-826.6625      3             11            8             2017          6 
-613.375       4             11            8             2017          6 
-11.8375       5             11            8             2017          6 
-55.25         6             11            8             2017          6 
 495.4125      7             11            8             2017          6 
 510.6625      8             11            8             2017          6 
 522.15        9             11            8             2017          6 
 562.7125      10            11            8             2017          6 
 534.9         11            11            8             2017          6 
 754.55        12            11            8             2017          6 
 765.2125      13            11            8             2017          6 
 852.5625      14            11            8             2017          6 
 923.6125      15            11            8             2017          6 
 953.075       16            11            8             2017          6 
 905.05        17            11            8             2017          6 
 1127.813      18            11            8             2017          6 
 1178.525      19            11            8             2017          6 
 1186.113      20            11            8             2017          6 
 1250.325      21            11            8             2017          6 
 1103.088      22            11            8             2017          6 
 866.25        23            11            8             2017          6 
 218.7875      0             12            8             2017          7 
-214.0625      1             12            8             2017          7 
-622.3125      2             12            8             2017          7 
-894.6125      3             12            8             2017          7 
-663.15        4             12            8             2017          7 
-63.875        5             12            8             2017          7 
 330.2         6             12            8             2017          7 
 738.575       7             12            8             2017          7 
 1053.988      8             12            8             2017          7 
 731.55        9             12            8             2017          7 
 549.95        10            12            8             2017          7 
 339.6125      11            12            8             2017          7 
 44.55         12            12            8             2017          7 
-267.275       13            12            8             2017          7 
-302.375       14            12            8             2017          7 
-509.3375      15            12            8             2017          7 
-272.4         16            12            8             2017          7 
-76.1375       17            12            8             2017          7 
 303.2125      18            12            8             2017          7 
 490.4         19            12            8             2017          7 
 901.9125      20            12            8             2017          7 
 859.2125      21            12            8             2017          7 
 913.175       22            12            8             2017          7 
 912.6625      23            12            8             2017          7 
 932.1625      0             13            8             2017          1 
 929.825       1             13            8             2017          1 
 908.475       2             13            8             2017          1 
 843.9         3             13            8             2017          1 
 716.9375      4             13            8             2017          1 
 727.0875      5             13            8             2017          1 
 706.3875      6             13            8             2017          1 
 227.5625      7             13            8             2017          1 
 1180.875      8             13            8             2017          1 
 701.1375      9             13            8             2017          1 
 1664.738      10            13            8             2017          1 
 1832.563      11            13            8             2017          1 
 2483.663      12            13            8             2017          1 
 1623.45       13            13            8             2017          1 
 2279.55       14            13            8             2017          1 
 1158.813      15            13            8             2017          1 
 818.45        16            13            8             2017          1 
 413.5875      17            13            8             2017          1 
 352.9625      18            13            8             2017          1 
-213.5         19            13            8             2017          1 
 341.775       20            13            8             2017          1 
-10.1375       21            13            8             2017          1 
 297.5         22            13            8             2017          1 
 372.625       23            13            8             2017          1 
 886.9625      0             14            8             2017          2 
 454.0625      1             14            8             2017          2 
 1017.6        2             14            8             2017          2 
 579.725       3             14            8             2017          2 
 272.2625      4             14            8             2017          2 
 112.5375      5             14            8             2017          2 
 417           6             14            8             2017          2 
 316.675       7             14            8             2017          2 
 1031.787      8             14            8             2017          2 
 1233.188      9             14            8             2017          2 
 1249.813      10            14            8             2017          2 
 643.075       11            14            8             2017          2 
 600.825       12            14            8             2017          2 
 123.35        13            14            8             2017          2 
 211.7         14            14            8             2017          2 
 384.425       15            14            8             2017          2 
 659.1375      16            14            8             2017          2 
 691.025       17            14            8             2017          2 
 802.4125      18            14            8             2017          2 
 857.25        19            14            8             2017          2 
 802.525       20            14            8             2017          2 
 872.7125      21            14            8             2017          2 
 864.775       22            14            8             2017          2 
 769.225       23            14            8             2017          2 
 624.775       0             15            8             2017          3 
 574.9         1             15            8             2017          3 
 253.6         2             15            8             2017          3 
 334.7875      3             15            8             2017          3 
 296.8125      4             15            8             2017          3 
 320.175       5             15            8             2017          3 
 200.05        6             15            8             2017          3 
 271.575       7             15            8             2017          3 
-40.15         8             15            8             2017          3 
-106.8625      9             15            8             2017          3 
-144.9875      10            15            8             2017          3 
-124.1125      11            15            8             2017          3 
-8.525         12            15            8             2017          3 
 98.1375       13            15            8             2017          3 
 290.0125      14            15            8             2017          3 
 140.075       15            15            8             2017          3 
 156.675       16            15            8             2017          3 
 127.975       17            15            8             2017          3 
 194.6375      18            15            8             2017          3 
 308.575       19            15            8             2017          3 
 591.2375      20            15            8             2017          3 
 708.9375      21            15            8             2017          3 
 885.7625      22            15            8             2017          3 
 1022.638      23            15            8             2017          3 
 887.6125      0             16            8             2017          4 
 738.9125      1             16            8             2017          4 
 493.025       2             16            8             2017          4 
 212.225       3             16            8             2017          4 
 158.8         4             16            8             2017          4 
 265.475       5             16            8             2017          4 
 493.4125      6             16            8             2017          4 
 540.7         7             16            8             2017          4 
 712.05        8             16            8             2017          4 
 445.45        9             16            8             2017          4 
 315.0625      10            16            8             2017          4 
 92.6125       11            16            8             2017          4 
 163.6625      12            16            8             2017          4 
 77.4625       13            16            8             2017          4 
 314.45        14            16            8             2017          4 
 385.9875      15            16            8             2017          4 
 121.0625      16            16            8             2017          4 
-111.4625      17            16            8             2017          4 
 56.1875       18            16            8             2017          4 
-185.5375      19            16            8             2017          4 
 188.3625      20            16            8             2017          4 
 575.85        21            16            8             2017          4 
 804.825       22            16            8             2017          4 
 666.6         23            16            8             2017          4 
 1045.4        0             17            8             2017          5 
 725.35        1             17            8             2017          5 
 726.8875      2             17            8             2017          5 
 598.7125      3             17            8             2017          5 
 305.85        4             17            8             2017          5 
 50.6875       5             17            8             2017          5 
-401.5375      6             17            8             2017          5 
-425.4         7             17            8             2017          5 
-389.0375      8             17            8             2017          5 
-177.175       9             17            8             2017          5 
-120.075       10            17            8             2017          5 
 194.1875      11            17            8             2017          5 
 82.975        12            17            8             2017          5 
 178.4625      13            17            8             2017          5 
 597.375       14            17            8             2017          5 
 836.9125      15            17            8             2017          5 
 1280.113      16            17            8             2017          5 
 1510.313      17            17            8             2017          5 
 1606.325      18            17            8             2017          5 
 1363.875      19            17            8             2017          5 
 1328.625      20            17            8             2017          5 
 1151.713      21            17            8             2017          5 
 1067.525      22            17            8             2017          5 
 716.725       23            17            8             2017          5 
 521.75        0             18            8             2017          6 
 67.4875       1             18            8             2017          6 
-121.6375      2             18            8             2017          6 
-25.725        3             18            8             2017          6 
 270.7125      4             18            8             2017          6 
 333.45        5             18            8             2017          6 
 411.0875      6             18            8             2017          6 
 113.575       7             18            8             2017          6 
-188.4125      8             18            8             2017          6 
-256.0125      9             18            8             2017          6 
-76.5          10            18            8             2017          6 
 260.6125      11            18            8             2017          6 
 593.3875      12            18            8             2017          6 
 806.4125      13            18            8             2017          6 
 946.8         14            18            8             2017          6 
 1264.225      15            18            8             2017          6 
 1447.037      16            18            8             2017          6 
 1488.275      17            18            8             2017          6 
 1566.15       18            18            8             2017          6 
 1199.813      19            18            8             2017          6 
 882.0625      20            18            8             2017          6 
 679.5875      21            18            8             2017          6 
 644.825       22            18            8             2017          6 
 550.75        23            18            8             2017          6 
 752.8         0             19            8             2017          7 
 293.5875      1             19            8             2017          7 
 41.95         2             19            8             2017          7 
-226.6125      3             19            8             2017          7 
-257.225       4             19            8             2017          7 
-33.9875       5             19            8             2017          7 
 509           6             19            8             2017          7 
 820.275       7             19            8             2017          7 
 894.3375      8             19            8             2017          7 
 596.225       9             19            8             2017          7 
 483.7125      10            19            8             2017          7 
 92.7125       11            19            8             2017          7 
 205.6625      12            19            8             2017          7 
 416.2875      13            19            8             2017          7 
 629.6875      14            19            8             2017          7 
 382.175       15            19            8             2017          7 
 310.4         16            19            8             2017          7 
-182.825       17            19            8             2017          7 
-431.7375      18            19            8             2017          7 
-489.6625      19            19            8             2017          7 
-243.175       20            19            8             2017          7 
 99.5125       21            19            8             2017          7 
 323.75        22            19            8             2017          7 
 543.125       23            19            8             2017          7 
 614.4875      0             20            8             2017          1 
 688.05        1             20            8             2017          1 
 348.025       2             20            8             2017          1 
 678.3625      3             20            8             2017          1 
 519           4             20            8             2017          1 
 829.625       5             20            8             2017          1 
 774.5625      6             20            8             2017          1 
 1004.825      7             20            8             2017          1 
 499.575       8             20            8             2017          1 
 524.575       9             20            8             2017          1 
 237.5875      10            20            8             2017          1 
 278.375       11            20            8             2017          1 
 227.25        12            20            8             2017          1 
 186.1875      13            20            8             2017          1 
 303.625       14            20            8             2017          1 
 75.7625       15            20            8             2017          1 
-15.4875       16            20            8             2017          1 
 130.2375      17            20            8             2017          1 
 296           18            20            8             2017          1 
 254.6125      19            20            8             2017          1 
 632.7875      20            20            8             2017          1 
 730.8         21            20            8             2017          1 
 716.825       22            20            8             2017          1 
 939.525       23            20            8             2017          1 
 1032.2        0             21            8             2017          2 
 935.6         1             21            8             2017          2 
 924.9375      2             21            8             2017          2 
 844.75        3             21            8             2017          2 
 726.975       4             21            8             2017          2 
 417.2875      5             21            8             2017          2 
 121.7         6             21            8             2017          2 
-146.9625      7             21            8             2017          2 
-316.7         8             21            8             2017          2 
-343.15        9             21            8             2017          2 
-458.775       10            21            8             2017          2 
-170.2         11            21            8             2017          2 
-541.925       12            21            8             2017          2 
-345.8875      13            21            8             2017          2 
-71.7          14            21            8             2017          2 
 464.55        15            21            8             2017          2 
 969.5875      16            21            8             2017          2 
 1623.925      17            21            8             2017          2 
 1742.85       18            21            8             2017          2 
 1300.262      19            21            8             2017          2 
 1129.95       20            21            8             2017          2 
 566.6125      21            21            8             2017          2 
 533.5125      22            21            8             2017          2 
 424.1         23            21            8             2017          2 
 312.125       0             22            8             2017          3 
 130.0875      1             22            8             2017          3 
-68.3625       2             22            8             2017          3 
-70.7375       3             22            8             2017          3 
 .4375         4             22            8             2017          3 
 481.2125      5             22            8             2017          3 
 592.1125      6             22            8             2017          3 
 1003.438      7             22            8             2017          3 
 794.9875      8             22            8             2017          3 
 779.8625      9             22            8             2017          3 
 334.0375      10            22            8             2017          3 
 223.2375      11            22            8             2017          3 
-109.725       12            22            8             2017          3 
 26.7875       13            22            8             2017          3 
 34.6375       14            22            8             2017          3 
 265.375       15            22            8             2017          3 
 569.1875      16            22            8             2017          3 
 760.725       17            22            8             2017          3 
 942.425       18            22            8             2017          3 
 973.525       19            22            8             2017          3 
 995.375       20            22            8             2017          3 
 830           21            22            8             2017          3 
 838.4         22            22            8             2017          3 
 670.85        23            22            8             2017          3 
 756.75        0             23            8             2017          4 
 787.6125      1             23            8             2017          4 
 739.1875      2             23            8             2017          4 
 592.7125      3             23            8             2017          4 
 502.7         4             23            8             2017          4 
 154.2875      5             23            8             2017          4 
 58.8125       6             23            8             2017          4 
 142.375       7             23            8             2017          4 
 250.6         8             23            8             2017          4 
 304.4125      9             23            8             2017          4 
 413.4         10            23            8             2017          4 
 178.25        11            23            8             2017          4 
-8.9875        12            23            8             2017          4 
-176.55        13            23            8             2017          4 
 129.6875      14            23            8             2017          4 
 313.4625      15            23            8             2017          4 
 981.4875      16            23            8             2017          4 
 1242.4        17            23            8             2017          4 
 1441.375      18            23            8             2017          4 
 1139.725      19            23            8             2017          4 
 938.45        20            23            8             2017          4 
 498.8625      21            23            8             2017          4 
 27.6375       22            23            8             2017          4 
 59.075        23            23            8             2017          4 
-167.725       0             24            8             2017          5 
 131.2         1             24            8             2017          5 
 354.4875      2             24            8             2017          5 
 591.9         3             24            8             2017          5 
 258.825       4             24            8             2017          5 
 505.9275      5             24            8             2017          5 
 192.0775      6             24            8             2017          5 
 295.4675      7             24            8             2017          5 
 352.8925      8             24            8             2017          5 
 372.605       9             24            8             2017          5 
 338.09        10            24            8             2017          5 
 337.5275      11            24            8             2017          5 
 372.15        12            24            8             2017          5 
 631.725       13            24            8             2017          5 
 933.55        14            24            8             2017          5 
 1029.425      15            24            8             2017          5 
 1119.975      16            24            8             2017          5 
 921.725       17            24            8             2017          5 
 780.7         18            24            8             2017          5 
 767.3125      19            24            8             2017          5 
 727.7875      20            24            8             2017          5 
 504.1125      21            24            8             2017          5 
 155.125       22            24            8             2017          5 
-171.7375      23            24            8             2017          5 
-444.9         0             25            8             2017          6 
-354.125       1             25            8             2017          6 
-80.525        2             25            8             2017          6 
 370.7125      3             25            8             2017          6 
 761.55        4             25            8             2017          6 
 993.2125      5             25            8             2017          6 
 876.3375      6             25            8             2017          6 
 676.8         7             25            8             2017          6 
 180.5125      8             25            8             2017          6 
 45.5625       9             25            8             2017          6 
-164.65        10            25            8             2017          6 
-1.4375        11            25            8             2017          6 
 296.025       12            25            8             2017          6 
 801.5         13            25            8             2017          6 
 1005.263      14            25            8             2017          6 
 1382.125      15            25            8             2017          6 
 1380.25       16            25            8             2017          6 
 1333.375      17            25            8             2017          6 
 757.0625      18            25            8             2017          6 
 721.225       19            25            8             2017          6 
 232.3625      20            25            8             2017          6 
 328.2         21            25            8             2017          6 
 344.8125      22            25            8             2017          6 
 416.675       23            25            8             2017          6 
 269.1125      0             26            8             2017          7 
 114.9375      1             26            8             2017          7 
-109.6125      2             26            8             2017          7 
-128.375       3             26            8             2017          7 
 232.6         4             26            8             2017          7 
 420.1375      5             26            8             2017          7 
 664.7375      6             26            8             2017          7 
 442.725       7             26            8             2017          7 
 398.75        8             26            8             2017          7 
 256.3875      9             26            8             2017          7 
 63.3625       10            26            8             2017          7 
 156.725       11            26            8             2017          7 
 162.5         12            26            8             2017          7 
-199.7625      13            26            8             2017          7 
-11.4          14            26            8             2017          7 
 40.775        15            26            8             2017          7 
 294.5125      16            26            8             2017          7 
 655.3         17            26            8             2017          7 
 1169.975      18            26            8             2017          7 
 1165.537      19            26            8             2017          7 
 1191.588      20            26            8             2017          7 
 1062.838      21            26            8             2017          7 
 1055.463      22            26            8             2017          7 
 898.45        23            26            8             2017          7 
 1038.613      0             27            8             2017          1 
 1196.625      1             27            8             2017          1 
 1414.4        2             27            8             2017          1 
 1436.2        3             27            8             2017          1 
 1473.7        4             27            8             2017          1 
 1080.075      5             27            8             2017          1 
 644.775       6             27            8             2017          1 
 210.2         7             27            8             2017          1 
-145.65        8             27            8             2017          1 
-337.3         9             27            8             2017          1 
-199.7625      10            27            8             2017          1 
 61.9          11            27            8             2017          1 
 275.65        12            27            8             2017          1 
 522.2125      13            27            8             2017          1 
 1640.637      14            27            8             2017          1 
 2101.163      15            27            8             2017          1 
 3773.337      16            27            8             2017          1 
 4991.225      17            27            8             2017          1 
 6458.063      18            27            8             2017          1 
 7033.475      19            27            8             2017          1 
 8215.638      20            27            8             2017          1 
 8066.1        21            27            8             2017          1 
 8506.325      22            27            8             2017          1 
 8550.575      23            27            8             2017          1 
 8633.463      0             28            8             2017          2 
 8629.225      1             28            8             2017          2 
 8638.412      2             28            8             2017          2 
 8501.737      3             28            8             2017          2 
 8392.487      4             28            8             2017          2 
 8150.1        5             28            8             2017          2 
 7854.5        6             28            8             2017          2 
 7057.15       7             28            8             2017          2 
 6166.688      8             28            8             2017          2 
 4764.712      9             28            8             2017          2 
 3487.563      10            28            8             2017          2 
 2023.75       11            28            8             2017          2 
 1360.425      12            28            8             2017          2 
 615.05        13            28            8             2017          2 
 854.525       14            28            8             2017          2 
 735           15            28            8             2017          2 
 831.025       16            28            8             2017          2 
 832.2875      17            28            8             2017          2 
 651.475       18            28            8             2017          2 
 510.6875      19            28            8             2017          2 
 652.1125      20            28            8             2017          2 
 490.4125      21            28            8             2017          2 
 55.975        22            28            8             2017          2 
 375           23            28            8             2017          2 
-97.325        0             29            8             2017          3 
-6.7875        1             29            8             2017          3 
 318.2375      2             29            8             2017          3 
 650.425       3             29            8             2017          3 
 641.6375      4             29            8             2017          3 
 1083.188      5             29            8             2017          3 
 853.725       6             29            8             2017          3 
 452.5625      7             29            8             2017          3 
 470.4125      8             29            8             2017          3 
 65.65         9             29            8             2017          3 
-93.225        10            29            8             2017          3 
-173           11            29            8             2017          3 
 142.35        12            29            8             2017          3 
-194.15        13            29            8             2017          3 
 599.9125      14            29            8             2017          3 
 527.3         15            29            8             2017          3 
 901.8         16            29            8             2017          3 
 962.4125      17            29            8             2017          3 
 840.1625      18            29            8             2017          3 
 374.225       19            29            8             2017          3 
 157.0875      20            29            8             2017          3 
-53.8          21            29            8             2017          3 
 74.125        22            29            8             2017          3 
 709.9375      23            29            8             2017          3 
 938.8375      0             30            8             2017          4 
 1337.688      1             30            8             2017          4 
 1297.537      2             30            8             2017          4 
 1040.025      3             30            8             2017          4 
 872.8375      4             30            8             2017          4 
 623.75        5             30            8             2017          4 
 458.35        6             30            8             2017          4 
 399.3263      7             30            8             2017          4 
 288.5526      8             30            8             2017          4 
 465.7663      9             30            8             2017          4 
 602.7551      10            30            8             2017          4 
 778.0801      11            30            8             2017          4 
 521.0413      12            30            8             2017          4 
 578.9401      13            30            8             2017          4 
 62.48877      14            30            8             2017          4 
-26.725        15            30            8             2017          4 
-97.0875       16            30            8             2017          4 
 147.75        17            30            8             2017          4 
 283.2         18            30            8             2017          4 
 622.375       19            30            8             2017          4 
 820.8875      20            30            8             2017          4 
 1017.725      21            30            8             2017          4 
 1171.838      22            30            8             2017          4 
 1294.162      23            30            8             2017          4 
 1400.488      0             31            8             2017          5 
 1340.225      1             31            8             2017          5 
 856.15        2             31            8             2017          5 
 494.8875      3             31            8             2017          5 
-43.4375       4             31            8             2017          5 
-489.675       5             31            8             2017          5 
-620.1         6             31            8             2017          5 
-347.5         7             31            8             2017          5 
-137.5875      8             31            8             2017          5 
 234.0875      9             31            8             2017          5 
 562.8375      10            31            8             2017          5 
 610.525       11            31            8             2017          5 
 636.975       12            31            8             2017          5 
 633.1375      13            31            8             2017          5 
 881.175       14            31            8             2017          5 
 750.7125      15            31            8             2017          5 
 903.3375      16            31            8             2017          5 
 931.975       17            31            8             2017          5 
 919.275       18            31            8             2017          5 
 715.825       19            31            8             2017          5 
 746.525       20            31            8             2017          5 
 321.1625      21            31            8             2017          5 
 148.8875      22            31            8             2017          5 
 67.1          23            31            8             2017          5 
