 62242.953     1             9             2019          1 
   4.18611724331468E-02    3.91929996815764E-02    3.75893966474908E-02    3.70742859373876E-02    3.98898500292374E-02    4.28305498671271E-02    4.78284840371307E-02    4.75372864135218E-02    .046145754795326    3.97522450315078E-02    3.37497496629257E-02    2.80378733666394E-02    2.99778677072437E-02    3.19580272373113E-02    3.87305038007174E-02    4.39517862342384E-02    4.69479171714929E-02    4.70380966510779E-02    4.67330177183371E-02    4.46327627028216E-02    4.48305684161647E-02    4.56352724957273E-02    4.78815185612257E-02    5.01930252148384E-02 
 63442.929     2             9             2019          2 
   5.06535891580112E-02    5.02159996058229E-02    4.87579963033587E-02    4.62055130830656E-02    4.21804303648737E-02    4.11212114380194E-02    .038073981457315    .039078617616955    3.85716605406688E-02    4.06871506786635E-02    4.02097438751803E-02    4.24418765862879E-02    4.17116935398545E-02    4.19867431229511E-02    4.25264098383604E-02    4.07945383480009E-02    4.01959827375916E-02    3.80127297719124E-02    3.68591416120916E-02    3.66469368662326E-02    3.80671124330991E-02    .039451218888495    4.21552093090134E-02    4.33945121161079E-02 
 58303.381     3             9             2019          3 
   4.77455174967683E-02    4.76136347679713E-02    4.64968587716315E-02    4.47634603554874E-02    4.35353827896469E-02    4.01318578428046E-02    3.84008253178105E-02    3.70469409666397E-02    3.72986257234057E-02    3.88697365689114E-02    4.22989890117286E-02    4.48627147235038E-02    .046687465849965    4.67275645643946E-02    4.35024361851009E-02    4.07217226618148E-02    3.73437158400492E-02    3.59981518883742E-02    3.64329314956452E-02    .038962337129782    4.03217949342638E-02    .041624911030031    4.18317946019931E-02    4.07806354451597E-02 
 66733.852     4             9             2019          4 
   .035640637254369    3.67295008569077E-02    4.02634930811614E-02    4.23046294241527E-02    4.48981290283715E-02    4.47565188106293E-02    4.35470443354409E-02    4.12567986882617E-02    4.03904915594787E-02    .036863973492372    .041571869349944    3.93280746931201E-02    4.16741551843414E-02    4.10477893529865E-02    3.86578773019127E-02    3.68681111682082E-02    3.93662722823381E-02    4.08035201417528E-02    4.30658630006009E-02    .047852971021926    4.54077948407185E-02    4.73020784465394E-02    4.54934019269842E-02    4.49090055184343E-02 
 62959.739     5             9             2019          5 
   .048770467865732    4.97626112399386E-02    4.83473885564194E-02    4.67545156057489E-02    4.55707892944092E-02    .04430728264569    4.24920104683387E-02    4.12624494341535E-02    3.65669729080754E-02    3.17218277865935E-02    3.07199978525165E-02    2.84344408668203E-02    3.35805886624824E-02    3.71384489186216E-02    4.17264930422937E-02    4.31343441684415E-02    4.67149821878629E-02    4.48876076272628E-02    .046601574209492    4.64445224235384E-02    4.54982835712478E-02    4.40676081491042E-02    3.77383719280507E-02    3.77564304986338E-02 
 62963.968     6             9             2019          6 
   3.39422062206773E-02    3.66806779896122E-02    4.06823776700549E-02    4.81654211366769E-02    4.88803211165055E-02    .053816478393444    4.57775614469295E-02    4.36173904193804E-02    3.79012343913109E-02    .038618515135067    4.06186747863973E-02    4.62101741703187E-02    4.56954057041005E-02    4.67576955891364E-02    4.47230071059253E-02    3.89720818431027E-02    3.80497296944599E-02    .033497728452307    3.44192895979511E-02    3.38906049074071E-02    3.72733020892203E-02    4.00097885957271E-02    4.49767251952339E-02    4.68236047507659E-02 
 62583.711     7             9             2019          7 
   4.85873217448507E-02    4.72874650854138E-02    .044383752685613    4.24619282935799E-02    4.02996252116825E-02    3.87051670406897E-02    3.85517904383798E-02    .040092125787681    3.95760162711308E-02    4.05111660976468E-02    4.19124884189114E-02    4.27134156761653E-02    4.35464912809441E-02    4.44205042427094E-02    4.56564348044773E-02    4.23074945134785E-02    4.34607662552361E-02    4.07403942312361E-02    .037782769665097    3.68863726215337E-02    3.76615570144123E-02    3.81700751361944E-02    4.13544038727086E-02    4.29304843146406E-02 
 57912.974     8             9             2019          1 
   4.04004625543838E-02    3.43271261101884E-02    2.70032244611166E-02    2.07936825869698E-02    2.50561290665521E-02    3.29000201698382E-02    4.33245066190285E-02    5.09965869421915E-02    5.66028613737312E-02    5.63986385956452E-02    5.82825014008303E-02    5.49565797572298E-02    5.64715608484594E-02    5.04953339287583E-02    4.31567533986426E-02    3.76914501854002E-02    3.15345912453162E-02    .030476556723013    3.18581631909026E-02    4.21729859203807E-02    4.24367589206457E-02    5.05232372928107E-02    4.39558334046077E-02    3.81844489630251E-02 
 43944.3422    9             9             2019          2 
   .035114328092154    2.42047761012381E-02    2.08491339540584E-02    1.49479078233307E-02    2.49307171298095E-02    1.51157462513776E-02    2.43535571640594E-02    1.01077155365951E-02    1.88588538981298E-02    1.73953549178219E-02    3.62072327787341E-02    4.05575982780114E-02    5.70216090209077E-02    5.86964293337972E-02    6.11680339061231E-02    6.02717196713153E-02    5.88998449362669E-02    5.77867814712533E-02    5.75603542495824E-02    5.87228965848532E-02    6.03752330679727E-02    6.05285420085461E-02    6.22827418518908E-02    6.40428973822909E-02 
 65015.566     10            9             2019          3 
   4.15856091149387E-02    3.94864986724391E-02    3.79497573115318E-02    3.52184890615272E-02    3.32018483526026E-02    3.39249511777495E-02    3.46467021631693E-02    3.52123381907688E-02    3.82298922989842E-02    4.07012205450153E-02    4.20506983077233E-02    4.34605469795783E-02    4.60643517637569E-02    4.47456245997305E-02    .046051847246281    4.65054007400608E-02    4.67568804804087E-02    4.65040338798923E-02    4.74874747507101E-02    4.54181385782003E-02    4.47323653050736E-02    4.43832038791103E-02    4.28668264816479E-02    4.28152988573825E-02 
 51324.5517    11            9             2019          4 
   5.37866354353734E-02    4.50515381705711E-02    3.37211903126265E-02    2.37654292068566E-02    1.39616395351139E-02    1.26866530387085E-02    2.24665588178983E-02    3.35255930770507E-02    4.35003694906238E-02    .052522853581252    5.38304741037197E-02    5.20925154033055E-02    5.12539676807835E-02    5.08569841840918E-02    5.03250788135963E-02    .048175775837439    4.69607036148135E-02    4.45303451135648E-02    .043085619346116    4.24124703146823E-02    4.38153267289644E-02    4.45498670205628E-02    4.66032110713132E-02    4.65191964705826E-02 
 59528.63      12            9             2019          5 
   3.99555642385857E-02    3.99706485638717E-02    3.98167416919283E-02    4.14392704493094E-02    4.34051296055465E-02    4.51455031162631E-02    4.53777434881964E-02    4.48257096784774E-02    4.29048000070512E-02    .039085832719798    .035666029981603    3.26088805891331E-02    3.05420101795976E-02    3.13451869320065E-02    3.56594803167085E-02    3.90868375212377E-02    .045100315760091    4.95528124056651E-02    4.51648076075957E-02    4.80691225998629E-02    4.34499150411428E-02    4.42663469700945E-02    .046168993862701    .051392312654327 
 60867.526     13            9             2019          6 
   4.72953505053335E-02    4.98991858192885E-02    4.54659661854213E-02    4.16014284101283E-02    3.99053181212138E-02    3.87310289901137E-02    4.01474029961909E-02    4.16126833212241E-02    4.36907506375506E-02    4.11709340772389E-02    3.64572561776414E-02    3.63414300665535E-02    3.19632997329161E-02    3.45956393325811E-02    .039962230428248    4.34640961413994E-02    4.23150764115478E-02    4.46194733317237E-02    4.03990300784013E-02    3.68550527075185E-02    4.06916657889237E-02    4.31426773795501E-02    4.75795590710903E-02    5.20934602932297E-02 
 62377.724     14            9             2019          7 
   5.44467274800396E-02    5.34928613210242E-02    .052081702068985    4.97336982404768E-02    4.53713590026946E-02    4.33959082617578E-02    4.15871703993139E-02    3.96133087047128E-02    3.70540947864056E-02    3.46626152763786E-02    3.40978932576856E-02    3.36237664496624E-02    3.54272792459533E-02    3.69899341051723E-02    3.75388008856735E-02    3.77335999624541E-02    3.81065366129341E-02    .03891751384677    .040010675964127    4.22552626218776E-02    4.26828961259071E-02    4.33928945531902E-02    4.38080896600403E-02    .043975409194154 
 57174.29      15            9             2019          1 
   4.65923754598111E-02    3.76808181341211E-02    3.40441473111756E-02    2.45213020941646E-02    2.33630000381837E-02    2.61422387655306E-02    3.58314710338445E-02    4.00932136698265E-02    4.82714860027667E-02    4.86442411645492E-02    4.67681887834768E-02    4.45088511442927E-02    4.30250213658644E-02    4.09346947618414E-02    4.01902519662903E-02    4.11646915373807E-02    4.38977724884625E-02    4.73440603654086E-02    5.40197016165395E-02    5.55875031485415E-02    5.69211445457499E-02    5.00491720825261E-02    4.17475575628595E-02    2.86570935049543E-02 
 62701.622     16            9             2019          2 
   .020685653839251    1.70571502333405E-02    2.17324682723868E-02    3.02059340597331E-02    4.09187831259872E-02    4.80655366359582E-02    5.34826667031337E-02    5.47202757980986E-02    5.18288027700464E-02    5.03697167427842E-02    4.88572054067537E-02    4.76279716371412E-02    4.87272574252046E-02    4.81706506681358E-02    4.52664219144423E-02    4.34375210794985E-02    3.94132882177972E-02    3.90677933925198E-02    3.90938850034852E-02    4.08127385021037E-02    4.12337670031188E-02    4.41114914147974E-02    4.28595301816415E-02    4.22535008282461E-02 
 67308.752     17            9             2019          3 
   3.67739980391034E-02    3.86799624512426E-02    3.48918206408544E-02    3.87154398502757E-02    3.94139068112012E-02    4.31699299866402E-02    4.22149999875759E-02    4.64691140933927E-02    4.31255805174675E-02    4.66297616757643E-02    4.58672315493422E-02    .048746693469558    4.76500279787631E-02    4.73118265511742E-02    4.44925358376408E-02    4.49545835296798E-02    4.25093162243968E-02    4.18299971204896E-02    4.11917013662466E-02    3.89986424227844E-02    3.81584689875286E-02    3.78650305270665E-02    3.45161069690369E-02    3.58233190891821E-02 
 38159.92761   18            9             2019          4 
   .0440589410227133289889382995    .0430029117657437820281022278    .0293085461647184712780433914    .0278846178869887012345933536    .0212870686837238473472041264    .0246053401776880362378653894    .0044130167572925330295195494    .0052103086261593670774785833   -.002184231082717192817022747    .0014462005946137590170339424    .0156970790438037730858263544    .0375171047133964937833381807    .0462664661747768970675990232    .0628444064283695322240680739    .0644423392290601884608763806    .0682762301497982322823384413    .0660552877815063549068404535    .0650431003267828264100839577    .0612989370395716010112211007    .0571407530508153393218661821    .0573533058649321688270361999    .060154359396595301874578163    .0664678933860273117011817099    .0724100168176393456213896628 
 69481.429     19            9             2019          5 
   .044382535121588    4.75729707326723E-02    4.95042351532522E-02    5.00322609697801E-02    4.75015431484037E-02    4.37530707508369E-02    4.11881711339191E-02    4.07044010446572E-02    3.91626221615545E-02    4.27294018714519E-02    4.44287655784073E-02    4.12703648593821E-02    3.96109314489452E-02    3.57252012924112E-02    3.08636420124847E-02    .029167161340402    3.21379118024382E-02    3.53697113215317E-02    3.96120242263314E-02    .044968678423545    4.61491942385155E-02    4.69823368535461E-02    4.30088015069645E-02    4.41740641173251E-02 
 61519.035     20            9             2019          6 
   4.77155255432323E-02    4.90848219401727E-02    4.83884863974419E-02    4.89653332310581E-02    4.63998679052142E-02    4.50352623201299E-02    .045033214554548    4.00908450149819E-02    .039926245934998    .035588352190251    3.55718827577615E-02    3.31468302573697E-02    3.75342850882962E-02    3.72979824646449E-02    4.32211602842214E-02    4.51817410558374E-02    4.65335639801872E-02    4.74775799448699E-02    4.78957447885845E-02    .048007887733955    .041291268216567    3.64370637160819E-02    2.96796099274649E-02    2.44954433234567E-02 
 41544.0577    21            9             2019          7 
   3.43367292344887E-02    3.59389292441531E-02    3.55547127052255E-02    3.43625806960173E-02    3.66565291457811E-02    3.44862316626061E-02    2.93209433394866E-02    2.91978947313445E-02    2.63999720684632E-02    2.00386775429069E-02    1.47993725892002E-02    1.44759193258673E-02    1.22421457503374E-02    2.04978274725941E-02    .029477453693922    3.95243283268042E-02    5.24272341134963E-02    .062615236922921    7.10045210140547E-02    7.51335853239548E-02    7.47659057281374E-02    .073336382785949    7.26359016175405E-02    7.07709881134667E-02 
 64342.874     22            9             2019          1 
   4.50267558596504E-02    4.47926356858492E-02    4.29641518922321E-02    4.34832443770308E-02    .041226584981122    4.07162423119012E-02    4.08516557630473E-02    4.01528543600357E-02    3.89800413737347E-02    3.81489492855009E-02    3.74132476411646E-02    3.60292590321463E-02    3.99885012543308E-02    4.00248361346316E-02    4.18451620342798E-02    4.01763680665127E-02    3.63608717304305E-02    3.37063423597324E-02    3.64873342644265E-02    3.99399333274459E-02    4.67081547221919E-02    .053801963356793    5.25158846528794E-02    4.86590183084513E-02 
 63615.067     23            9             2019          2 
   4.41779930268426E-02    4.03901656773092E-02    3.56996541192337E-02    .040977288434181    4.40622647741808E-02    4.42169157905135E-02    4.47315428852138E-02    4.30652863136771E-02    3.67627383383877E-02    3.31900607674142E-02    3.39257363083694E-02    3.31063549501763E-02    3.72885410481353E-02    4.13899572304742E-02    4.41872535897235E-02    4.47802558253908E-02    .047563793743725    4.62028594271051E-02    4.41880057945824E-02    4.38496287414505E-02    4.27573236661941E-02    4.10777039450713E-02    4.51111376943924E-02    4.72975362503352E-02 
 42763.5585    24            9             2019          3 
   7.23747066091331E-02    7.64137787470669E-02    7.66838639572932E-02    7.40189105571921E-02    .068912925337177    6.51068122548636E-02    5.48682603330795E-02    .044900661401854    3.29994509272495E-02    2.48131823638095E-02    1.82497600759111E-02    .015116553550386    1.63173445850294E-02    1.62480820127273E-02    1.38552648102494E-02    1.09395335986776E-02    1.00433177606535E-02    8.05653254923962E-03    1.76298209466018E-02    3.32701955363467E-02    4.61970909636326E-02    6.14697450648898E-02    7.09102816259433E-02    7.06039209141996E-02 
 61533.674     25            9             2019          4 
   4.83923967044553E-02    4.71975082128913E-02    4.52863420728888E-02    .045552682678776    .0452162981715    4.50925925636262E-02    4.33593968122438E-02    4.24336936913396E-02    4.11299185548388E-02    4.28523422889859E-02    4.27822507764712E-02    4.49310718190052E-02    4.55177440475519E-02    .044937769117382    4.26947058187197E-02    3.90143935596853E-02    3.58413500739753E-02    2.81648554925034E-02    3.12505643029346E-02    .02878930913325    3.58240751704607E-02    3.95383024215123E-02    4.77350338567262E-02    4.64654038326844E-02 
 62169.903     26            9             2019          5 
   5.02103879938799E-02    4.67935409573303E-02    4.32552399553466E-02    4.24357437749058E-02    4.03392452275601E-02    4.05974252248914E-02    .041251068884117    4.25891438089123E-02    4.07445852708263E-02    .040316743571393    .037361325784922    3.58809131586549E-02    3.56229452188163E-02    3.72117349318025E-02    3.77972295960676E-02    4.05177897824109E-02    4.24304973154574E-02    4.50344455157828E-02    4.75332406886758E-02    4.59350065632843E-02    4.49282989597273E-02    4.11445060670575E-02    4.01653659375482E-02    3.99035691818696E-02 
 67393.794     27            9             2019          6 
   4.15156906338253E-02    3.75084668868027E-02    4.27543076147338E-02    3.72508349605047E-02    3.70067443056218E-02    3.82279402126311E-02    4.03531228532426E-02    3.75811615613579E-02    3.91599404967559E-02    3.71749523996879E-02    3.35403418402572E-02    .038716458424013    4.04656987094483E-02    4.44936980561408E-02    4.54422391228449E-02    .047821717276974    4.73372672431734E-02    4.76262382649803E-02    4.96340197488177E-02    5.01043778763034E-02    4.93075801956446E-02    4.37289821035858E-02    4.01446459595375E-02    3.31035688190555E-02 
 51840.0823    28            9             2019          7 
   3.98253620987813E-02    3.97932621786776E-02    4.42123935650802E-02    4.09508985138851E-02    .038374726866964    2.80178755543638E-02    2.08860984108985E-02    1.90407544894109E-02    2.91470806663221E-02    4.16490058432064E-02    5.66046157579716E-02    6.25073841646491E-02    6.25809182245815E-02    5.57575329631807E-02    4.94716047267324E-02    4.34328402236883E-02    3.98043718781384E-02    3.88408515210464E-02    3.84063629017787E-02    3.99039871231551E-02    3.99623377701746E-02    4.55419782839301E-02    3.98212507093666E-02    4.54664992024304E-02 
 68252.786     29            9             2019          1 
   .03058409881132    3.44401613567925E-02    3.14177665605658E-02    4.05860657548378E-02    3.97077140466471E-02    4.79978654220705E-02    5.04153491567271E-02    5.49884225547859E-02    5.47137084940295E-02    5.50631426331081E-02    5.23356219034506E-02    4.99609942776732E-02    4.66455675729669E-02    4.37676480490573E-02    4.02557185197722E-02    3.68719602694588E-02    .033907244694973    3.24431868704231E-02    3.23314698190489E-02    3.40310341415953E-02    .036820462114085    3.87907235196505E-02    4.06486705138399E-02    4.12753977350005E-02 
 54456.079     30            9             2019          2 
   5.38150953180314E-02    5.59707396759942E-02    5.93810460636888E-02    5.36236736722382E-02    5.23028835942724E-02    4.08815519647953E-02    3.53833230654159E-02    3.01653560425963E-02    3.54772136857645E-02    3.62346869411838E-02    4.73642974879122E-02    5.14602418959851E-02    5.39563268960294E-02    5.37717556677075E-02    4.94715181815376E-02    4.17265249569864E-02    3.38518310927463E-02    2.78929004102783E-02    2.29643971500523E-02    2.36681564972755E-02    2.66338313384168E-02    3.11282969895794E-02    3.75279498180543E-02    4.53463967336066E-02 
