 9891.60757    1             3             2018          5 
   .0035801440513475606877517888    .0322370653853183542743396562   -.003624087363587150475683499    .0134990090392354697912869182    .0559225480879039765626286365    .0923245279937849374265056898    .1273896069049168718689878232    .1176855219702170210539397693    .0901521814011875523686995601    .0377719190087117457289098662    .0081167787371087549119177198    .0125257698633104992862146067    .0237967285230665494344919711    .0367672693671166333987509777    .0772220182204417961963284801    .0477576366285222534358992974    .0387323089082071216862882481    .0406392385823288377785897141    .0300266562232816116460633102    .0314243157950108609090322009    .057828011872897218060582644    .0212730335803242950528818846    .005893934791430469172969829    .0010578624279167597426229071 
 8094.25253    2             3             2018          6 
  -.0043346856142626427297790275    .0366882548943651502308638745    .0798407879671132523956477053    .0903496026704766029828822254    .0661487886639978602199602982    .0304028073114738860266322825   -.0205902273721128886004746383   -.0023425906134905331400625327    .0458459256892001119713026794    .073263528386604463896062803    .1144855558392122465692332433    .0939648839940505290857289327    .0424343691683659392821044095   -.022040342741814604590795983   -.0143311565299038180613818828   -.0499783146745978779093021453    .0094712747984896389191356252    .0505204647970131962265328532    .0816536669137008009805693572    .0876748034941776149403137043    .0925439374696652811250997626    .0513943070664240815328256135    .0363851509337576844788656476    .0305492074880940241680351923 
 8556.33875    3             3             2018          7 
   .042367537166524642330225647    .0709618351657711074143715967    .0931062950260121480113208468    .0979754921461004568104552897    .0957549162017457525276217003    .0822283947091271953205452507    .06078388376103038229990602    .0484304107291217286131875038    .0370939614797275294880067716    .0427694614124528438054185267    .0375774042372971733967405159    .0248528028416359742652778912    .0080304814953709026538950436   -.0054581137288422574433486519   -.0395073184777776592821316243   -.0313204055881962363867372596   -.0216272409738335803967555632   -.0278419318075736540935806217    .0123066071922409570331702914    .0279967293253788017684549948    .053109690169758648230237495    .074791031385941796659231146    .1105452843367146958738631053    .1050727917942706511006240841 
 4310.503879   4             3             2018          1 
   .2650620512293941030461139738    .2157435710777607677452689749    .1987238671036119951488390715    .1589403511124876544856485907    .0649806862173571889273782973   -.007664433422958532036620863   -.0906419785175189260048917822   -.1554544941403589443330599541   -.1784246625427987464293382672   -.1401430823303523119274752426   -.1103467978111057396406068749   -.0446062236335595697534923852    .0137251123443427018430946643    .0475204768978239446330863631    .0497504714111869611427392941    .051626702178406739348163338   -.0013775398808775784887769498    .0216273161135925751941540011    .0106222291605087777256585552    .0859265437167235640480907221    .1483147487964480729794513195    .1680803266480484705300969293    .1717543982750699665940377176    .0562603599967668652224405062 
 19241.0978    5             3             2018          2 
  -1.15827125635529E-02   -3.40430458043027E-02   -.038612665501975   -3.81266770076783E-02   -1.91185350548555E-02    2.66935348688401E-02    4.36084728043282E-02    .087922426080254    9.45332729505337E-02    .10281435118157    6.78196204686051E-02    6.17239710143059E-02    2.99287496741334E-02    1.51680268110631E-02    1.51706263670275E-02    2.18198051888305E-02    5.41867242391375E-02    6.90293228056808E-02    .100756987412024    .107902527574986    9.97221135403784E-02    6.80691905296816E-02    5.22755509957344E-02    2.23383571263879E-02 
 3161.74924    6             3             2018          3 
  -.0619470695278794468849148834   -.0567761977227517258769073034   -.1699061371483084471303612933   -.1360446598858042265236695368   -.0816643194638674128375848048    .0828451215188716231019003898    .1135088436045611257899756781    .2142443782164078261943379166    .2047325549448064388559796096    .1643636039903025326575234663    .1253030743197079095368107055    .0264732885647819433017401469    .0586274830574482877079777522   -.0100293089656914094806582447    .048921431859030034905614463    .128343479889632234085711364    .1869779527487132407755398085    .0667239505685782974996461136    .1099517620189259537862654788   -.0542059749178590772745785494   -.0987540998033101448614565018   -.0435553516571731665854689982    .0611613652194631349069289252    .1207048285714144743496482979 
 12505.23171   7             3             2018          4 
   .0650468554972501185265922594    .0824394960371350048339088313    .079726631470789436495775255    .0795356314113431169681221365    .0724996962091476512113344919    .0525380908755668310603418639    .0072821049710881366787565106   -.0124815839977746401949716452   -.048178651461389034909773775   -.0747006230402747171487636513   -.0648457956481959501412549196   -.0355670898640229993787136312   -.0103936738650002991427977307    .0349483408332623370478914541    .0605406295186512781537256298    .0818866874078897015495604919    .1078399050312359226169028738    .1119651384692335300998593012    .1126498918747344026622598263    .1070931775641604644845081403    .0713101220896929705911063043    .0533716060188060281851426806    .0515493367055731268813091029    .0139440758910975828691781993 
 4673.79458    8             3             2018          5 
   .0272341879432792700957772945   -.0110588963882105404812207215   -.0511546872477223849234726101   -.1083189668126150293922417104   -.0297933504813983502030592025   -.0473567026131473668660893522    .0021853677617127965431463186    .0545063535933151773221492332    .0754741129422936683708508216    .1066290979352370253294272937    .1622771362792756715465231251    .1898508770147959733395043648    .1779441705801284916548471841    .1751625977537078662109279095    .1430288577209997962726038336    .080937874680833747725386767   -.0044100290774867559540881662   -.0682689396246422109548511651   -.1159253344848544884058639993   -.1099693388749661308392376971   -.0342917724039125399473590044    .0841612512632080633719250879    .1347464868684921963343968789    .1664096456716760538500175162 
 5456.63128    9             3             2018          6 
   .1089960947480402230879708625    .0689551814466745497232864156    .0291985094510545707973876512    .035026189271854190595044201    .0530501302261346857946392156    .0616197948416261690307943988    .0562617271072052352417699002    .0599543900279807801123773201    .045295712192596601469469273    .051423668853798748886694063    .0414404031345874629080673378    .0078366959037041623233886531   -.0583901648564386780409322435   -.062772447399084660160508408   -.0817425948560702455966568443    .0158315296686126829518889537    .0859229579463173843038190405    .1099900963071853372507881823    .1013057088951775389155486423    .0680869534582149739829956038    .0426819933488340813821673507    .0295167277639474294843686048    .0775821158287975800336650198    .0529286266892491955219668059 
 1376.88801    10            3             2018          7 
   .1415598063055251675842540019    .0004720790618258052809973993   -.0212257567701530061257487455    .1188364622334099633854753372    .3572269468742051141835420587    .5017644826466315150787027334    .2773725947399309548784581253    .1590165637363637148674132183   -.187316614079601143451020392   -.2443020039080738309283410784   -.1439212910278737920014279157   -.2510560027318416404831646402   -.1911015987422245037924326177   -.2405882668700121805839532294   -.5008033296767541755265920284   -.5110525292467322741811078738   -.3376996506781985849379282488   -.1746051227506876176516345727    .0864814706317327870405378866    .513549609601146864515146733    .4861505039905169920101199806    .5279204225186041092768321804    .3798601601592855761740564507    .2534610639829741853878152371 
 3517.3213583                11            3             2018          1 
  -.0000531687841256526338593098    .0382713111164403894268986164    .1008545890078843410865941973    .0505676001370443217713195666    .107386406166355209147794177    .085903268203515972150459733    .0771572660995546202719568548    .1039921755050515766232368601    .2164284756647679211859406176    .1397970074129521428209842739    .1356957330252822693866618596    .0418211431414660226953195538   -.0767385667968807841756879824   -.1271104498157335742238653667   -.0643141120632019789364493451   -.0210957238311209444089310069    .0535029304490264096207987366    .1064835884603453181151997555    .0518681637006224186154710958    .0326561289968441835222685231   -.0264371322741300854198949695   -.0361498956300810746991676152   -.0291202280275875581771973343    .0386334901357085362341485089 
 2323.45969    12            3             2018          2 
   .1478071694026247556720039331    .205770085901511809744373056    .2745416685064159645481088592    .2503964249967254650327073245    .2181660401433519167272490964    .0266036248728722296017108866    .073403468428582894846779115   -.0866058063611165984979924485   -.0471336345843813627771609844    .1898508942928981909731345501    .2314698646654808115048468949    .4624401295294260086776026659    .3312510233392514763189199121    .2945656440460992030380350606   -.0615679715106225922946827625   -.049027405334499261314923006   -.2751823940616761894414445383   -.062025005477930198134834007   -.2262736479839682521025359386   -.1846707742969278713847624359   -.1919444102772447926565922045   -.3445778308295075263388795869   -.1415885119143168780345829886   -.0356686454930492037070804529 
 11532.3379    13            3             2018          3 
   2.49256315724206E-02    3.09110271484596E-02    7.01095409720787E-02    .037262816109005    8.06786869637709E-02    .06639169749421    7.03652227275047E-02    3.34038872162063E-02    1.20952831862649E-02   -2.84667074495783E-02   -2.96070316719588E-02   -1.75073173213443E-02    .01781513042206    5.47211405508218E-02    8.02070914659653E-02    8.40756130555496E-02    7.51962424342856E-02    .062610984143174    4.53497400029031E-02    .045957808482398    4.80756801093184E-02    4.89254633777196E-02    4.94153498328166E-02    3.70870170398867E-02 
 3838.13804    14            3             2018          4 
   .052489644171318027946696779   -.0554303930142126936111969542   -.0815106170595156603591047497   -.1542315554653683065552274925   -.130381970316002495835194088   -.0957916302562166315414752514    .0095980081008238046591987609    .0299917561068230886245039795    .0950135185862153097547267998    .1040866680240609584745419943    .1199864348808048602650049554    .1514274614260616848475830223    .1354531532169697575546292754    .1368307743303573312855626214    .0591596231385153619956826774   -.0420582319649972776904084461   -.0606870825312994735332656248   -.0435532537542604903287949487   -.0195929482515433446995043461    .078963965558674903730143067    .1336682512857197809383635405    .1314567883545949796010984535    .1940458868957198840091744069    .2510657485367566404672615683 
 7293.24135    15            3             2018          5 
   .1122461139997787129312538108    .1436331186270148594492899923    .1154444175908150907415123455    .1038341477620235342958998608    .0874851755728610297532523039    .1089586182418054765183384477    .0831539052248695979326119517    .0915691073352453912690000311    .0620042554878565755951570148    .0365850363638384187025430058   -.0102200854768092927570537618   -.0363025282304691589563260511   -.0561924500140119454568715185   -.0778718504907286524941341753   -.1079527143305082040100044132   -.0871320678287987823137102134   -.0605783051454892549250409765   -.0181348173813005653515086265    .0529053381731292904491635945    .108350507281649194291369502    .118097531490576545913978289    .1076460879770556338437915537    .0786979852243611820140848623    .0437734725452353225634031705 
 10718.45681   16            3             2018          6 
   .0336721513551538955167931493    .0633731620177140033650049293    .1085674944283327293642376491    .1528088445038012892827992839    .1379233061442918665826111586    .1277679263233416900804771727    .0664975390239968695642857192    .0276835933810139596018953404    .0063161993559406804196470891    .0312299994237696611103851619    .0385712148053148706954578847    .0749220540078847413856398233    .0780556767481157579063846599    .0602860758273653014794393709    .0543465174442401844225931998    .048426831324797771891194475    .0208155337988435669220185065    .0113120761831012126828731421   -.0222794665531707264490064218   -.0520108827121354981697220647   -.0704650411330994578127147391   -.0357527213845255024169845958   -.013564406012659951185640874    .05149632169857108376033098 
 9539.231459   17            3             2018          7 
   .1060395697858493486838875119    .1295202873848204420636649949    .12420937735839459097875738    .114043464054288023749691888    .0759756174399374116287495357    .036456029135543800835245044    .0182561352818098131441932549   -.0085122161412060145295191332   -.0092264235728300929153500268   -.0277892407935963051675020689   -.0018359424525207969377148122   -.0166458378415996457896619321    .015833141343635364661089308    .0268429905596234469144145756    .0687042769448330669759042692    .0683937697501255273818594949    .0971565690573102593589138322    .0871806605777841835255965352    .0653955303088321887001190543    .0368463121490131357132425777    .0136315069572314903193712306   -.0071104187262388136587094422   -.0136780830364376212584779467    .0003129244753971956222348751 
 11862.45818   18            3             2018          1 
   .0254803933057996247452313463    .0538599159048837211580374145    .0632708658366793921966011938    .0688958045287709499010431917    .0533509573139755422935450972    .0295374276295235799094720181   -.0093435945836986714670972185    .0017650591203180115236452619   -.0355806607362050148024209937    .0072782874080488433806221435    .0084258151627051721247880513    .0638358330549663526822229016    .0656355949319772438599231378    .113763182935832276207021368    .0943585202169285961604966434    .1128664885206786035641054627    .0904490438422772167783524275    .0782888745239816727429761105    .0657482612933435015911685178    .0353456672839456956467011123    .022491080343686404464947079   -.0036680845858206431206992883    .0009789699422990926826601466   -.007033703194897164223343125 
 9058.555512   19            3             2018          2 
   .0168584273505526208669106846    .017552467365174325157902725    .0317531310172976726579009124    .0207041839895499665620418621    .0249709238631202197350954424    .0215183866502533831356400479    .0037258677672493795277853567    .001752589579979824050340268   -.0168293498668797471735358948   -.0007796119359918539736382641    .0329109094275648128301716809    .1003995392858392851453996808    .159662542011698167092934629    .2088369384604373995914416161    .2266488290854114710645712053    .1972454656410786921057177046    .1362975585196148875794403809    .0382506901393927230812117145   -.0234477781494661772736730346   -.0997457153961303670597851496   -.1048747229888367217194793739   -.0702500083105965294657455757    .006206779869651253068349028    .0706319566240353134130023533 
 11795.36991   20            3             2018          3 
   .1087342753797536477599115838    .1181128706119569250541630534    .0777856571689323137132542883    .05915753429728597634120319    .0158875051337834643627551991    .0060096487469972020572265376    .0087618701904703554990078306    .0418192480408611449812513765    .0515402657685705424392239344    .0824632976686358113545588669    .0403303163554622256013673419    .026525026547471795227488546   -.024558500683765330086201595   -.024203530892063392694396644   -.0470651793234011429150677649    .0091591362394161659657522347    .0058316339822190451337867368    .0420894642379214710020060744    .0569703540564926632300927983    .0540815086654624466965953762    .0558375790691925828716973235    .0650318731716655421110061651    .0863729588621269445207250817    .0833251867045515997725924646 
 33228.837223                21            3             2018          4 
   .0357449763297123603355165167    .0263893976823553685262819406    .0173524398741492489810798216    .0082831065725492359037880379   -.0030632429090701197660743676   -.0002291225825600114770528213    .0039276156166447148748609102    .0076058965983036077542616213    .0097121243766128878965979459    .0086539441049402500785183734    .005069331763538369300464643    .0162114008499562476550038984    .0362993743026648669800190318    .061405579325769235027800118    .0724430404785217723175097814    .0897559544435582310354862699    .0806087791162911376364775062    .068534176646533810612239009    .0663173371132800652559265149    .0684871391895951086317071758    .0704011393567745366303153593    .0832924420865462554316958201    .0915782270555558524847271933    .0752189426077769678928497004 
 50524.614     22            3             2018          5 
   4.54051153707849E-02    3.31590851062402E-02    2.78525242589557E-02    2.84495003645958E-02    3.92110863034006E-02    4.91361683139232E-02    5.57418788803117E-02    5.68138734011407E-02    5.06594483288012E-02    4.32049240272276E-02    3.61660363088387E-02    3.60876183691626E-02    3.72783838021689E-02    4.34441715873376E-02    4.28969155045153E-02    4.14439185677153E-02    4.20297735661573E-02    3.68961153726912E-02    3.79955804537727E-02    4.08078337585741E-02    4.30055317320188E-02    4.33081186243699E-02    4.60174310179416E-02    4.29889672499527E-02 
 47719.273     23            3             2018          6 
   4.21687472667621E-02    4.23780555080963E-02    4.13451617247042E-02    .040773064810568    3.99115043859284E-02    3.99313909967192E-02    4.01430475669325E-02    3.97503957227421E-02    .0409888885134    4.23489699968161E-02    .043378177568972    4.63075771505493E-02    4.75277156278004E-02    4.96720264007637E-02    4.44374734246528E-02    5.13340395373375E-02    .042008122083051    3.89357353652802E-02    3.52920498582211E-02    3.23558790058998E-02    2.69621052388387E-02    .037534373943823    4.43209164997652E-02    5.01945832963025E-02 
 54435.359     24            3             2018          7 
   5.32785511811702E-02    5.18934193868823E-02    4.82257683230995E-02    4.31298356264629E-02    3.88419409523872E-02    3.45882530986776E-02    3.22990624452447E-02    .031487070926925    .030853051749731    3.04735027019903E-02    3.09396698593062E-02    3.15043761604877E-02    3.47580134707342E-02    3.73572070777677E-02    4.20969932687732E-02    4.55421273290629E-02    4.91615381201491E-02    5.12217780892425E-02    5.40124662038373E-02    5.22417799950236E-02    .050605212149423    4.74714601691614E-02    4.15454054872679E-02    3.64715141461695E-02 
 51849.023     25            3             2018          1 
   3.64038094435261E-02    3.55689434267703E-02    3.72985039893797E-02    .040051941822209    4.08089474074444E-02    4.25399347010719E-02    4.00369917529594E-02    3.73582736599371E-02    3.74930502999787E-02    3.53758262015311E-02    3.69040316975934E-02    4.26068780505276E-02    5.06930856323103E-02    4.86520456741538E-02    5.36685119815927E-02    4.85633058300346E-02    4.34248469575189E-02    3.67600754795985E-02    3.99166048488633E-02    3.90463083451568E-02    4.19390737603677E-02    4.58526110692095E-02    4.64830378319038E-02    4.25533591569556E-02 
 46244.149     26            3             2018          2 
   4.42472203094953E-02    4.04891435309605E-02    3.65721731291347E-02    3.68500244746841E-02    3.86824511817227E-02    3.87413770273673E-02    3.71184890753017E-02    3.70663314000748E-02    .035137980923611    3.88495410488309E-02    4.38901570848928E-02    .050765058171197    5.50007291530546E-02    5.97440340337704E-02    5.91604561946177E-02    4.73911199386273E-02    4.69937934911777E-02    3.45441109251532E-02    3.26238880605131E-02    3.15713451713508E-02    3.97510170016319E-02    3.53193858407093E-02    4.20607792221725E-02    .03742938408594 
 40645.241     27            3             2018          3 
   3.65037084259677E-02    3.24275842659922E-02    3.08520501495335E-02    2.95117684122755E-02    2.98574435388697E-02    .031414822638384    3.77919517879412E-02    3.58913362506265E-02    3.63434427238665E-02    3.70366370102068E-02    3.44330093618386E-02    3.49610425486221E-02    4.83355987616576E-02    5.24846192940522E-02    .058703353804462    .058441332911444    .052447690578031    3.97976742116085E-02    3.80305528592665E-02    .037515436914481    4.32522961298224E-02    5.05763513194878E-02    5.62350703808411E-02    5.71552249038208E-02 
 53683.953     28            3             2018          4 
   .040525610160859    4.01796045086322E-02    3.67996382238865E-02    3.75901353714931E-02    4.01777399355027E-02    4.16630452472571E-02    4.37090595332324E-02    4.05149002347126E-02    3.96240208366479E-02    3.46729129339695E-02    3.52741172531459E-02    .032415346909363    3.53028589657765E-02    3.25110563576489E-02    3.55745045320503E-02    4.35151803096775E-02    4.64188982352301E-02    5.79148874833463E-02    6.04293598510248E-02    5.99424925204721E-02    5.06322059199073E-02    4.75912599597616E-02    3.48888987184576E-02    3.21322660525181E-02 
 43940.508     29            3             2018          5 
   3.46940458454289E-02    3.00306498895905E-02    .032946774262302    2.74464506948378E-02    3.44914987011387E-02    2.84657621352062E-02    3.49256322756683E-02    3.66706286100445E-02    5.43911798702634E-02    5.59412715625636E-02    7.44392828217587E-02    6.97966419128279E-02    6.59619115542258E-02    5.58106906196044E-02    4.99371095775821E-02    3.73675686947423E-02    3.65565189123155E-02    2.91001426025417E-02    2.70589944457188E-02    2.93715306064722E-02    3.51375554450306E-02    3.27809811362943E-02    4.33233503903519E-02    4.33538231663565E-02 
 35677.38135   30            3             2018          6 
   .0602282992386715624239613651    .0658544128267418370939379496    .0758775419485768957648008547    .0706942579461482814236869433    .0608802529168806275071530719    .045597488897542083760584071    .0237019637653423238137963845    .0078407800520931450031996252   -.0040490920166706685719242116   -.0033633942699665091871996373   -.0079282724599405051346348322    .0007662964311140509195470984    .0139343046263119308222434885    .0312292258523620596386623538    .0496235411066681327496027115    .0604062831534018961848499007    .0639067362492959422314777034    .0592970089157061971421845959    .0477269893576424156477504479    .0400610679909107174425513155    .0492822324248301368115964598    .0510736755627946331885145489    .0660544555353135523776326706    .0713039439482292609460251208 
 31712.32517   31            3             2018          7 
   .0789389294723859568699042827    .0678466491645147317969431631    .0694027949133822532635187406    .0602888305966496874186787988    .0689775028565021490664791894    .0767445776036106405754289886    .0818061112230957866404849304    .0818908732197513601617752332    .0630846836135667689358522051    .0454271010491155354156580755    .0248976193252120339556924391    .0077449823903908967139289711    .0017524545961887915391856459    .0028265499145674911733380161    .0015691523637337879882744656    .0018919779511077711366693835    .0052357088012288441100138984    .006254256000995716328926631    .0169685760068157121510746668    .0283833019236160916295246225    .0377191831121729129267754667    .0495757719300656376310737735    .0544646282081497715671915835    .0663077837631796710036068289 
