 10777.65226   1             2             2018          5 
   .009148646441855046453317283    .0288213047244855161062693259    .0460433300341052198690997663    .0646581911522908979065539084    .0457812135794405376370901764    .0436192863398248107886160358    .0215364621534003733017082887    .0408750430402177403337375815    .0644851942922122076334275792    .1071579386807939190274079227    .1140032142770210327791741167    .1176381432072665517601325913    .0847425281468489316429290696    .0493684419541663705523933837    .0200229971049372119935144391   -.0031175296056545806572534564   -.0137494879613048491508854824    .0203093581718510558068422965    .0092517533127386316321918518    .0250007787874202577027661496    .0402104456096081170093346471    .0186438377443066622006600165    .0110760578575208178037839198    .0344728509546475198671885894 
 15670.6546    2             2             2018          6 
   1.88201131324559E-02    2.47802977118853E-02    4.78791412677529E-02    4.26823258137259E-02    4.63252869347769E-02    5.50701611171248E-02    5.25495612001568E-02    5.52027035296917E-02    5.00641163762194E-02    4.83156276194762E-02    3.91112873547514E-02    3.50543093847129E-02    2.49206571277441E-02    .021143755335939    1.93840649342195E-02    2.54169024637757E-02    3.16411475176337E-02    3.95859979567518E-02    5.07079344266133E-02    5.92965035969505E-02    6.38695089457307E-02    6.09277373043158E-02    5.39082124584038E-02    3.33426388303205E-02 
 10168.50046   3             2             2018          7 
   .0216404572990499722119302535   -.0071801658747232824533893958   -.0214079746425069247624344406   -.0206371628565575144793768343    .0078134401736556542379307716    .0136672561059214428161613123    .0200497016056583823963361457    .0165339423114900463897899062   -.0053498743707584982496032655   -.0154079060738912529881520013   -.0015796714631805209162571056    .0118220086110907251707003414    .035860695629058367569764559    .0662056320544238830668253714    .0798531704054227873831457741    .0826670071272239486135598798    .1241984503976705332223587272    .1087808378778398560450082332    .1387618563376649539926361964    .1100002900526003418207053904    .1024560114933603494177350905    .0539127673894996312956846736    .0576964619619046562938346959    .019642768448082461905105721 
 15501.74424   4             2             2018          1 
   .0192793143386295476643730254    .0218146354864644573699920623    .0259552727596801068109997408    .0376354680458848803713716799    .0485115731724909428643753704    .035737165535895849614404424    .0383199136047673561668825469    .0110343002278819689777051824    .0059550001968036598183482867    .0111286702534320744282902709    .0427073424609668311751220068    .0532222495240961348746907206    .0866176721284881681159771218    .0757341871871832662877167944    .0748576406650868599287379289    .065070096911881446445538828    .0578434649751388234747446717    .0675673642774537222012637205    .0656958329484089075643270967    .0582079400891986333016677354    .0424685564287183724042656506    .0323511207665234967132963097    .0063201823280758759312364968    .0159650356868486174946723286 
 14963.8448    5             2             2018          2 
   .013176659813502    .023126543768935    2.31307205029786E-02    2.50812553013615E-02    1.69943293311754E-02    1.77151993648373E-02    .022028062715456    3.62139197739913E-02    5.56657411163598E-02    7.29122101741066E-02    8.06926336136845E-02    6.15355616191635E-02    6.05390189809373E-02    2.80866928070101E-02    3.18867784375134E-02    1.64797018562859E-02    2.80517942362313E-02    2.79373460130568E-02    4.59282077853539E-02    5.06428390965841E-02    6.98883852494455E-02    7.92993420297302E-02    6.00044908367129E-02    5.29825647467663E-02 
 8135.66028    6             2             2018          3 
   .0549599521871874423940425398    .0229559118218244973227913592    .0220387152153801584251991407    .0419527104442959852792673393    .0637257434746279745102631055    .0726556148679305473654807032    .0775875440069383034759656902    .067228753558524938801894024    .0393438011155500214667272218    .0113911332099034007354102549    .0050841503426197633709454741   -.0014057937040606125210528088    .0120459135002131627846191237    .0651438705353611446519249203    .0727155362490135834432850729    .0846628025623508458492320429    .0632232274084089460038269936    .0361340800724781492474019576   -.0027886968259692377420656016    .0232079012030723583753180018    .0015762285492087926758908375    .0365057893002385787917879973    .0489371220402039697753948005    .0811179888646972855164498093 
 10823.95962   7             2             2018          4 
   .0640730402133558587684383841    .091776626565057344513633727    .0963129054984408746343789483    .0923321995911141434949292614    .0504587063490911286307995299    .0361363044331091102130331118   -.0188805305243738520155344039   -.0271654838268881125038786869   -.0279474065517624316488349945   -.0012878373986395193148364683    .0033383827424145545731442779    .0493313555062948396328182163    .0530071822274591966742758414    .045406072939507141287727753    .0717572798927348548257056414    .0785143634894676371677003725    .0727435455824437009494312951    .0663885144833901366679340956    .0725311371773206966195241589    .029369991311922503273344621    .0271122315957050844947627401    .0259180752560863674027638326    .0236672446122817298536817712    .0251060988344670118050569742 
 12733.16981   8             2             2018          5 
   .0371272830767345275826491157    .0376289256445563730371707027    .0400350821992218448235710759    .0450603430694371616174967198    .0556469057251974243481796462    .0590071452129640608319194323    .0547888397319661599643741812    .063441398493373269479707033    .0578811176633479609583562131    .0459722212720573150041105122    .0271042171862781432583439331    .0171705163178060216256552067   -.0041398937410385482010625915    .0016236334163833789317854075   -.0073822599873110464706823854   -.002254909847935185904820663    .0182152836615629804437517354   -.0071731785064445001695928847    .0454776939788569426138831961    .0480722560944155035972146515    .0797984331601401929312682275    .0849208026072810223521239602    .1232243049776778245918955509    .0787538385934711727527020234 
 14614.345719                9             2             2018          6 
   .087521810732661510537514608    .0739359134357426377782270391    .0612249441202643825316775374    .0616748103083519232846198142    .0572314365680156796350932144    .0532309837852413268204278752    .0248222538986728072215519483   -.0000069795803357373689073873   -.0161144128193044014576182068   -.0347972608406856041476405968   -.0160690259088840705151242358    .0227378704725713762896099995    .061177018608341572653609126    .0897020657103835138854497767    .1185530322953488356573070611    .1120662554103083210358259077    .1043990630395733558053239592    .0752043246500674903050033697    .068181259644388736935148181    .0394278342034068039142710799    .0002608437677127049494565197   -.0010512232497707207141238151   -.0221802950493072292701521796   -.0211325232027652157665505956 
 14794.08521   10            2             2018          7 
  -.0022467080274441653023303088    .0380819085467468386982475681    .0292802490894940573348232053    .0519970981024246784097034412    .0470407254062314543070013857    .0512408566828850920211781043    .0398680750872868603681646633    .0450297392872729033037656811    .0583551661184463327827486536    .0434784166016034458138692849    .0318158502752060328304679273    .0318107468842948485356195944    .0256022251206162952741300319    .0183831576024834860336727775    .044870128201728804291509147    .0323093988722537579598002059    .0492097679353571872525398277    .0339071928327767148233155269    .0558602230735698189208956165    .0420177314904082535022792396    .0586138978984561357680594297    .0470053734400519922380520073    .0783210981654201246823831157    .0481476813124290501501038738 
 4337.00196    11            2             2018          1 
   .1555944420186519814254361093    .0881688326467807268410826358    .027467338290066163585501354    .0114137301427458889135480123    .0809434497004469880387141905    .0584970683296624565048617133    .0727781317396499401166975723    .0651230510396172382638259172   -.0933737645809134012934594108   -.1833063040626340874422846698   -.1548823833134721479351141451   -.1095486708057655569978114559    .0133675959878975936639881067    .1546432088769450314013692537    .272443501501207530005358817    .2535249027187435257695848493    .2451089507923579541107701044    .1451665703190044212015989036    .0325282767453487616131951206   -.0347619856736241825447549486   -.0765016486181159115731642418   -.0319805712054600962181718728   -.0387131944021533252892511951    .0462994718130125078384792798 
 4727.836728   12            2             2018          2 
   .0506126615123668458459507107    .0942846645612843168386165132    .0578010654178411382737580865    .0623748274244550011880190292    .0481056163917511662428965335    .0270231413118291592577179201    .0405629489834615963920825144    .067248197916195045050210541    .0939942569015044040666372183    .0848700839484658278157020147    .1555021762164372271867506843    .0634567810312082333821236815    .0338633309927618126494659272    .0495601293953990367156350751    .03046577288656318420985878   -.0124000475001174786761798683    .0609368759064304134319927809    .0013378418849662102798402729   -.0405021177795630509345288034   -.0159901439811311521246763325   -.0125291382524240164496645029   -.0148398018029018535091848882    .0514908644281761669160585276    .0227700122050407659509175842 
 7465.26784    13            2             2018          3 
   .0171832280836155504904161617    .0361142300287513863668687874    .0436440335407979146264630205    .0851813241840764282611459524    .1148872911705201457313017184    .117507639216866999911954934    .0848815492733881601761792916    .0824334790377728764786020055    .0509291840759996094125405151    .0677938837355901218408260085    .0860886057639426906349283779    .1136979969361688702652093994    .108843850939445998497489944    .0418569040920037505312066606    .0199906290301300160718680925   -.0692040273802152020308490365   -.0820283495682319684862104023   -.0883610225564257852535402132   -.0222096652864366618626238064   -.010689711569678925277515562    .0713166642390690164440235275    .0575562738282140456999329846    .0503312818847233751763151742    .0222547272999115862934664646 
 5284.418144   14            2             2018          4 
  -.0130381468919579880997395955   -.0168274988043792470938878072    .00049937683356799858872031    .0309945003473971873486928971    .1026176932299928156480116726    .1195187024927450555661403013    .1488927784591302016390926993    .1349011528940810479512273811    .1275494447322070204442928353    .0650118122068123759738570756    .1116229041544975817114293823    .0492957962260754814333632717    .0736907431222384357932444492    .0990554278136245836037308103    .0254854548467010940608866398    .0270679185678006028737153621    .0378472510217768262965073946   -.0394958147354358943780055267   -.0298755502872635659469115622   -.0003902798650295452471294823   -.0615134516501274052093633868   -.0359924772826606962766495262    .0253932024952187432350167936    .0176890600729872900837576111 
 9072.47167    15            2             2018          5 
   .0413794513397471981304076092    .0293940735997911360796787145    .0139268442598509651780483322    .005519595080752674315046938   -.0110263887988530913759249027    .0131015344355437375534951657    .0398403889422120399963728958    .0533758293896110893008718538    .0596888278847609782616163297    .0661933838808008093785538379    .040673822241872043233395955    .0506077193405002938962056853    .046452291649867450068323002    .054782447174067615468233256    .0321645865222084512720225447    .0461767548291501030391203195    .0178437922859890286105462151    .0407344562146205081508951132    .035942476522497644790110433    .0492340032845757015188342826    .0467249847030935947799989107    .0702011340642742398334763827    .0688108954987786696500094996    .0882570956542871188706616264 
 6087.09817    16            2             2018          6 
   .1456233290878566527209466707    .0697889188141679009589556201    .0605893628950623610527378762   -.0323756237366548008211275489   -.0409716736998181187539480738   -.0190710083455085791724630589    .0506501441884910490937589068    .0161405183974550553371476182    .0740498982292575708533381514    .0268783902330262565816315724    .0121731912202756539410304927    .0188820513141157373514151818    .0565868153232035027291173127    .0430417733841148154178692998    .0424153665325230001999458471    .023257962340370797732673991    .0153806522229951155855927324    .0226747616261953600133904198    .0755056822091633853179667053    .117904866975391658584011304    .1147219874720699633467550927    .0978830936120749306068773325    .0325133576743349943377042661   -.0242438179701642630153277124 
 8355.54921    17            2             2018          7 
  -.0449581458452088992005350179   -.0334552514711357914436841669   -.0131035671322436026919168848    .0361167760987909973664077074    .0622834582048975808736814321    .0768681966747701076611814964    .0796313902626156635369753271    .0805963657295006224970817927    .0878969630291962579441262126    .0721170428005892864581668833    .0393543729724500060720724305    .0056595765055640190526745758   -.0265271251989909589677349288   -.0075562621215176829770595056    .0083613007648123228514861443    .0646801648122900589080487266    .0740975469642407862738205332    .0754873419026874476393634931    .0483167281830897145778404194    .0460307503831935423428617447    .0346265449138561174245061983    .0607348945288540763677699649    .0875553337803871302913432306    .0851856032573111971415221909 
 8738.42219    18            2             2018          1 
   .0864942759191633884652121621    .0773393623363029567698193351    .0691600253294696899967475707    .0511778316813049290309009435    .0382864884215442101453328842    .0280857910803231630079892031    .0330680978461627750672916388    .0502278890235217623423159416    .0736744558687888253657380223    .055682134534174984740580496    .0241889777586953600830769656   -.0165020179689898915264015185   -.0355758274480899165619279835   -.0729423671849391383091322119    .0097841793565252310154174412    .0221835012986480571957807866    .0533218342932913384447038259    .0443471591980840193302676762    .0957523202481019059116895335    .025703976658056161051655482    .1027158771325055421704224158    .0723972001174276062301356946    .0863900008017351242215501149    .0250388336981919158108335802 
 11217.45762   19            2             2018          2 
   .0271652820383020087576671406   -.0132427511680672612160044871    .0167173352779736198370411138    .017271070376462006192094711    .0481626958890173190598601967    .0511300349356702093785133462    .0457099565133012733414721829    .0364084816573615011348712365    .0309316078343249403780675928    .0104779535596765642159831935   -.0045565574421131621801482679   -.0119278810344192769056345229    .0046099581341676599978097354    .0294217291636177360481081987    .0519434991188315271745149682    .06711848847617932877022093    .0613529217862113037339025846    .0681593125555307424464332409    .0514476826701842266465366864    .0881394192421294835255192165    .0869259981211321928756259478    .0959320762738036535590673353    .0753737458737998780154963492    .0653279401469225252129813707 
 5711.82427    20            2             2018          3 
   .0268479898454579030667552383   -.0088020880236219172057966692   -.0089355830269617170837785596   -.0580553575048974677226895848   -.0493781822878104756538667111   -.0441171660906157394789738516   -.0036526824029899645354460459    .0512598053020983434422081756    .0447580996745195734111756908    .0904091890067899445372817816    .0838284543372340129784840177    .121662251349339919380958126    .0812109018192886385841138632    .1488905925321823670180945535    .0541571983621267816070258758    .0362733323376561092976342565   -.0173829209910199145534986846   -.021440207928525784285026682   -.041915295128643724888265864    .0511110262150974753290160308    .1031936859640116344125552028    .095910548732620585331838299    .1493062915956971484348554722    .1148601163109662685753460689 
 10576.70083   21            2             2018          4 
   .0302136654081762469592325606    .0168741938406515370823814821    .0339151882770990696538402514    .0053855896007224022048849045    .0503311295796574024870097418    .0640370103008765919684238625    .0475468019832418763800847717    .0261400794485741353809286104    .0166415504067916422289501404   -.0122131468097883222437709813   -.0206113705496574965522590091   -.0039911160085256944910674948    .021647790145540119243403049    .0566350234943725830997150366    .0919201380115050488763801027    .1241903331778365144511703088    .1081727675188483136853555118    .1028651578112189072856663187    .0606662900192857208763462774    .0311651341281249041436676431    .0306877168236969032242164686    .038920435267714762430318264    .026161267530150987545707105    .0526983705938858440794150741 
 1575.59965    22            2             2018          5 
   .2999172410326443014886427526    .0118522874767076776134089646   -.0120913139324447044653760871   -.0772176485314654645931153894   -.0931875048334772097721651563   -.0437698243966987426025386589    .1316319789738465605777457491    .128141498381267094087003637    .0613576868971759418707664729    .017223353660937916557673772   -.027140428725025421273735368   -.1128779763311066995984671614   -.0810091573706556738572517454   -.032337186670484472372153675   -.1390028869326037232871941803   -.207762422389469304591429682   -.2192976496281907653381364993   -.1001446020884810427572765709    .0339709582951481361397865251    .191180925941434424664920432    .3251537279790586396741075691    .3424169331339975862523198707    .3051295422666538419198049454    .2978624677912311036626594833 
 11513.68729   23            2             2018          6 
   .0337391480431635033575764242    .0336208106273832976403513214    .0361884502770788731400399185    .0570517144903281457803080563    .0628828699063964242857250642    .0927940783078189715190710204    .0971291795436629406668556481    .1033521208304416264895796037    .0843628088495705531707210367    .0600807962363897065681032579    .012094387878759211984816725    .0066269803997777327162408977   -.0115904659071212277122735717    .0125167113167271021132622753    .0519458262966250840394328618    .0687399249315550935029780542    .0524180034422317544113185655    .0461340912447171387438298231    .0116219501737049521691499752   -.0057888049519885822780583786    .0181631648257141435704217393    .0103909370635686250255976858    .0432268557816633215161778117    .0222984603918316075787741843 
 5254.64727    24            2             2018          7 
   .0688865458327900285493378131    .055888622948424852121425079    .0512022760378357423028320605    .0588836669906484512708309724    .0721101494601368361686435329    .0576516147391183499934525577    .0186290182709066977962918527    .094830704021737314443943637    .0790470565686514672563359329    .1699832460876103678030514121    .0997143810187662701096966305    .0854841204212742523438685543    .0220045026923377104244715554   -.0271590256523536355276612125   -.0810138489086442523476937397   -.0103049124361110541298046063   -.0533978373014560119084834404   -.0258319337198822100955217875   -.0104835390787324912105851017    .0552246963667268193246394634   -.0172278300233081106507839869    .0914972738027380475340640705    .103653199161358741402255912    .0407278526994258170253928386 
 7449.77047    25            2             2018          1 
  -.0091917019827323619542334705    .0367811197812648850643045382   -.0254053062120717928642437758   -.0283986870269306431396670937    .0491507492042234691829371221   -.011040706600454496955796814    .0373133375208538471924222922    .0320229060694805540767217758    .0456224525800725777260087853   -.0018673367261474835747523373    .0363217633468914110047742182   -.0173914351484710910831592373    .0592048978926460804100451702    .0252222401692330260478481561    .1030669069727728134958230465    .1151595614193466553876256539    .1314637415936386560913735105    .0576980326750926059068233279    .1121728653741999114235797388    .0407243419406987447762266426    .0551811631855551651647060745    .0539445613282096193226742461    .0759250371911122786578953486    .026319495451515568640063081 
 9369.751712   26            2             2018          2 
   .0422194538509880207165088218    .039287102936629021317656875    .0368963885731617986335815512    .0580923077505770304450090854    .0365962738970814683632462085    .0294310893688705675704888945   -.0208636905233716827009983421   -.0309666263224884053363056714   -.0336828135579949506350377025    .0260439558593076196126209582    .0470810234421716552738468125    .1221457126269687006195026057    .1185970593625053359364833509    .1117413814348040218378841072    .034468725525178569427603633   -.0003494423438997526341282841   -.0347661080050612978291905458   -.0173110136731016933909550324    .0203300050903205832995716418    .0656740454725082473989039679    .094575569047906912135688404    .0863148912435130276801084993    .0968901554602901733753006411    .0715545534831350288826095203 
 11984.61569   27            2             2018          3 
   .1028191501399741588209408824    .1036795865750451944613002438    .1162124039707108872675081999    .1027680846727259553868931779    .0837406076222707813837291265    .0419047563134667357865023038    .0390187981071589956006340659    .0454207973021786566774758215    .0116337230668428717884069255    .0074982112338389050170702637   -.016854933460114981792962274   -.0233330302141711813205417853   -.0336442077434691608371465435    .0150296600791543612693015774    .0063612586312310862260114742    .027181705982597094024964934   -.0031582356063016986070748173    .0207317619877721752794895003   -.0054820522993340973789706894    .056824917679108323581129367    .047509842178343559383671818    .0974040411637096057771043971    .0771707932839021223549972673    .0795623593333596498495647631 
 3316.02433    28            2             2018          4 
   .0594949796402730253791593863    .1354930951305776456712547703   -.0614632402290003704526498453   -.041330094824726451871358857    .0094727501592245555086141361    .0378651926236017695322518939    .0929463325137906934476563385    .1269440022474141497025747094    .2002132475306657354953725566    .128659037914839424594933536    .207375438647641044298369186    .093459054927983595343523912    .1236872710158914907599607389    .034291937779600067047758965   -.0202614918690901161150406879   -.0874166384659789272414656861   -.0352005258055510105379715353   -.0923849976697848896663553732   -.1378422938169455469586376648    .0494906199919226768761373955   -.0690247951226582224745015668    .0204046030024152446432743755    .1141200010435387848918466771    .1110065136343556321252926392 
