 8579.013      1             2             2017          4 
   5.88296127080156E-02    2.40237433028153E-02    2.33127054336242E-05   -1.40575609891396E-02   -.013908942316353   -.017417505143279   -2.74696525233748E-02   -3.29189973372829E-02   -.034126885446669   -4.19075007692009E-02   -3.44299513242374E-02   -1.34339463059445E-02    2.53088550145923E-03    2.57517972116091E-02    4.38497412231454E-02    5.12894096566856E-02    .067965279013685    9.36602511509227E-02    .12620915716062    .153598668703024    .1617348084697    .157220888793166    .134565361805752    .128418030275962 
 14015.75      2             2             2017          5 
   6.35499357656231E-02    5.81212198985405E-02    4.12223756992691E-02    2.89941672761001E-02   -1.0880616279244E-04   -5.56249230514806E-03   -1.17341201074851E-02   -2.32702491052198E-02   -2.22892099171635E-02   -2.50450381817944E-02   -2.83654103419368E-02   -2.17228827495128E-02    2.78971870930917E-02    4.69445105980103E-02    9.84588748790423E-02    .12008990060568    .129686247572485    .103699413076583    .110151078293059    6.97964789611687E-02    7.05697179540205E-02    6.04115030886012E-02    5.99165242255364E-02    4.85890881477646E-02 
 13045.2375    3             2             2017          6 
   5.54761852520532E-02    3.68017442301441E-02    3.08302167745125E-02    1.95674856014114E-02    7.99812970257375E-03    1.33976091961901E-02    2.29901913325469E-02    5.01715664433093E-02    .070227737303137    8.75587719722188E-02    6.96921021494674E-02    5.43771232829581E-02    1.71882655339556E-02   -6.32223050550985E-03   -1.07865030358002E-02    1.09244846594968E-02    3.95537059247077E-02    8.02016827980326E-02    .10156963412893    .096432743145487    8.13160348598243E-02    4.86202349483504E-02    .019052930469971    3.16015699017523E-03 
 9475.263      4             2             2017          7 
  -6.33623557194361E-03   -9.60791256919424E-03   -5.41805557543668E-03   -5.18719127119521E-03   -3.46956058595162E-04    5.76369217794383E-03    2.09360939306173E-03   -3.19252362215954E-04   -9.2912986662345E-03   -3.74527854657549E-03   -3.90358549805536E-03    1.95680590716601E-02    2.83976299346025E-02    .023804088926266    1.84097792325131E-02    1.60233016168778E-02    2.04479812328164E-02    5.04273601693167E-02    .12687247039096    .154092080428928    .189940694744766    .170910828420079    .138770497757226    7.86337025375476E-02 
 8665.451      5             2             2017          1 
   7.59106465194909E-02    5.69661650855831E-02    7.27414562051141E-02    7.03252519013797E-02    7.35290610478252E-02    .044556250575246    2.80063322728384E-02    1.91132579250636E-03   -8.03045352467851E-03   -3.24074317894165E-02   -3.85727182578264E-02   -8.25880240492892E-02   -2.14299286844092E-02   -3.80490864118307E-02    4.83428394094567E-02    6.90313175852013E-02    .128581075894989    7.71959243667756E-02    .11708427093931    .054839903185245    5.57688817589565E-02    5.74840247783987E-02    .080800755528243    .108002170020583 
 17493.5745    6             2             2017          2 
   7.02243544100114E-02    7.89739676876608E-02    7.92376666309143E-02    .071367631331489    5.62863824322503E-02    4.11015205729985E-02    3.04547542417378E-02    2.28884036190822E-02    3.52393688559226E-02    3.71057663368324E-02    4.45306360915547E-02    5.19440723792613E-02    3.72886913420696E-02    3.73872975809454E-02    2.98330974156843E-02    2.90435217917888E-02    2.74758022665113E-02    4.10143443121341E-02    .025959531598302    3.88171089786692E-02    2.58051885161017E-02    3.00360283714458E-02    2.81010318329444E-02    2.98838310268758E-02 
 6583.112      7             2             2017          3 
   6.17887880696897E-02    8.20204809225532E-02    6.00779692036228E-02    7.51525247926769E-02    7.08042773376738E-02    6.19729705500249E-02    4.81383263563622E-02    6.52351064674323E-02    5.04187846270146E-02    6.96061385714713E-02    6.81516574374679E-02    6.73940388836641E-02    2.39267533270347E-02    3.23365307797737E-03   -4.11906262727287E-02   -.072450538925516   -9.80026582543237E-02   -5.08023408989548E-02   -3.63695776483459E-02    1.57771131725782E-02    8.01159809503374E-02    .115372868061037    .117905862759133    .161722444170876 
 10442.5625    8             2             2017          4 
   9.18033744673242E-02    8.61701832681454E-02    7.80088687803371E-02    5.66216409443623E-02    3.27565671740054E-02    2.60879441988467E-02    1.10916259249817E-02    2.12806967737579E-02    2.50178057349429E-02    2.46575002824229E-02    2.16960635859254E-02    1.32295108500892E-02    2.38064178312091E-02    3.48513595202327E-02    6.98104512182714E-02    8.86492157060049E-02    .108610798243068    9.10624176578276E-02    7.92848977442079E-02    4.43689000862606E-02    1.84006553847759E-02   -1.29039212180628E-03   -2.02093601166874E-02   -2.57671440517623E-02 
 18008.2745    9             2             2017          5 
  -1.76849262323004E-02   -1.75224998815388E-02   -1.17390477303355E-02   -7.34662296777838E-03   -5.11084493265144E-03    5.08446825374635E-03    1.58878346613924E-02    2.73013382762732E-02    5.06898939381484E-02    5.51676939168124E-02    6.05693788152774E-02    4.98513884710592E-02    4.31149018631945E-02    2.18038654339973E-02    2.34593544149099E-02    1.16724118653479E-02    2.17587472856705E-02    .039454085398354    6.60952809715681E-02    9.07263464454562E-02    .119834466255533    .126176724908111    .12098260653908    .109773146292937 
 26319.913     10            2             2017          6 
   6.46221731654636E-02    5.41191753675131E-02    5.40878692378395E-02    4.57272403333813E-02    3.78506181075119E-02    2.69102342554879E-02    2.72498060466257E-02    3.00309683997032E-02    .028749620107027    4.17407548843104E-02    4.38261327079615E-02    3.88289648064542E-02    .042403257519435    4.87036184352129E-02    4.25034835138418E-02    4.85373944815091E-02    4.91490977035501E-02    3.86347021554258E-02    4.06142304761916E-02    4.43874956734873E-02    3.90607275628865E-02    3.95688979356381E-02    3.99944340398869E-02    3.26991017108237E-02 
 20630.6515    11            2             2017          7 
   4.64805964946366E-02    5.37573934021485E-02    4.54427002563167E-02    4.44932622604269E-02    3.74576161307394E-02    2.40655263743352E-02    1.96406794136885E-02    1.78175417240936E-02    2.20133617155272E-02    2.18406817592011E-02    2.57341594658771E-02    2.71004517518963E-02    4.47465279714537E-02    5.16991919860268E-02    7.25165169059857E-02    8.16939796794135E-02    7.93116009933084E-02    .069234994207981    5.25468112905632E-02    3.73031130119212E-02    2.43739276049288E-02    2.83207258100435E-02    .03189974334029    4.05088988869759E-02 
 24022.7115    12            2             2017          1 
   .038738340406991    4.06282196745359E-02    3.97795431124821E-02    3.52213565813738E-02    3.37076853293601E-02    3.32815266173026E-02    3.13083928012443E-02    3.95219743530188E-02    5.51598021187289E-02    6.97480376977714E-02    7.30469991826146E-02    8.52125700841342E-02    6.22431818323256E-02    5.05334275513351E-02    3.17995941293279E-02    2.67189858144435E-02    1.58896506706366E-02    2.94304828994845E-02    2.92769823256629E-02    3.61969958217651E-02    3.62542333238681E-02    3.68531462403817E-02    3.43784042776757E-02    3.50704577121933E-02 
 17875.9255    13            2             2017          2 
   4.71311268447069E-02    5.60977940858485E-02    5.80851017292433E-02    6.36505778837157E-02    6.04283684609959E-02    5.75131047388812E-02    4.87030720615259E-02    5.95360482393275E-02    6.58147741777062E-02    8.11664296110501E-02    7.72946280568977E-02    8.08090740423307E-02    5.51439979988728E-02    4.51165451545432E-02    2.89432573550965E-02    2.70489488164674E-02    1.83053462660446E-02    .023383404680222    1.80207459584138E-02    1.26685744968273E-02    1.27091321789185E-02    6.52693495795548E-03    1.54397602414878E-03   -5.64096675866538E-03 
 8541.437      14            2             2017          3 
  -1.20252015586931E-02    7.12848444154531E-03    4.05230407951262E-02    7.39571119247301E-02    9.78362862813292E-02    9.58152620471312E-02    7.56810578586447E-02    .024586026917953   -.033747248852857   -4.82032480135972E-02   -7.05092129111296E-02   -5.08447824532939E-02   -1.61389712414335E-02    1.68063059004893E-02    1.57848143056306E-02    4.13498922956407E-02    2.04751843218234E-02    1.16373862531421E-02    3.62160950079576E-02    6.91350310500483E-02    .105228193779685    .149368888533847    .180737967497814    .169201619772638 
 8233.088      15            2             2017          4 
   .157396961760809    .112553452068767    5.76788441955194E-02    2.85084398340555E-02    3.85897118913929E-02    2.95013847718186E-02    5.43219613094101E-02    4.08306708374204E-02    7.91713889377875E-02    2.06605354034253E-02    7.60149198470929E-02    4.31141382062823E-02    7.23407212960754E-02    3.05626520468016E-03    3.74616410990589E-02   -.052366440417864   -3.66888462749335E-02   -4.12876660364822E-02    1.32362241815126E-02    5.09134589346025E-02    9.44360123443354E-02    9.81694217033717E-02    .03348378977523   -1.10969909530613E-02 
 10510.3       16            2             2017          5 
  -7.77903557068721E-02   -8.16972375275623E-02   -8.61512017341025E-02   -3.74489792016894E-02   -5.79193743280401E-03    3.77320354516076E-02    4.73618741713858E-02    4.86629776406463E-02    4.89055985278281E-02    3.73003155098823E-02    3.98561405379946E-02    5.37686840527863E-02    5.62210426357062E-02    7.40357089908976E-02    7.50941944765641E-02    6.51087504638307E-02    4.25867963905422E-02    4.36869077099146E-02    3.75893183074728E-02    7.79746986847129E-02    9.84700675691346E-02    .134440687981373    .131274848206937    .138809077650317 
 17964.1635    17            2             2017          6 
   6.59493538669884E-02    7.24199049232274E-02    6.18634400188951E-02    5.93570665746905E-02    4.50960317630692E-02    2.91629227382077E-02    .014743241793781    3.37338270574753E-03    1.16078321095488E-02    1.33272281842411E-02    1.57744611932529E-02    9.45632675854904E-03    7.91993425669302E-03    9.29698156823401E-03    2.24558184352132E-02    4.35137155147803E-02    6.31465528578606E-02    7.59414695588769E-02    7.80637503987279E-02    7.79162331255711E-02    6.50705493902485E-02    5.80878703313962E-02    4.98826441646413E-02    .046573280432126 
 6056.7255     18            2             2017          7 
   .11575355766314    6.16442808565402E-02    4.14642362359401E-02   -2.31870339839572E-02   -4.69147881799306E-02   -6.12604130901286E-02   -3.74934432634407E-02   -6.90699114391901E-02   -4.44774180713706E-02   -1.51463861209754E-02    1.13757840809987E-02    7.90134041901024E-02    .143033145550347    .167184068800099    .139879630406572    .108449685491928    8.50170587709429E-02    7.17673250658246E-02    9.09959535407427E-02    8.79353002849374E-02    8.44907843013471E-02    3.54708982430332E-02    4.77774665535032E-03   -3.07034706949299E-02 
 35405.5115    19            2             2017          1 
  -6.56677421536475E-03   -1.00920022014087E-02   -7.28558920006088E-03   -4.09470164280823E-03   -1.42633165763891E-04    4.56214264540379E-03    1.69281546909988E-02    1.93691602058641E-02    .02562666019405    2.64831656058425E-02    3.32324823808682E-02    2.54974426792281E-02    3.48162739657426E-02    2.71744414707863E-02    2.78985522411399E-02    2.25053237827111E-02    3.51403477762124E-02    5.93237288180577E-02    .094880709429325    .12657526255658    .146569694382187    .136693412699672    .100699715951622    6.42050296057014E-02 
 14612.8745    20            2             2017          2 
   .066135173322194    3.22575142645203E-03   -3.22232983838183E-03   -3.1812699983881E-03    1.22922427069363E-02    2.15931168165111E-02    3.82582153839753E-02    4.01768985004242E-02    4.57379202013244E-02    3.70058958767511E-02    4.03881864584548E-02    2.66879379408185E-02    2.70728724723509E-02    2.12133134923569E-02    1.83211732984852E-02    1.86590602761637E-02    .025060948405222    3.65114663501652E-02    5.24460476415527E-02    8.04564462092571E-02    9.38017371390764E-02    .108760261290694    .104336897391727    8.82620296842093E-02 
 12632.1125    21            2             2017          3 
   6.99398052220457E-02    .044584784390341    1.87894151594609E-02    7.1019397211574E-03    .014837186025042    8.38636451345727E-03    2.32275089462286E-02    2.67215786585948E-02    2.34679680225324E-02    1.94138156267812E-02    3.55275102326326E-02    2.33027126534037E-02    .044924195204323    5.82849869494933E-02    6.72700240919348E-02    6.40837003475888E-02    7.23186621070654E-02    5.15244372461826E-02    6.22955968602218E-02    5.47434187602479E-02    .069627109130475    5.85551298559895E-02    5.65305269079845E-02    .024541620588562 
-1352.2365     22            2             2017          4 
  -.106333105269319    .172519752353612    .178195525632154    8.50535368245438E-02   -3.56354084511104E-02   -.152589797640046   -6.54933512000305E-02    .189343732478391    .701513742450354    .750691169415793    1.03782656576022    .695320299217606    .490086256667427    4.90945902941107E-02    .104225481267515   -.16845241649927    .018284523736395   -6.97270769381843E-02   -7.17884755723146E-02   -.367114027607574   -.594348704688145   -.51135653828745   -.771573593514106   -.557742681999067 
 12729.8625    23            2             2017          5 
   4.32977958554516E-02    2.73549699459453E-02    4.14782573030173E-02    1.52417195312584E-02    4.24759124000014E-02    3.72667021263179E-02    2.80482203003346E-02    3.46517873066554E-02    3.87239070498233E-02    4.58803060750239E-02    5.36042710594871E-02    3.85775960970894E-02    .029298234281516    2.44425259028905E-02    .014561233717313    2.28380319193169E-02    .038279086369041    3.39565735456319E-02    5.51076268268437E-02    7.29033787908525E-02    7.22503866630899E-02    8.39895206117211E-02    7.07676526586967E-02    3.50043062997354E-02 
 13340.612     24            2             2017          6 
   2.60857592118417E-03   -3.92335842174304E-02   -3.92251476608373E-02   -3.29473270119479E-02   -1.38383833554081E-02    1.20590416830429E-03    1.24150975982211E-02    2.51768820844793E-03    1.79180315043654E-02    4.00553203850745E-02    6.54327159493086E-02    .102703309263473    .11991953958545    .122813854964426    .107009704740073    6.29628179287474E-02    5.70429218534329E-02    2.67032342888744E-02    2.85640943608884E-02    3.44942936495694E-02    6.49942071623101E-02    .067788308693339    9.42891525516221E-02    9.38056701467763E-02 
 9744.0245     25            2             2017          7 
   .118217271241948    9.03502449116379E-02    7.37259550411672E-02    4.03965527796035E-02    2.34861895209229E-02    8.85029620479278E-03    1.53081004777354E-02    8.53856606664343E-03    2.13784868870147E-02    2.12476380887092E-02    .021298951588588    2.16825187474112E-02    2.17877123617411E-02    .016657644898163    .035407599006656    5.93774176375512E-02    7.26021881410499E-02    8.61002067897164E-02    8.66941580452718E-02    5.20229096410334E-02    4.41501365485105E-02    2.25125155475294E-02    1.75915512223431E-02    2.06151985763172E-02 
 9333.9755     26            2             2017          1 
   3.58930654892424E-02    2.22815033212285E-02    2.78110322762776E-02    1.70479341840998E-02    4.06512209079615E-02    4.87935178317106E-02    8.85595304801227E-02    .111849447215712    .137051788609192    .109575499144396    .120958644514769    4.15431251353757E-02    4.24979675373016E-02    1.47043458400654E-03    1.83938237249498E-02   -1.61640660172402E-03    1.50538746269735E-02   -5.15053856343842E-03   -4.11802023692906E-03    3.13505223609591E-03    4.6336097625283E-03    3.62600064899497E-02    .033690092061682    5.37338016146463E-02 
 10950.9125    27            2             2017          2 
   3.60209702978162E-02    6.25804014049058E-02    3.70265953730811E-02    5.71778858076039E-02    6.29319680516064E-02    4.84537236319776E-02    4.34335962603145E-02    6.35186816088671E-02    4.39563815155101E-02    5.11292986393543E-02    5.61357318664512E-02    3.20144548590343E-02    1.78535347577877E-02    6.16044567298651E-03   -8.45819925965074E-03   -1.24361782636835E-02    3.79648734869715E-03    1.64073088020526E-02    4.46777848153778E-02    .05206872141541    6.77044025137603E-02    6.32435892631807E-02    7.42449533582675E-02    8.03574576815374E-02 
 17976.401     28            2             2017          3 
   5.29451091020406E-02    5.04035825751234E-02    .044022298333964    1.91306365437934E-02    1.66815922926177E-03   -1.30302780323913E-02   -1.26798183907891E-02   -8.85744627656646E-03    1.22660815143142E-02    2.14719001758455E-02    3.50250865009075E-02    4.05969735313502E-02    5.43977073052609E-02    .059551688038894    7.07031422535231E-02    7.31535187329593E-02    7.24484860517617E-02    6.48329447421268E-02    6.21891995111396E-02    5.56521290214303E-02    5.41411215852957E-02    5.74711812447887E-02    6.36952837717975E-02    .068801316171581 
