 38783.67088   1             7             2018          1 
   .0636063050254514742313634237    .0617234507637715391008908025    .0581572076294393306794686785    .0584298739284268596289202009    .0559497579977401045849634128    .0517121498427897137724473182    .0454707602448590085601510241    .0328565597604926870192128652    .0218951295927457602228910004    .0092783455468514433721906625    .0025848301031168403933196743   -.0005311740619845111474398939    .0018831910013361788305274521    .0130151321044832463780437279    .0252673890264819615239061662    .0409805199955842859607104834    .0533230081907089450837460283    .0615552356399328025650778728    .0598367288950137666803550392    .060464905636596099332410589    .0547615001831925611678973695    .0554251042056078833969313015    .0564961219576025857612166288    .0558579667897594329007981722 
 50448.178     2             7             2018          2 
   3.91910088454409E-02    3.53875815628441E-02    2.75619676453863E-02    2.60794941666117E-02    2.60510092584203E-02    2.99394170010647E-02    3.57602615313976E-02    3.94863619187285E-02    4.94864835294448E-02    4.84116016956921E-02    5.22779222618184E-02    5.19867722369106E-02    4.87609265560344E-02    3.86597309476915E-02    .042629644436812    3.84250934126588E-02    4.28152415679784E-02    4.80243114760631E-02    5.21525470466446E-02    4.88959757996612E-02    5.05573244358547E-02    4.45709833632396E-02    4.38016391915086E-02    3.90866851679212E-02 
 40008.59515   3             7             2018          3 
   .0481109619766291643959410557    .0436444217412117755901759025    .0400714394991697177850045055    .0356708101009140282197586735    .0322115534216651943601173909    .0235833699349475908803561177    .0108135888895364025297449116    .00783764335699250364705695    .0005067173672055315843800629    .0205199407007921396610198146    .0289309583518330560527067144    .0539612298783752720695067945    .0564478955467647806173969095    .0608335281675092758161992099    .0482171391614084205103612592    .0501532981219911691900534028    .0470505148441834254207748657    .0564503700150541276878600922    .0676448645560602744632986695    .0674780254062482371366143807    .0678376231363374927199861953    .0497580580506836416624341282    .04783752073334172044778733    .0344285270411450575514646632 
 1265.7402     4             7             2018          4 
   1.17992221119779    1.23963986584194    1.69802773340898    1.54957789687755    1.90562399957254    1.73606960254363    1.67016028539812    1.00304074189775    .486792255516155   -.379341749441663   -1.5365799480353   -2.44168438826348   -3.25924924638465   -3.89937925193397   -3.7587207586863   -2.94014846911564   -1.94315221947304   -.482939404050763    .663465217560419    1.31729242350519    1.68908120977848    1.73249450357437    1.77356696105567    1.99644057892469 
 52195.1555    5             7             2018          5 
   4.92981575656001E-02    4.84793452313908E-02    .036650450292239    2.42989593903439E-02    1.83867921813315E-02    1.24872891886789E-02    1.98052861483356E-02    2.97930145143571E-02    3.90271272884523E-02    4.03833069963984E-02    4.84788868405493E-02    4.58200936687026E-02    4.76301481328329E-02    5.14734185615655E-02    5.08639177759754E-02    4.81816765093506E-02    4.74730276557347E-02    4.65696655985631E-02    4.79624768154369E-02    .051719551056144    5.39204070999104E-02    5.21882323042533E-02    4.55456064263593E-02    .043563159586178 
 47213.0691    6             7             2018          6 
   .038398222860262    3.78120519697572E-02    3.56751847114616E-02    3.92838253537197E-02    3.95422506168358E-02    4.81558598252618E-02    5.00933757707937E-02    .053151047371026    5.64099551277636E-02    5.45150950835322E-02    5.42548522001824E-02    .051696490961652    4.96297972890757E-02    4.74238371922267E-02    .047501930224284    4.56970721150915E-02    4.32525797424343E-02    4.10272851304971E-02    3.69119188565087E-02    3.50475214034473E-02    2.97637510947022E-02    2.70102555257708E-02    2.15554505142174E-02    1.61903914712688E-02 
 30282.52231   7             7             2018          7 
   .0122260159246292321149783378    .0067624683936045616670429855   -.0008735216878306330223256756    .0018363909528644544404861366    .0096074064446053734286838539    .0099430125706724857028595383    .0296553071374588545626336897    .0337162469343855657180889566    .0455481543406481188851801427    .0501894453982819504443056415    .0540798742996121316157299976    .0391603773245928139464813293    .0422202611431015899415018048    .030793752596099383506076248    .0281300213793188484238914113    .0366568540307301766502025571    .04390895799194740195338768    .0566948149967366440289101532    .0692337639030703317923189206    .0814302050125361568667824751    .0821475494852859236612249028    .0856115938249927107871748481    .0783433749577909581997431706    .0729776726448649646846408944 
 50118.122     8             7             2018          1 
   3.98184118598358E-02    3.78109132439285E-02    3.61593364793153E-02    3.41712719320556E-02    3.53534985239159E-02    3.60209427231357E-02    3.88086172632015E-02    3.99825845585605E-02    4.28682867914275E-02    4.61290648442369E-02    4.44552359614178E-02    4.50824943355195E-02    4.11428025974317E-02    3.69619204034184E-02    3.30666013765253E-02    3.40861946018311E-02    .035974234221512    4.34076717066159E-02    4.98294829846552E-02    .047184988257279    5.51204989020114E-02    4.67213618671206E-02    4.96828469815394E-02    5.01607365507929E-02 
 44630.863     9             7             2018          2 
   5.84558943374846E-02    4.86706231529178E-02    5.31624721601003E-02    3.64044268274204E-02    3.46371520158175E-02    3.10121276942581E-02    3.32840986488431E-02    .029686789195279    3.82680486182006E-02    3.16515498776738E-02    3.61173606391921E-02    3.30239404712077E-02    .035314419914071    .03455064322673    3.52245031781245E-02    3.63899088643967E-02    3.76843925892857E-02    4.18645265983738E-02    4.43485260027629E-02    5.01306904274403E-02    5.07479773669316E-02    5.46802338415599E-02    5.57461772585486E-02    5.89435151897438E-02 
 47323.47      10            7             2018          3 
   5.74770185468357E-02    5.64571870997625E-02    5.25505631772142E-02    .048816981612797    4.13724509097309E-02    3.74961927173108E-02    3.64697474635736E-02    3.37884782563361E-02    3.35552306534554E-02    3.39411503994807E-02    3.43859598514886E-02    .034150602227605    3.72980880559239E-02    3.43220195084358E-02    3.47198126367054E-02    3.51086265680182E-02    3.68212852169996E-02    .0415375071737    4.74478926794939E-02    5.18098942154786E-02    4.92160438490536E-02    4.86341578370098E-02    4.16650989571744E-02    4.09580071878512E-02 
 46071.844     11            7             2018          4 
   3.94782985611627E-02    4.23138251672418E-02    4.09594420915123E-02    4.23181889996225E-02    4.08951292175732E-02    4.06685702745179E-02    3.78558537673858E-02    3.65483732786653E-02    4.35567331247231E-02    3.93483480311411E-02    4.83025584878505E-02    5.11602937417835E-02    4.99016712185158E-02    4.37759342277533E-02    4.54252270564507E-02    3.33389746047364E-02    3.21961936816619E-02    3.58399380787279E-02    3.58673292743272E-02    3.79892990727021E-02    4.31865942929536E-02    4.45016472364065E-02    .046264418253953    4.83071634305814E-02 
 44624.5488    12            7             2018          5 
   .052076736715515    5.03784144406156E-02    .049862171475824    4.87565274185893E-02    4.63612771412212E-02    4.59209113879461E-02    4.47595562019442E-02    3.85740151721363E-02    3.57554987322779E-02    3.14655284484495E-02    2.65890430213507E-02    2.46293577002929E-02    3.35095600792593E-02    2.13475506758408E-02    3.28294635888845E-02    3.02966643236052E-02    3.66194178752122E-02    3.44745886566183E-02    5.18304872894312E-02    .044420863395444    5.50302034212809E-02    5.65837194351363E-02    5.21576144152661E-02    5.57708282503688E-02 
 44944.101     13            7             2018          6 
   5.37550612123852E-02    4.77200797493841E-02    4.11699863005589E-02    .049307870245099    3.54128564953037E-02    4.64243132471934E-02    3.72701630990322E-02    3.26549873108278E-02    1.41998574874501E-02    .024827775741846    2.08269861911008E-02    4.07419888217783E-02    5.53904966130872E-02    6.96506747991383E-02    6.24242339215718E-02    5.59550651075711E-02    4.50195463273228E-02    3.64246901094289E-02    3.63587879332457E-02    4.08006826079356E-02    .041830852258634    4.05909548532159E-02    3.77554990562749E-02    3.34865975940661E-02 
 47140.999     14            7             2018          7 
   2.94833590607615E-02    2.91853159745697E-02    3.37363239517235E-02    3.78755022495784E-02    4.50123469371772E-02    5.12972137967818E-02    5.62777634439689E-02    5.81434212890514E-02    5.68690539135981E-02    5.35645816632991E-02    4.97690367014708E-02    4.83215268481715E-02    .048281478069122    4.63786716539991E-02    4.41804789512946E-02    4.00527150474686E-02    3.38929818487194E-02    3.23728398860472E-02    3.72003568974999E-02    3.40786159410835E-02    3.77664880539748E-02    3.53500779285829E-02    3.13827240671583E-02    2.95271211431317E-02 
 52299.385     15            7             2018          1 
   3.33670262312238E-02    3.72076274922975E-02    4.76286288652701E-02    5.56540597122342E-02    5.63192270329756E-02    5.47422887880876E-02    4.83504906938079E-02    4.26367533110093E-02    3.72198836825173E-02    3.92003099005729E-02    3.93871940442631E-02    4.01116373518302E-02    .036465055479829    3.26538261284346E-02    2.78158146601533E-02    2.90902086977517E-02    3.14819583547087E-02    3.75021051611374E-02    4.30380215856625E-02    4.58013991897921E-02    4.65497246794824E-02    4.71171319028775E-02    .045321220749656    4.53384088252185E-02 
 47760.863     16            7             2018          2 
   5.38123038168825E-02    5.25141698195969E-02    5.24796196381151E-02    5.50863769021641E-02    5.37123899468954E-02    4.35411518481408E-02    4.58872364528228E-02    3.58583549162941E-02    2.63236038492306E-02    3.71174608568238E-02    3.25535781735076E-02    3.93499168205592E-02    4.40378535176778E-02    4.80293681516104E-02    3.41236306356433E-02    4.25546953498176E-02    .035319693612981    3.39195090426666E-02    4.26552175156467E-02    4.23191902919486E-02    4.08980476295976E-02    3.47766745600433E-02    4.13578783923395E-02    3.17720815918425E-02 
 51585.076     17            7             2018          3 
   3.78481374700613E-02    4.31677377999065E-02    4.80211383669499E-02    4.72879035334997E-02    5.23891832591271E-02    4.50598165736927E-02    4.30723202969716E-02    3.89058845759055E-02    3.92887472472719E-02    3.68078945373537E-02    3.86485422311145E-02    3.55679426432184E-02    3.53464629108221E-02    3.19091705380969E-02    3.53655975253931E-02    3.61974847143775E-02    4.25243925866756E-02    4.67089761384548E-02    5.07469619444173E-02    4.87139126958323E-02    4.69282645954253E-02    4.15424976865523E-02    3.89530869203091E-02    3.89979465404454E-02 
 49171.493     18            7             2018          4 
   4.55334954171897E-02    4.89473237731718E-02    .053574742944174    5.18773542810796E-02    4.91061965517297E-02    4.14754944964695E-02    3.20932694602007E-02    2.83502684047861E-02    2.64757056611223E-02    2.74889975138263E-02    3.07942444336473E-02    3.59758862133671E-02    3.64736136064205E-02    3.81270091369938E-02    4.08778522225075E-02    4.20851150371441E-02    4.42756557677891E-02    4.64247827273874E-02    4.78107513512072E-02    4.41739906945423E-02    4.38275072274854E-02    4.59717783342983E-02    4.65196158441589E-02    5.17393497532961E-02 
 46280.7634    19            7             2018          5 
   5.86707246867578E-02    5.79093276284418E-02    5.53739996553838E-02    5.26649696534608E-02    4.76542717145143E-02    4.33765743925153E-02    4.14916241006936E-02    3.60922304181893E-02    2.53755753946047E-02    2.08663782339965E-02    1.54664543931497E-02    7.15791571646671E-03    1.61535620246253E-02    2.05360526601845E-02    2.78117716704315E-02    4.28622996994876E-02    5.24605237159398E-02    5.45329364150976E-02    6.05767678953195E-02    5.96592563495695E-02    5.17180541017313E-02    5.28832471847526E-02    4.87184287504374E-02    .049987052824711 
 50149.244     20            7             2018          6 
   4.76595242657721E-02    5.01024716188892E-02    5.03704120831313E-02    5.07183530133949E-02    5.08162784910327E-02    4.97282857843281E-02    4.57244993018364E-02    4.41559390783762E-02    4.05492242206707E-02    .041130750154292    4.04305793379707E-02    4.39448309296173E-02    4.37980084349577E-02    4.42479252528712E-02    3.89826210462789E-02    3.37632003906056E-02    2.89156896480022E-02    2.54256066386938E-02    2.55252895658681E-02    3.08947822939452E-02    3.73298346886595E-02    4.18984196903472E-02    .047336207102145    4.65512697724441E-02 
 40509.2865    21            7             2018          7 
   5.31458120295762E-02    5.02813339334936E-02    4.70882636476608E-02    4.33097969920891E-02    4.33199671861429E-02    3.85834260632281E-02    4.24115594264725E-02    3.98291377255404E-02    4.61832128053758E-02    .050328903321148    5.82721201894965E-02    5.49565103655306E-02    5.78996349489055E-02    4.89356439901981E-02    3.55825317642366E-02    2.05159346972167E-02    1.56550369614979E-02    8.94146586224741E-03    6.41057465121686E-03    2.61899944419226E-02    3.38400927573808E-02    4.60085868067329E-02    6.04170337024913E-02    7.18934181726146E-02 
-32347.3369    22            7             2018          1 
  -8.39474686641437E-02   -9.50337618466553E-02   -8.59406730418316E-02   -7.60569563373971E-02   -.068033480193446   -6.26334714118788E-02   -5.42421163794573E-02   -5.78528912187088E-02   -5.46482383094089E-02   -6.07124774741696E-02   -.061180462259756   -5.67492470058254E-02    1.31286014141322E-02    8.42295026041618E-02    .195287355445519    .298705430533062    .369619305362739    .347110811201354    .307321292672628    .202995437822464    .094734632882174    .011281441566352   -.034923678316197   -7.24588574776538E-02 
 49185.223     23            7             2018          2 
   .051245085877978    4.68995315120483E-02    4.42356435028133E-02    4.11343270682068E-02    .041160999502902    3.57289634761402E-02    3.32185555110094E-02    3.56425355552482E-02    2.83728315687735E-02    3.09726977928221E-02    3.23580511949125E-02    3.19455703189553E-02    3.52339164368407E-02    4.46114898008849E-02    .048089156348976    5.31119875408896E-02    .059353193312311    5.39750307888459E-02    5.22733011622083E-02    4.46668300771326E-02    4.01080426627513E-02    3.74553353847252E-02    3.80823125704404E-02    4.01246114888447E-02 
 56552.942     24            7             2018          3 
   3.64629640421713E-02    3.86131633661296E-02    .040265138824199    4.04134589496688E-02    .041124050366049    4.35083275735018E-02    4.46716111631513E-02    .04444463910748    4.28299929891357E-02    3.87119714993121E-02    3.36589379008898E-02    3.19194347033816E-02    3.06705876219601E-02    3.18714638900329E-02    3.27480752460235E-02    3.37318784032602E-02    3.67664165630411E-02    4.12434248198573E-02    4.81029100835174E-02    5.47113170080524E-02    5.84155988667994E-02    5.67242823340318E-02    5.24356087337264E-02    4.59547440796714E-02 
 51019.639     25            7             2018          4 
   4.36101885044453E-02    4.02688262173415E-02    3.86500959058077E-02    3.87571534279672E-02    3.81637348626857E-02    4.02455221550813E-02    3.99867992117089E-02    3.28579166906995E-02    3.23882345611314E-02    .032962521783309    3.12443209292284E-02    3.84765954874504E-02    4.45345558578065E-02    4.27658828072803E-02    4.41773624846209E-02    4.84330766420652E-02    4.65333170450182E-02    4.70292054778651E-02    5.53875160547245E-02    4.65913905767615E-02    4.84994812564359E-02    .042342026417391    4.48094528731377E-02    4.12848259091465E-02 
 42658.3576    26            7             2018          5 
   6.23781622378231E-02    6.12790121042717E-02    6.34037296974925E-02    6.23764052275655E-02    5.78664346080421E-02    .053874249760585    5.14526832812388E-02    4.77350785026033E-02    .047004248082854    4.16199101795412E-02    3.92197225660491E-02    3.58812914750057E-02    3.89395910315928E-02    4.25845517346597E-02    .044564819619749    4.57790939872955E-02    3.64248200227679E-02    2.72076815673191E-02    1.54884202876358E-02    1.54274815059738E-02    8.82007702987609E-03    2.53080530129443E-02    3.09033923956601E-02    .044461087336626 
 54399.121     27            7             2018          6 
   3.95886164686374E-02    4.58352617355481E-02    4.25835926607275E-02    4.59043986307587E-02    4.24075976366649E-02    4.10559926530683E-02    3.96938589348944E-02    3.84525902426806E-02    3.88933115829321E-02    3.83179337412915E-02    4.04181918918897E-02    .040411298398151    4.02047134956234E-02    3.92570869920973E-02    4.05597194472591E-02    4.10213411783575E-02    4.34699137446771E-02    4.51192763686269E-02    4.69097671202491E-02    4.58805765833859E-02    4.56020991833329E-02    4.44414700064156E-02    3.90015879045063E-02    3.49698118535259E-02 
 41872.291     28            7             2018          7 
   3.81505528275176E-02    3.13987605098889E-02    2.48660850960334E-02    2.33976336382947E-02    1.89125793213069E-02    2.13637698446681E-02    2.35833164178423E-02    3.34448379551214E-02    4.40216182759665E-02    5.36102953781983E-02    5.80073090765741E-02    .057706968984498    5.09725139591717E-02    4.44831657419193E-02    4.47312519871435E-02    4.44168922147778E-02    4.85514880504822E-02    5.03886200755202E-02    5.07253606101198E-02    4.56925082030978E-02    4.82681966359552E-02    4.49784315739002E-02    4.86452237086962E-02    4.96826159135137E-02 
 49391.866     29            7             2018          1 
   4.24553701042976E-02    4.00767003355434E-02    3.95781364626984E-02    3.64042725409863E-02    3.63860528943799E-02    3.82054200443589E-02    3.99562139015081E-02    4.17201683145687E-02    4.45146597493401E-02    4.05246090433253E-02    4.18983362912175E-02    .044781647267462    4.32209214952645E-02    4.55962918570438E-02    4.39932941321123E-02    4.05714383791769E-02    3.35510714337875E-02    3.94839909122132E-02    3.78058606239563E-02    4.50456541977099E-02    4.87003689961698E-02    4.92166483365778E-02    4.51957413788158E-02    .041117135578179 
 48381.188     30            7             2018          2 
   4.00750174453137E-02    3.96696545493765E-02    4.24829983440568E-02    4.54348070453799E-02    4.87335917113073E-02    5.26772743019069E-02    5.34536254534252E-02    5.08165071986502E-02    .048450672071524    4.08849610778729E-02    4.19168512469532E-02    3.35959502959019E-02    3.65588580902173E-02    2.65495552411301E-02    3.33184679249066E-02    2.58806576409539E-02    3.64395359020406E-02    3.76391538285307E-02    4.73175048865971E-02    4.79933662277733E-02    4.86780331689819E-02    4.52792128497341E-02    3.83841958995896E-02    3.77695574480377E-02 
 46007.176     31            7             2018          3 
   4.10373152729071E-02    4.61210426343327E-02    3.95701740722062E-02    4.89157620589177E-02    4.13386810910215E-02    3.96351424952164E-02    3.90974429609226E-02    4.26237854720751E-02    3.69526704420048E-02    4.16690420462207E-02    3.74235097585646E-02    3.24587850411165E-02    3.54787049831979E-02    3.08595764037033E-02    3.47372328895972E-02    .033739824584138    3.51162180104455E-02    3.59101164321627E-02    4.37854960166296E-02    4.62343327480994E-02    5.42396014193932E-02    5.69421827463937E-02    4.94933670527425E-02    5.66199939198751E-02 
