 46206.201     1             9             2018          7 
   4.57917127613321E-02    4.01036218221487E-02    3.43966178074846E-02    3.23498130238109E-02    3.13055808870897E-02    3.60508976796007E-02    4.09566229253921E-02    4.56759464577195E-02    4.49333407567823E-02    4.69468818816521E-02    4.15350106109811E-02    3.82862678600487E-02    3.35721170895304E-02    3.08744478340215E-02    2.80063284155099E-02    3.03087674948583E-02    .035134396830268    4.34709180389554E-02    5.03311890347656E-02    5.64542859937241E-02    5.82889943339261E-02    5.56432455522853E-02    5.19973731278784E-02    4.75856254999735E-02 
 53532.438     2             9             2018          1 
   3.60968232410494E-02    3.37886341710644E-02    2.98223665669367E-02    3.07785351456263E-02    2.93063243123321E-02    3.51836019360413E-02    3.59205373838884E-02    4.28777608488287E-02    4.26066735710435E-02    4.68323532888251E-02    4.41809326358231E-02    4.73525958661504E-02    4.45363045652923E-02    4.16375939026446E-02    4.14802163386431E-02    .039413935757337    3.99675620071003E-02    4.54492841579179E-02    4.98101723096845E-02    .053009431797105    5.50306352993978E-02    5.36053485925674E-02    4.09482940365755E-02    4.03640888901324E-02 
 53391.541     3             9             2018          2 
   3.13584140201453E-02    3.39988130973313E-02    3.62395606136958E-02    .042032371676688    4.44725871639011E-02    4.56253924149825E-02    4.34089942394269E-02    3.96029201985386E-02    3.98625504749315E-02    3.64596329281473E-02    3.88254194537928E-02    4.19752638987794E-02    4.17783794730119E-02    4.69304119114815E-02    4.88729085819746E-02    4.90770635151386E-02    4.48514308983655E-02    4.53308865663172E-02    3.90574218020791E-02    3.77748974383707E-02    3.80848725489996E-02    4.09867904054432E-02    4.51780001419139E-02    4.82150145428702E-02 
 53481.258     4             9             2018          3 
   4.48741140731137E-02    3.99509114015231E-02    3.80296776115476E-02    3.40345960578435E-02    4.25121090872386E-02    4.74327462426767E-02    5.52992989472826E-02    5.31948224813752E-02    5.33002414573672E-02    4.16316485945997E-02    .039544939012794    3.42400313614888E-02    3.51504061376628E-02    3.95080083621303E-02    4.06981430882759E-02    4.35458705824221E-02    4.62267162723271E-02    4.70592536536351E-02    4.13962784650302E-02    4.60376395578849E-02    3.95449572726954E-02    3.48335101131363E-02    3.28865869243215E-02    2.90674920182144E-02 
 50403.171     5             9             2018          4 
   2.98540932433968E-02    3.25639636118765E-02    3.94429752324635E-02    4.04858066788968E-02    4.77608849020258E-02    4.70577944500134E-02    4.75644657821975E-02    4.63688477633803E-02    4.51613431691381E-02    4.08104303131295E-02    4.03384935499643E-02    3.82361850921232E-02    3.81129381612344E-02    3.92748097371071E-02    4.13247789974117E-02    3.98742171857538E-02    4.14599294568689E-02    4.01948907375664E-02    .039921596377897    .041006108338402    4.20345780504688E-02    4.45098580857393E-02    4.71304653102828E-02    .049510536492027 
 46981.8432    6             9             2018          5 
   5.20182254019144E-02    5.25753305800484E-02    5.04516606900333E-02    4.18305011892671E-02    3.55339182309768E-02    2.68436038564082E-02    2.00965762521624E-02    .029356511548294    3.23204225086882E-02    .047991092033986    5.79382993578065E-02    5.98191113407615E-02    5.49222832035728E-02    5.60804506591416E-02    4.34417816878231E-02    .04287056024769    4.68896910227678E-02    .036190873942633    3.71165089145146E-02    3.13328921579473E-02    2.98911003401802E-02    3.00057608669648E-02    3.99590324932896E-02    4.45238179832895E-02 
 43318.937     7             9             2018          6 
   5.68604900514554E-02    4.69393088273164E-02    4.76985388630381E-02    3.26378966607101E-02    3.38605262163549E-02    3.58850691963612E-02    4.83542122968501E-02    4.83247760601212E-02    .05917453444639    .053266586488419    4.45538633825794E-02    3.91552079707008E-02    3.17280165530219E-02    2.98440382255629E-02    3.25665660594926E-02    3.80930180223851E-02    4.18624766411339E-02    4.73167638915632E-02    4.88342996775723E-02    4.71875160996997E-02    4.12204251457048E-02    3.87174770971844E-02    .030250628006595    2.56677587544233E-02 
 41354.6039    8             9             2018          7 
   1.98155207743463E-02    2.01963967851669E-02    1.53662329610431E-02    2.05216432676541E-02    2.37338028078696E-02    3.10981342851316E-02    3.80284382551313E-02    4.63291838911344E-02    5.32340994724471E-02    5.66079657215626E-02    6.18939575348284E-02    6.00667846304169E-02    5.45849235089639E-02    4.11644134426182E-02    3.09606160602562E-02    .026001650661855    2.56014315384816E-02    4.10770226002198E-02    5.00914237103387E-02    6.10575310035946E-02    6.01803874123039E-02    .061570192853425    4.99291458291086E-02    5.08891108841572E-02 
 51424.279     9             9             2018          1 
   3.74278071656945E-02    3.83981664081462E-02    3.73789593657939E-02    3.99616496993084E-02    4.06826306922431E-02    4.40346655659358E-02    .045599124483775    4.53988100488244E-02    4.26377200868849E-02    3.85151347889462E-02    3.36171565401894E-02    2.81421152891857E-02    2.74388878532271E-02    2.58136813385731E-02    3.01180702762624E-02    3.29231655115306E-02    3.64613765416137E-02    4.27475504885664E-02    5.06032775014089E-02    5.45000348959681E-02    6.07844997158954E-02    6.09828296644665E-02    5.57766293469812E-02    5.00560625036303E-02 
 45726.333     10            9             2018          2 
   5.12890462868655E-02    .044494865488838    4.57269134672493E-02    4.77121126500976E-02    4.62036638952384E-02    3.72799181206005E-02    3.80100681844803E-02    3.01242835820869E-02    3.17239947546677E-02    3.66746672398812E-02    4.47971825921811E-02    4.29872656618685E-02    4.80169044583266E-02    4.29457135782132E-02    3.76227621871283E-02    3.61911147104367E-02    3.56479503577977E-02    3.54494640762783E-02    3.82618687392202E-02    4.10676928762252E-02    4.66938369943884E-02    .045843125822256    4.90067703951627E-02    4.62288113817808E-02 
 44985.039     11            9             2018          3 
   .046999783847581    4.66682717211271E-02    .050808537110249    4.95700828307607E-02    5.08235648929442E-02    5.04770955367656E-02    5.22988329311552E-02    5.07985999957258E-02    5.43731228238182E-02    5.19970453138459E-02    4.72482171378133E-02    4.00966641376036E-02    3.64129497335145E-02    3.09233479311936E-02    3.07093879077289E-02    3.15638495050891E-02    2.64587966679322E-02    3.01364190943849E-02    2.81207261572147E-02    2.87523136346578E-02    3.54175748592354E-02    3.81104026433933E-02    4.23726649726396E-02    4.88617581437047E-02 
 50137.331     12            9             2018          4 
   .05005050878718    5.16875359331802E-02    5.84586745166491E-02    4.97967282867156E-02    4.53078173848021E-02    3.59076156590535E-02    2.96094139375845E-02    2.33029950394834E-02    2.97909344127857E-02    2.41045532293529E-02    3.28171245714969E-02    3.20669243442576E-02    3.75808008169539E-02    3.69809274450608E-02    4.77074861721424E-02    4.80298380985817E-02    .052503312882022    5.37414307972811E-02    4.96406968847474E-02    4.84070637218902E-02    4.37468654687413E-02    4.20160967717224E-02    3.74987264393933E-02    3.92459270549573E-02 
 49105.818     13            9             2018          5 
   3.90882392171433E-02    4.32278118357966E-02    4.58916919430122E-02    4.47923092999133E-02    .048560946484997    4.32326791546116E-02    4.29198432998688E-02    4.25614117547767E-02    4.64316262541691E-02    4.01159196417037E-02    4.20008696433257E-02    3.36204975983256E-02    2.60541833821949E-02    2.15043166686863E-02    3.17314533811325E-02    3.55431208464443E-02    5.03524678296521E-02    5.79096141848075E-02    6.26796810862361E-02    .047829854317746    4.72334660687508E-02    3.45465783358145E-02    3.35907244229187E-02    3.85807031522148E-02 
 47761.694     14            9             2018          6 
   5.16331338143073E-02    5.29964237576953E-02    5.52565817539627E-02    .043762832443061    3.49105286409675E-02    .022691825981468    2.10322730032291E-02    2.31215616257638E-02    3.45923238878682E-02    3.94026846041882E-02    4.92324874815605E-02    5.09582438759657E-02    4.99223698624467E-02    4.00504215064587E-02    3.79734238242916E-02    2.87212389161503E-02    2.93428042173884E-02    3.19809016014552E-02    4.40386821402707E-02    4.77595272842369E-02    5.73388597611037E-02    5.57858563800757E-02    5.16389355266456E-02    .045856080031416 
 34520.1355    15            9             2018          7 
   5.21934502715361E-02    4.52178134940439E-02    3.88892175573967E-02    .035851482172222    3.18918225039901E-02    3.01710869520088E-02    2.67814124263749E-02    2.41271945018147E-02    2.12904729822695E-02    2.41514988460956E-02    2.57530996157663E-02    3.48350881441536E-02    .039763342943081    4.82619777018438E-02    4.80805455772961E-02    4.87034023048664E-02    4.70996126236418E-02    4.81432637280548E-02    4.36839239980949E-02    4.71844603519517E-02    5.14504367981026E-02    5.69972270807896E-02    6.38957215229862E-02    6.55824493812459E-02 
 48171.267     16            9             2018          1 
   4.48748213733536E-02    4.74191386793786E-02    4.00134794046418E-02    3.95251172360888E-02    3.18444179995113E-02    3.30217180720382E-02    1.81583581890314E-02    .025555940052786    1.96348772404616E-02    2.90035336394749E-02    3.09588068582849E-02    4.31880907103424E-02    4.10423705127218E-02    4.83083811711736E-02    5.28827070700284E-02    5.35612856152273E-02    5.34382859684021E-02    4.92469927988919E-02    4.26873140362516E-02    .041855656199252    4.45110173168037E-02    4.98424937467132E-02    .05881229962835    6.06128970788359E-02 
 49023.21      17            9             2018          2 
   5.63278908793916E-02    4.97111271056608E-02    4.39052037481328E-02    3.63044762448364E-02    3.70829459928904E-02    3.91623679933316E-02    4.19202244170414E-02    3.99604593463866E-02    3.77744955168621E-02    3.46111765541771E-02    3.13963732888271E-02    3.55367386182994E-02    3.57177553945876E-02    3.54178959353195E-02    3.71089520896709E-02    3.91742803992104E-02    4.34839966141803E-02    4.98248676733301E-02    5.58304533120001E-02    5.57580376372998E-02    5.18803054987245E-02    4.25566566533612E-02    3.63863566048931E-02    3.31669641748202E-02 
 48174.109     18            9             2018          3 
   3.26313878915617E-02    3.62827248025101E-02    3.59365657625928E-02    .03907883408275    4.03860710383092E-02    4.27981540759399E-02    4.12112030609897E-02    .044904329714095    4.42706672825412E-02    4.77743565645786E-02    4.82149428869043E-02    4.32418166016963E-02    3.63807882891384E-02    2.79776622375167E-02    1.98895594353228E-02    .018532240418227    2.53746265325647E-02    3.99444229950301E-02    4.99492780009823E-02    6.35909428385847E-02    6.38081319229744E-02    .061376061164865    4.99659057167254E-02    4.64793255990734E-02 
 42471.077     19            9             2018          4 
   3.97820624170377E-02    .035979144066605    3.48054046866044E-02    3.40581417776164E-02    .036933935615466    3.91922711041019E-02    4.28747777759733E-02    .042813301540886    4.24268482861804E-02    4.19877023474852E-02    4.27049442514947E-02    4.39304364525239E-02    4.62720547214623E-02    4.70352320684174E-02    4.40455509829592E-02    4.33774492533987E-02    4.02791751942593E-02    3.94795271405379E-02    3.88314384562302E-02    3.85706710346226E-02    3.79723347290778E-02    4.16177814834581E-02    4.77172276742888E-02    5.73125789375438E-02 
 48769.519     20            9             2018          5 
   5.15314506690132E-02    5.70604969116314E-02    4.90936947503265E-02    4.30373956720283E-02    3.27932901753911E-02    .025679727115068    2.36213315239484E-02    2.67533907808277E-02    3.52220603088811E-02    4.30535300373144E-02    5.35175895339336E-02    4.85898149681746E-02    5.25172288501425E-02    4.12945212855121E-02    3.71779553736538E-02    3.43575451738295E-02    3.36180676152391E-02    2.94756231426155E-02    3.59040864113108E-02    3.78384506336709E-02    4.34800469646317E-02    5.21683651261508E-02    5.63738577724003E-02    5.58404725763494E-02 
 45632.977     21            9             2018          6 
   5.91948677183471E-02    5.40656168197864E-02    4.84641400512014E-02    4.64414575207448E-02    4.31373798064254E-02    3.93139365615052E-02    3.64645738661073E-02    2.67443662250684E-02    2.57634295326533E-02    1.97442296187299E-02    2.12976462175588E-02    2.36457507687163E-02    3.34623804427525E-02    3.63684353879857E-02    4.53402801857662E-02    4.71227221852357E-02    4.81641817933553E-02    4.81647275027389E-02    4.80058511708265E-02    4.67378686675976E-02    4.41476136026105E-02    4.93730243796608E-02    5.15003226090065E-02    5.73352024910078E-02 
 35339.4665    22            9             2018          7 
   7.89942319494799E-02    .082458490495322    7.29347760306101E-02    6.88126404498247E-02    5.56138563572224E-02    4.27599278305284E-02    2.49568853195708E-02    8.89409036345429E-03   -3.13635456743437E-03   -1.09979758086119E-02   -3.72846885562708E-03    9.49220333746319E-03    2.55921372097096E-02    3.83292992638892E-02    5.17576577647349E-02    5.34929683748108E-02    .053569061399986    5.32425684706856E-02    4.78205026044943E-02    4.68488407177673E-02    4.66814630053024E-02    4.96445245075272E-02    5.11180328313406E-02    5.48486497803914E-02 
 37822.06185   23            9             2018          1 
   .0514738463418804863490010923    .0513310989681013384520177871    .0517174872104440810648190508    .0520972919936145681068944685    .0522863086587649900953244832    .0509765704378171017136126861    .0516709006439319753796024211    .0531310272816340392082564372    .0552448464678294634008695642    .0509272870326079274813517339    .0585342493695911504094798576    .0493927858139759242131322357    .0503224812953977018574411749    .0506248973838003493191368677    .0561669802250614213936620697    .0524366706359240962427858755    .0563728653518660564508595134    .0381318714384155130347554016    .021895977096235434346105063    .0017109799634046127498466877   -.0084854522546342882679200103    .0015638930588867407290752976    .0113835597252083706800876061    .0390915758602409455898026353 
 40211.9127    24            9             2018          2 
   5.71462971982056E-02    6.53481698806073E-02    5.56423932688702E-02    6.28302593112849E-02    4.36363488326355E-02    4.62807620654958E-02    3.96975388053041E-02    3.55678424757572E-02    2.24575832705836E-02    1.81156021632195E-02    5.74299954799118E-03    8.01783562271375E-03    5.9565657602691E-03    1.76704583178431E-02    3.50822649524437E-02    4.76752754332891E-02    5.88308723821753E-02    6.59889038071671E-02    6.16944795899686E-02    5.46806609585559E-02    5.48127614074548E-02    4.77806164039031E-02    4.80930116836916E-02    4.12504871057309E-02 
 48773.78      25            9             2018          3 
   3.62230682533538E-02    3.29874770869781E-02    .040262636734904    4.81797984218544E-02    5.64386053550442E-02    5.49055040353521E-02    .055384001596247    4.84668629205077E-02    4.29808170304311E-02    4.33434706586972E-02    4.14928259177498E-02    3.98597783593331E-02    3.70144991044945E-02    3.63522570386115E-02    3.58932611828335E-02    3.76987807000567E-02    3.59821826511473E-02    3.71936309756877E-02    3.32053195424942E-02    3.77705205454716E-02    3.66246777389281E-02    4.23941741053031E-02    4.37934915254415E-02    4.55523641253174E-02 
 42518.396     26            9             2018          4 
   4.43396082824361E-02    4.28999252639302E-02    3.38288631354635E-02    2.92182008737171E-02    2.86343342282729E-02    2.85928712470936E-02    3.00801812836569E-02    3.34204978455458E-02    3.82419403101204E-02    .039608432927075    4.20788221511813E-02    .041448528565656    4.42517154901757E-02    4.83123142598089E-02    4.50002167563615E-02    4.57195974701236E-02    4.44842521305734E-02    .038697651260101    3.87211704916356E-02    4.68091505615593E-02    4.95594421831259E-02    5.43047285032078E-02    6.20681707395547E-02    4.96793925607518E-02 
 42569.4845    27            9             2018          5 
   4.18956436305551E-02    3.29989901569045E-02    .026263836102295    2.26890581968515E-02    2.96661807928987E-02    .031765689420963    3.75644435868947E-02    .045560759535977    .043614834253917    4.83145179052791E-02    .046938834490812    4.71171074801834E-02    4.45792100033021E-02    5.01533428981269E-02    4.88084828258843E-02    5.53795066694136E-02    5.64404042998365E-02    5.13005768563659E-02    5.02340588193228E-02    4.12916191045989E-02    3.94499494977881E-02    3.52943900285617E-02    3.69361050671976E-02    3.57424568734721E-02 
 41181.4137    28            9             2018          6 
   4.28791727266972E-02    4.35090196880037E-02    4.71165211885836E-02    5.12949826767057E-02    5.15854810761238E-02    5.22802619973255E-02    4.53635947638831E-02    3.52158153460107E-02    2.62305719760372E-02    .017135747731901    1.04027436221963E-02    2.11427104685085E-02    3.17078490156729E-02    .046163691062658    .058730036688857    6.55629294507136E-02    5.49723209386811E-02    5.26806614054662E-02    4.18930248928733E-02    3.55931443163779E-02    3.58566120949486E-02    4.01513417124841E-02    .043995283334996    4.85364839573398E-02 
 27230.65072   29            9             2018          7 
   .0801546398006900071611656293    .0780549837701417955685195613    .0806278932727612761212780889    .067192224630025293791436799    .0624369948952876143387292509    .0454184886258201030606880775    .0308645764158220600906741754    .0106961233866540520189228882    .0053152383866352202985474598   -.0161633008526209762202847571   -.0117060258044395348918786323   -.0121168643156097152569257442   -.00241274366432033615390591    .0062915867035879633213553995    .0359291450674521376255969251    .0372176930482107847329474321    .0555945216134005041507138835    .053889641312251387872819809    .0585127038051186167173606199    .05039681255182285265638338    .0624315231200615245525061768    .0616006211988165077532895622    .0798002230039987821488240954    .0799733000284320785412358299 
 45165.5243    30            9             2018          1 
   5.30227227377858E-02    4.87110920512164E-02    5.11606592386413E-02    4.76981296806567E-02    5.31539079486286E-02    .051012890063611    5.58083206076471E-02    5.46279293887357E-02    5.80719290154183E-02    5.59538735423525E-02    5.66169888639624E-02    5.38804131489956E-02    4.83078660432212E-02    4.52203540782668E-02    .040191915594118    .038867898488491    3.72543674226621E-02    4.22468244343161E-02    3.42545564117364E-02    .032274615954627    2.07636096545048E-02    1.13424206824302E-02    4.98663532670288E-03    4.57009194410886E-03 
