-2308.79011    1             11            2017          4 
   .0408746943220403867721003015    .086478410980372745966067916    .1281603289612151015321180495    .1699221589267809190329561833    .2104633928806980206615663301    .2606061492527789804158507938    .3191319976678174526657167637    .3858130698593472405337010041    .4576448917654104122959882222    .5254288792843105170785749771    .5790400756697628092317148742    .6298853211910198281298077806    .6718713811538286605013220539    .71738353037210472111733015    .7646775652551630169621611901    .8149874654478661120044385499    .8546822820546472281969364465    .8848348713690565834934211495    .9019745844285516278480593457    .9125402915035875651771567923    .9231709676718946097703095237    .9390048019566403981174364958    .9681646635258672344191564473    .9999999523559982678546730261 
-2018.28284    2             11            2017          5 
   .049062290991880999196326715    .0980823876994366161285897868    .1449934539402812343189718642    .1918443204917701227643594294    .2374048327141303941324695601    .2843552888751707367238974296    .3120990217604981470287880959    .3359515755482517009360293625    .3300279756627173226127216144    .3118002033847743560065149243    .2757944471251611097283074557    .2459808854144545964628030034    .260165715921163953412991412    .2931801669581652886668748568    .3897214921571646519077573885    .494514881769494705707352692    .615919124596035310888339119    .6919362203961462606499691589    .7780207852334512243090765217    .8129286775286659029415322185    .8574259096410887584021672602    .9001057552468711471579473965    .9506933131334555666142412428    1.0000000792753110857346436142 
-1792.90486    3             11            2017          6 
   .0598141052504035267102795404    .1162155363893653565086548987    .1741350625821829720512888788    .2308041041285369710024657973    .2883585802762562649308675531    .3395315688976379929049888347    .3882762078072564318889737406    .4300729599227033162261604891    .4677093128075964945513059739    .4875686487904327505699326399    .5085422658734942578046221594    .5286673716752600023628693828    .5491031464993630504186373838    .5857338130033291337053991811    .6375580910634599986526892453    .6898012424373706031451105554    .74307623885854155139051829    .7954465581626009982481725215    .8281125413425450807244730208    .8585553167612028225524470942    .8872757475820551905916524762    .9178758096511601848187304261    .9550423104993981666154890115    1.0000000780855711440260137395 
-1942.17328    4             11            2017          7 
   .0464392240016812506039625877    .0973739583112790018406596552    .1493916135021690752536766441    .194949597906114741728915146    .2415608868844081718599279669    .2815568032117093074208085079    .3212944521613437087343720433    .3625946290436041834537029569    .4071320042051036764340615375    .4452385937468978051227231383    .482652454162071470780403281    .5105867278742502316786069676    .5293080749211007578067390568    .5464929473234231705628243428    .5671033637122224233256880148    .5894901406531553147513181728    .6185184465106017728757961288    .653950918323827418735778303    .6990828336388192921694402057    .7470744319991880436126687934    .8093206801815335447308800376    .8739096647442292069840441837    .9402811885044572335996713949    .9999998558316073630670070798 
-764.4801863   5             11            2017          1 
   .0948480043033392610505123303    .1487678844241093707990061482    .1500543795061598707649854496    .1336472832533370786721722522    .1194452277984434663431119457    .1581816012593758965287129509    .1805047435799056496750437756    .2451252542030728625569350482    .2557685647110668615637344217    .2501303544902612997911257965    .1757404605215992633241644552    .134707873199983286473306993    .0779869394503887353398108599    .1004277695823390105826736193    .1463594505196138135673222745    .2712780575827985981642700424    .4021059087061390854519259893    .5675750762096631725352539722    .6841896093232992139354285839    .7928682925500171331255338252    .8479294972147533864737391429    .8906565692636578408598580052    .9244953795606304780432999431    1.0000000179206737408153020172 
-1962.41526    6             11            2017          2 
   .0312662774544466190096789198    .0805960915734012382272241401    .1285011919444613368935991662    .1755358343473134223385523409    .211541414532212718321401557    .2409032938319079316576451816    .2613265451268453752239982072    .2788037329061536139909552069    .2916893338874668147454173384    .3102448357438883755928396113    .3325701309517945758330476904    .3641332772758809468287563153    .4026224806262462512648826426    .4510802163248567482093468841    .5025617768585839472120696819    .5537314258349173252963799313    .6097445450969434471274953294    .6634232960459143596345658258    .7207052599050824747459413865    .7829224687133751701462003511    .8467132486525813094217377825    .9040395456362278797200139995    .9585657217117237459720935925    .9999998675102027080649586877 
-1942.50814    7             11            2017          3 
   .0334444724643470477297459356    .0724187441500245141829881856    .1058089259795843120636807216    .1513615278852834047840849717    .1979627740453123661041646909    .2494644887305337109166502643    .2977630250754058616197098664    .3525416372257775969988985477    .3980769933864987561905403393    .4516321872401523115367743066    .5018076269168169354492383234    .5556862170986835607288626343    .6138985857737512492483043083    .6729356614176144456208044513    .7296798251769488080497824838    .7827982641040567274019248125    .8259249817094717554182295473    .8617271482836617611290936469    .8907911191558764845124407046    .9201763242032025667599004244    .9515496805073877322336471651    .9708051982731974549151696219    .9916406321983289089331692582    .9999999279282299429643574106 
-1685.97017    8             11            2017          4 
   .0047581624768604298615793422    .0115879393049996845436476495    .0373397294449165728715117184    .0627610748296928646133756922    .1113367266753005481704341187    .1605581787962476228152957178    .2097449327943922044599401186    .2720864865598422776365017182    .3310440540000775933064106348    .4037477721210215718110837038    .4794089565653465861735857403    .5472557678763675872153776007    .5995491604694287088128018303    .6430517095091901892902411197    .6649631292112362818376555263    .6793839063000740991757879085    .6980793734921181909167467655    .7129746548244089039843451085    .735547414815767469954702698    .7712971576478129503323300198    .8118761674176002769965971581    .8672775034922474340100572479    .9295567785757443146221264401    .9999998991678482662596574885 
-1957.02099    9             11            2017          5 
   .0563179447554111312827564512    .1159754551227373396746245425    .1679257410519649050877068007    .2218474928058896292164960377    .2717330589285094995327566722    .3238132872555444589278523783    .3725083704901908078155053411    .423731377556660748947817877    .4723581937667413572298986941    .5234338339927565110070689635    .5697802965312088962316137447    .6141886091880905171078415465    .651823872364291810687222113    .6853958168328077053481168845    .7141047577624601767812413703    .7409659923984770342192395187    .7727377517805774786299047309    .8061507812443033633481876962    .8464640943886861428093318509    .883472895198737750891471021    .9184812064790373045513425995    .946700116895527012206445471    .9736165374496059952836785874    1.0000000051098072279745962255 
-2268.29091    10            11            2017          6 
   .0313941389466662369157931334    .0706025842161488889447606171    .1169349129032131068232337095    .1710771304902861864398160463    .2246159863154413469831345398    .2793491774827065722359218906    .3311781115412572896128213114    .3820752868070171828180539682    .4360082719724869858073010573    .4858477345835680309630125882    .5366031290933489655434011328    .5887243096168824306578912314    .6341391193072320692763345774    .6748459790812281657470469694    .7165178826202676093252959339    .7515451358044722755601044136    .7863444640793450959956454615    .8225205998819613485996820399    .8564139597067820546880382287    .8837120455594472227550389469    .9145687578494947105351667613    .9393658417473444797254863575    .9704072746118794788980572161    1.0000000396774503672458838183 
-1248.610435   11            11            2017          7 
   .0703004135953741248366228815    .1350219374067621019041059031    .1800758616918014144259494355    .2100466988328509364091611168    .2070747550656182046083893252    .1746629644337386944872040894    .1421231915301108307652418426    .121983122782407308649474806    .1189625649732776740729385303    .1562734817285104621122279825    .2266671750184436028680154351    .3065838545550838680921323551    .4059049850884835829519557075    .4925339263242662231955477771    .5719092840994877637715721958    .6210523941360461239457765704    .6529955037577433028581088224    .6732165425159209085097867214    .6905224206299381119620388244    .7181995880084087235743789055    .7708125553187451937321026794    .8363649467658020974332158292    .9128667901930516862931711763    .999999651612714577385379612 
-3433.282848   12            11            2017          1 
   .0442874667575306047141036485    .0994194813278605817914830884    .1789016015263068707119816072    .2636042936361065000141811794    .3542556945777163070486408115    .4444172145294799783417087109    .5210377586693958283509299727    .5904680999938400647612474252    .6542633099129967167796831635    .7096924744838267400449262373    .7453309596937700368577380899    .7805010885022194361307687982    .795603252319046915880552583    .8064048674617093476360151029    .8209128477841042708054795257    .8434178389021561907735951268    .8695587087265814459339296475    .9026957979315312153390048917    .9411720918602276487998812267    .97349363509242685034961617    .9926222658832914193966229257    1.006113435137517688143589852    1.0040069963964705071686537607    1.0000000442724956636022550042 
-1962.817899   13            11            2017          2 
  -.0026082557136901266865816369    .0103463291272951653473789725    .0285385720338797460701167164    .0606215176968895166978503287    .0899087990230315298342406241    .1171148888122096750861145474    .1407355721285889904145407429    .1682727675187151938642475157    .1974185685780726620528948009    .2308908025705750913370899518    .2702150312926201820824133416    .3133533173471432664982030511    .3569100833841540182531217074    .4040392134206842180421750882    .4453377465353957422822543764    .4857179570686195377923848859    .5401866370487994006213207046    .595438323950193405078582891    .66661813134403254185935055    .7453702153141003122674295523    .8242435535279373361777153837    .888995357587168609776367237    .9540803560809590925785622256    1.0000000514566328600613601802 
-2480.58863    14            11            2017          3 
   .03224159339954726794019047    .062656338145031326697647566    .0921669950571369022198573893    .1221858781155503401626089046    .1554558443654561135354393687    .2028233113363903469959869968    .2509337068113546904389382773    .3106215962942634305310026355    .3669421398581513291867341986    .4220945735770787597297017362    .4642970567836554181093702747    .5068680009228293528056685481    .5381795207212571961196161735    .5696853492390634718018521273    .6017571724498309903161976518    .6338922870899396164691765115    .6679088100149842257400010739    .699229198676122287958725345    .7349908719044640626285544169    .7638699045395527754233074913    .8151649876747197700410325593    .8628524593374436292566575216    .9332220473815523374385538484    1.0000001491581455809543076072 
-2441.71622    15            11            2017          4 
   .0752637831107171004499449981    .1290418179717870736018618904    .1849074418648044202286537622    .2242342478275382878031583867    .2645383991428782825548826473    .3059949366269926322560121258    .346351632951023276570608193    .3808978260381134708602623773    .4087570012538148270154014867    .4268862169412954958377595575    .4392963405059413497281842195    .4473722175626125791145377246    .4550893305692993266842450676    .4771975508275896205497623307    .4979341948262931226299508302    .5291896697151809066493402743    .5534111576651606139553760265    .6063472846979736244697592253    .6443046030959322537489635057    .7203736394887035644133944443    .7909322075109940499146129275    .8731772277779274448199389854    .9331010628253925429548893278    .9999999098994395016141556368 
-1873.36768    16            11            2017          5 
   .0504710479471920856454617601    .1069674160280164543033004605    .1671558142820100323285175924    .2417031129735301080885520562    .3168665213654161045417416404    .4002979810135296024750464362    .4800380136802616344913135258    .5560670289774615947254945703    .6242874863732035774205307097    .6935381739904896832638854963    .7580087001394195078672436582    .8172464040801643380545563805    .8743740043598915937313490964    .9194260253278203240914244875    .9556132622080893378068740889    .997182250950331330580017266    1.0418152404550931507476418084    1.100162035463321327290113172    1.1245165711410159483481640934    1.1533752946992231658443045201    1.1220087879385214972855728994    1.0848132065564406449031938034    1.0237221558130008947309264992    1.0000001708153735202691230373 
-1102.389667   17            11            2017          6 
  -.0419820607770627806510454166    .0099256100882883184716933672    .0753824010580099169235046903    .1677987426201083940312368693    .2784599758045446193392159217    .380304453633816580394344353    .4830475247914311228753561965    .5552026822472021592343172788    .6044438005422632467399569702    .6127248106725949563894089004    .6061881927998877006890522678    .5667204788848950631537441651    .5117440927537286141852053481    .4614557041199117117631691299    .4133374192811624022597084085    .3930084007218837619964737931    .4036609860567570069576858615    .4579798007123374098171767425    .5293018589224494245917129047    .6293500572152949978621307233    .7305743369236424455709271448    .8334735234777921770923130396    .921634182915468129111192041    1.0000003020710461720973297185 
-1873.21492    18            11            2017          7 
   .0347681781223480752544934887    .0613482728399365941415841381    .0787446749569985274300505785    .1064101069619923804578707925    .1346874815624466625538088283    .1778870093560860597885906226    .229422419932465624392955401    .288725065247718612021305062    .3470487518858754338770694822    .405396354626515573557357743    .4643149543139449262981526968    .5174575483308663802442914559    .5551407843794026581851056365    .5872518888542698560184434149    .6068059718422486192881700942    .6174651865360969898744987575    .635166839264765198432222609    .6673638922329318196974429394    .7061053090480402537045775826    .7614433265351100235738032665    .823790150037882465723687488    .8847842189939422434239419789    .947009326618004943074017369    1.0000000427073258630675437926 
-2019.58065    19            11            2017          1 
   .0495976231501326772961505647    .0879335519480244574535807718    .1270633089101938068182619991    .163416251784745511401092103    .2066552281534287823563768053    .2485276832098782487344588096    .2974401146099315221702089491    .3485993490777404705278791416    .405604995274637831373557674    .4663732542693949855382106181    .5336855450660016969364407408    .5861672322915155678482065076    .6342470155871220097102831719    .6595141422057098833859395514    .6745623156965779009617664935    .6801758572998805469838503355    .6948467247396136420697039259    .7106118787580976278417007016    .7432443958105857272894746739    .7864588126252843628700839454    .8333650849744475418696450672    .8886156638508098203456247216    .9432373993086138946716487901    1.0000001733033043270641358145 
-847.93994     20            11            2017          2 
   .1299633320727880797783861909    .2654465126386191927697143267    .3995944571262912795451055177    .534500356239853497171037845    .6314075735128127117116337273    .6127714658658489420842707327    .5758536388791875990650941622    .4284226781439260898596190669    .3023274266335419935520433204    .2153159574014168975222466818    .2422254104459332343750667058    .285530953996576691504825212    .4144403199122805796835091882    .5157325175648643228198449999    .5837539625742832682229828683    .6361399841597271618081818389    .6700507585478282813285101301    .7219867482595524395277335326    .7662048564430164711901647185    .8063283349997642521709733357    .8632384977643581690467369658    .8982061866315673253933527415    .9422906768609106913869395042    1.0000000707597285722854380465 
-2518.94143    21            11            2017          3 
   .0289731786260707141570973327    .0573015308259866923543355274    .1003108277908629260982856596    .1398901521898426991214321327    .1661844118384284941472418436    .1942651759076430768777343108    .2056039865920979353616808788    .2126518678125834787671105159    .2211836660291065203528769623    .2651582891310021448176347633    .308929096457792589484702707    .3951592872089923901088879228    .4846845525900139726551720577    .5746616347486888569695723334    .6422237455517177308882485608    .7098450081866333827380813694    .7553565864371844485482935584    .7956008727046900808646432085    .838610606360942659949024698    .8750775122230610975341336142    .909355006321048123774755652    .9375216000953225815973021651    .9694147592784640490827132888    1.0000002262855313789491326124 
-1983.76875    22            11            2017          4 
   .0477229818243683897127626393    .0998217156107535215483155484    .1541732119734218013062258391    .2105614880766722431735049763    .2645393017709347422677164362    .3211851683821513974348068544    .3752941465581610759822685986    .4315343207216062860149399974    .4841644470909222660151290315    .5403840543410112695847235218    .5887157966370828253041086568    .6398255845092831510729262168    .6830282007416439038068323236    .7230162285800701316622716231    .7587865269074331370528949002    .795935514157081060985560943    .8263745459242666263393855761    .8612652054328408994243910738    .8938562017372236557310422397    .923526998799633273787582348    .9553447194891037576834497469    .9748716930841863498454645986    .9925814185751237385910026055    1.0000001260227534081278374811 
-1666.696693   23            11            2017          5 
   .0078325228908341033109615704    .0128453605805528528759131581    .037578858986792265747898739    .0658534335977109903583399022    .1148135115427387483272578858    .1726417897200447616175836499    .2267246353743140234334166283    .281475988984877646241300846    .3257417515017532947129931097    .3653281383213256306617031249    .3954705752812098487796063564    .42900601111350498131695759    .4491185487700490685499908171    .4773526601099459912350111083    .5006208409150542425657767835    .5326592437175970325153816094    .5698734532738405091441553607    .6243175524198391146624780637    .6795435574791771666400012471    .7456221670201633981402517849    .8087248301752045295502365288    .877367193528114836188734191    .9348059587228088416204711339    1.0000001841966815494245418773 
-663.3984125   24            11            2017          6 
   .1412370428305780728711044361    .2942825854290086954345854724    .4269710247460081162012126461    .5884677934769703718578012123    .7323394069774021354023062273    .8765103880920125053811460545    .9957013576664234179185648865    1.0910214531150992164908142586    1.1192643606152735555423114613    1.1197486849578495185199135519    1.0816956846425977843291869499    1.0206182095740242670538497859    .9624827071771143256994152062    .9359291314252278226547610257    .9276528077311309514175239302    .9788870274090383054692642937    1.0354162552356122799736123879    1.0862685023383290052717755034    1.1149061952269896334730828136    1.0975612637601842316739038021    1.0442129298884929122437416143    1.0106912940494864388901443143    1.002874272027294005621395725    .9999999811576275063817702458 
-893.239294    25            11            2017          7 
   .0386386159138225282776241145    .0706265727714392286911641395    .105778217141441607919232447    .1507901644102996660153645234    .2307857495574976351185911891    .3166339657243067947702712684    .4260211150093000722827583087    .5032158829322615984244866863    .5703675413992703281143384183    .5904343926007357217762522659    .608461140985138972177818232    .6184832034493995289911641527    .6617135004810928078137144737    .6943335388019775135418527613    .7659739160556902235874992754    .7961081703152212647734236376    .8343619733325345626812516826    .8385713716709824903873966834    .854458939644453214123829174    .8711823418731061779734020523    .9002735385709531940944819205    .9347791858337123265873702148    .9676961210799577744505270275    1.0000001186692084775213661839 
-1917.16659    26            11            2017          1 
   .0100021459272352539796763306    .0325993006168545843478317656    .051346753335608670292966038    .0873885977743853756600254545    .1325963540810504109608962046    .1810113434117376310005485752    .2385467190934096134024534613    .3023143127066490346047601424    .3646259556400886372633898236    .4199909409020110245088299812    .4802181536034382906704002181    .5268848337274644453302307965    .5732610852560287940340124538    .6190786998849171474451784599    .6617108844985661887629702539    .7007471374722840334913201257    .7412397062479583477406624325    .7782291887321069996322020195    .8169743871866659224433907958    .8479320516429404290839430912    .8829754330321393718842137761    .9156043137597134946942717169    .9544501816088919012510018756    1.0000002138572631812867133263 
-2166.50192    27            11            2017          2 
   .0533552261979993998805226076    .1115857307894746753790091264    .1777503155870731930853770026    .2463614248724044518732759766    .3042761669927345367873018086    .3532580760417696744990652951    .3925185535953736888449191866    .4199560552431912915175260957    .4433416795679553332682945418    .4676280185341354324763303233    .4946319179814066354485390901    .5190976244322922178624240499    .5488792735526401010528529788    .5768192441758833059330960574    .6062824075410927861074778092    .6403308426331789265157909484    .6682274253419540011300797739    .6963926438615849461144257837    .7313014520661029462646402824    .7651624882935714176519169667    .8159669666944029294929034727    .8776331940661284989768206621    .9420684012133254883060523667    1.0000000369258846537278859185 
-1839.21416    28            11            2017          3 
   .0715178813107876463935010157    .116839302716112190001842961    .161850700410005542802041063    .2074543075505682274651473975    .2486790880296397892021448987    .2920569076088452907517849906    .3325530616836921264242550199    .3702059905845874957813504437    .3927837854401903908786783155    .3984898093651040616172724551    .4156536615616313001852921794    .423873911453574280876567414    .4585523634724517344951280714    .5114508252807275037508410657    .5854081723685728909351154626    .6499890148736131957574750294    .7319098717682773821184586791    .7924792184070614158385992418    .8415583316300696597507709488    .8867455652907761432197759939    .9196775649008704891658728856    .9446605174027150813149459441    .9700197175515438615370381881    .9999999130063243967195206892 
-2490.50644    29            11            2017          4 
   .0278255293329014640090631526    .0630407926188699194851309037    .1034631333858345694540745697    .1432545582977894247083336191    .1881145105571379289426772171    .2281454449882892091618120851    .2698623015807178559233117261    .3072704762811213610031861632    .3410635629595079465042459396    .3753286821454675700416980251    .4106124696469365483752774396    .4511022264210647855220964616    .4967274848725145235922377298    .5487092817957138067067194574    .6060855638662793419638778368    .6718766003271206156768661076    .7336523891903688472293209569    .8035132806161304284762259037    .8657391787350688400548765495    .9118121372936502023259172942    .9470198358531447925105546003    .9728021422020494755275557529    .9826354835685548357787021021    .9999998233291057059061449365 
-2017.32605    30            11            2017          5 
   .0291306702751397078325538898    .0593980333521197527786844373    .1008645082434740779756450376    .1476253677485600307397012    .1938611757876224321794684602    .2394005173333284423705330132    .2915387425845217236945906687    .3403314005685892967078871559    .391273884556242160259616932    .4391609378166707359972871019    .484894992557103002759519216    .528007854754069130272719177    .5714767823476031551766260095    .6164239043063960830724413637    .6617160374248872659925251052    .7083812753025223661787344688    .750706609871022088868579276    .7899194084168991918782786749    .8264097913175710986332625804    .860489061745868993264623733    .8960941142855910674429649089    .9309908033954154312338355022    .9673091764219274321074672089    .9999999752147155389184609003 
