-1085.303061   1             6             2019          7 
   .1466067918885193303624157013    .3702446021204025702089123657    .3882425242694491948917483059    .4023861312964637441486032997    .3327163747859364049098540228    .3302238912601758523926249205    .4047395753175711350914544228    .4530339198960390659029017518    .4881304762117500376238227527    .5199530161465194651284596349    .5497613721371417011049966992    .6462836282371823145535199039    .7427194568651456148431520917    .6533389847317495034688748565    .8525781721719478316296760173    .9063150518470711288263840988    1.0543847530897178590008602215    1.052704116532478848320506119    1.0574097146124238195620458128    1.0726543044367217536116393576    1.0326654740725917845725121382    1.0219845864785596509065775131    1.1241044495681192960350454591    .9999999437945011011076472031 
-552.013902    2             6             2019          1 
   .0310537287881564982760162442    .0173653923665132621967915583    .0842891996585984531962022942    .0328918165542867070764460566    .5759758927230785575396613834    .8649541221155694734659055742    .9872407162673232820140098573    1.1190292450279630819877431275    1.2472653270243183114616559059    1.4155782982436554650393569255    .7909871443781138685887660851    .6483512438786369550526283666    .4819442029197300904208024819    .334234154849237836767379094    .1814644515963657741358839908    .1788159494577366640306098668    .525470642947684313935992141    .4294125549033727052765421114    .5454587265086668052791177712    .6271287711156230989269541983    .4632305437843846186323039379    .7040418703078242402670503758    .8690916990710136137114894617    .9999999963769028411172151965 
-1285.709074   3             6             2019          2 
   .0596339261738771861541672529    .1275807282666809583394135709    .1851782839637950630190543401    .2445300467716851471797266012    .4286712376426768533485515402    .4507058491834211010631787763    .4548325214666720163476111548    .5132298692946768453778525639    .5670391651914249459516531342    .6217109423620665836570116639    .6723726366109476489546810183    .7005019395235286330412878458    .7470760838699657493433852828    .8449127582341384330931462338    .7938786624757071598609562275    .7406689578983246718534087285    .9316695543520757636031119743    .7789126018099488033946939384    .5295947689640401495680818381    .4785607509837019319348756498    .4304550004288139604434338775    .9563586544307145490364642165    1.0085391992807853512901317518    .9999999424442111388567519747 
-1265.645329   4             6             2019          3 
  -.0891609974882623692754923445   -.015982771426164683455328424    .1556356235720757754244435725    .2379232894873663299396572102    .3096003208968505583604931078    .3773719928136360229872898302    .4961186089124341089398513476    .5327811706402623637383960985    .5755733326773096319782648998    .6573655991425066919359681056    .7238533410650307073507162606    .807271181419577616913877142    .8082295857783709325410863188    .7226650934844954498307163586    1.0028291267055274692994185577    .8262567530085673788316094674    1.0084697274618551529454583876    1.0379487601300980268540934978    1.01179214323162093382955945    1.1628984568393251661105763066    1.1589534337861882947778018466    1.3486376956399291542757315387    1.0763386620138982079710262969    .9999997400535580849127441452 
-488.315884    5             6             2019          4 
  -.0086473861251664711361303987    .0774794989056714771948724895    .1295008048519675022490155164    .193971245055792614765732257    .406813102970863016202847909    1.4934699523311021355184915509    .4421476078791653641969180753    .5621930578035425937526947209    .0881067591895085681873907669    .1498288759331039905308507228    .1799097323649623488389331198    .2083217100511110959478844231    .2506811758759008543740100824    .3127823710113021840592021373    .336056035400232854190751657    .6683978766498613426222277054    .4800853457390298612526804473    .3887143675219870586884288204    .3389408483792020167011401169    .5425803433418520541101218817    .6895759712784603992115890295    .7765418091540106444704551122    .8809453349668224185801828228    1.0000000327656759164524740301 
-572.51395     6             6             2019          5 
   .1246609274760903205939348727    .1759347523322357472686910074    .2849719207715375319675616638    .393241422326914479551109628    .4938709353719677922258488199    .571530178434953419038959662    .6790594360189825942232499313    .9218082808287902853720856933    .6735853335975481470800842495    .6794927879049934067108757787    .6181508764982931856944271838    .3980952778530549342946141312    .5006676256534884433820346212    .5962694882805912414885261748    .6956665422737734163508155565    .9481686865446684748904371675    .8040673943403475146762799404    .6780007718589215162355432562    .5519322280269327935153370499    .4307543947182422367175507252    .3112586164931002991280823812    .1851918193434413257528484677    1.0702775015351154325584555625    1.0000000873341164874672486146 
-196.99464     7             6             2019          6 
   .200681602301463633731354315    .0947489738807106629906275623    .6372021086462047901404830101    1.209272495942021569723927514    1.719332058983939867602489083    2.3453135577698966834833678723    2.7671032064628763503413087788    3.3193517346461812362001321457    3.7235008018492279789947584361    4.3684386539654073836729770922    4.0592292257291873525086773935    4.1861514607707092944254726931    3.9986240234759686862546107853    4.5482232409978261337465831558    3.0535785136082890377118890138    .5875418742357660086589157959   -.9352914373710878631012498614   -2.2425102530708449732439420687   -1.6801289618844451808434990922   -1.1297987600068712529437349158   -.5931333969289722806671288112   -.0521948211382807166733064412    .4792480140576413652676032201    1.0000003045768148818668365799 
-821.601467187               8             6             2019          7 
  -.1225009983789285435917318808   -.0623051102565143598776361663    .3143155292603962646384927871    .4722251791107061052829132282    .5606672071523397514363402013    .7089377554232490674652756242    .8418693583498317073825057699    .9478539548697657211453759614    1.027303545221024096642306134    1.1197874355677115040361021516    1.3148747210721794234083353308    1.3148686353965815949314015061    1.3515944704943568875316470948    1.4288606421546263620742596243    1.0694121603850786770905197123    1.3270265981059233261497965875    1.2865312955428530749367399498    1.1975095460437702880705968313    1.1130683628536610392230049239    1.033206041983357936420422757    .949940611318749149316445791    .8326513855218009133708414243    .9644743000679711613602673775    1.0000000399378546783091627259 
-1388.54258    9             6             2019          1 
   .1862835203800520110805676553    .2304529256855774635301425182    .2800999447924744230745880332    .3159812355196194271550534662    .3502235415783936564624471221    .3857880253121225853945364787    .5345043866065670092738531648    .1611171333327062969865857481    .2551321832708940045612429113    .225838159028583768745500048    .2149821721707662720721175148    .3935752549986619783744766401    .438970982078201735808490655    .5033148497325879628408658523    .5668475071178587839920616622    .6291711990567836961830871618    .6863442387197085450559247524    .7909048061025251382640350863    .8498954349675038413298063931    .8718998015890877469526357629    .9101240525155519537614755753    .8504089230018426946619094677    .9526492158418361214389262733    1.0000003024754199471506304113 
-693.461033    10            6             2019          2 
   .0911845179338288788895799427    .145892696468209483372658374    .2696787434341678431410867754    .4139456816458207537091705627    .5675175406719644764812617813    .7143811640819333535645109565    .5351553762069858076654178779    .5874469950209877185701939795    .3885389188118952316099353199    .2142841384427147761596000161    .3897921975956217860045208914   -.0265297386940557913078873748    .2004187595065633630202837944    .1538311381946099918782314622    .2455261246092251588706066488    .3264741481155437900430664862    .4163680239549956082391726833    .4991811847054425623364478217    .5602989663587917852047499257    .6238052023321114280980803142    .8889008475837459204430885448    .8870560431331402582212575454    .9286161288892493545488085125    1.0000000966168202849834822658 
-824.37242     11            6             2019          3 
  -.1488111404794449576563951521   -.0456467236009666601898205183    .0788544090303263663284611098    .1924599806480668045638887337    .2162743387266643394013594002    .4687325662835736304715288753    1.0858941641934115166055652371    .9986532543143546699439556699    .0831545164987445843954847495   -.0010016182977106390822730338   -.08059427800847582940729628    .4117087032096488623430657712   -.2492149118719910595747489951   -.4840334178089072897416922318    .3984090103354015652294626742    .2033090820772485328900256027    .3304299044841893182210050162    .5530246875556559740317367726    .5791646935495488798618469065    .663109520330629207609832459    .6084278025701053899886655597    .7474172898700322846802662321    1.0145043425882685400853172647    .9999999757391204329713019754 
-298.981695    12            6             2019          4 
  -.0193789288672003816153360158    .2180807423678563331444087238    .2932823027844564196480322984    .1965836068994123536559654597    .7233372598278968215763175736    1.0381344583654193277618551196    1.3347516141414610683774469872    1.6738797336739963294408375068    2.1807699631912248005684762741    1.4247775269318745416838980728    .5514662026382585060934917771    .7114455619097349755810301363    .4732671008504383520870734243    .2757532363310737133923867814    .0343504641647041301307760664   -.1725250771623326304307693486   -.3887555724774387943716754967   -.562384931291529402828490888   -.258366385942122643996650029   -.096292818194103822978192695    .1020284536148609365533231056    .3116707195067577632135639608    .6832525315638470776613932836    1.000000016723431847558426612 
-639.82192     13            6             2019          5 
   .1460046726751718665718736238    .3049584484382779508398211802    .4500159982014995672545885893    .5877275977040611550163833087    .7391162841060525091106600412    .9917401704524283881990163763    1.2005399877515918804407326339    1.6868459273792932883574854703    .7355776432292285328392625248    .622772817786549107289103193    .4894575978265952501283482129    .0820364829013673054527422255    .398113431312262637078767167    .1329897231404638340618277036   -.0745023865390544919123746182    .0206649375188646240816507193    .0436010851269365701006305004    .2568259930825752265567894267    .1165320187842267110823586663    .4772059075437740551308401563    .6127944162963344550621210352    .733040374734269810574792436    .8546692179598973414352543595    1.0000001250347909305764328925 
-2011.853909   14            6             2019          6 
   .0420488732415212361227169005    .088456422806791385169110706    .1912177113253803360530190465    .2317111088009919710328231392    .2637519541683580564596551926    .3092285166517028647729709484    .334629466378415849478064662    .3754119007455227704607651012    .3958289895889254650646703592    .4408475665317307092798456272    .5013957502020590303209734698    .4239795425424202607943934959    .4480081759256606141574467572    .5334512586619429333524236525    .5372591892307226170466436189    .7008326964957573368216171008    .675681764922822733646113864    .6878073968540824104142245649    .7186824021027860825654016213    .8156248287509229876193758957    .9205733039137883047948487993    .9617358354621960773792944426    1.004439234359933835533780798    1.0000000452319125125898989915 
-583.910845    15            6             2019          7 
   .1058001072064349138779910827    .2194290465696008780244525172    .3089118853409889997847188469    .3556727911090604936443679172    .3372398400992192566658014375    .1353096464580992668495478963    .5729986056347352137294178874    .5644574044518731279943944182    .660024562482650925930310474    .7748643545060376468945357574    .8893953665135299893256820739    .9946561276833280943771475935    1.1189435948907576806524290536    1.2580655185467569111513933262    1.4115923810252231228895911327    1.1923621661796673771318633412    .8864574179984617343423378273    1.2286379096110126195720855296    1.1165130868566073644342057048    1.4495553683370960510247073763    1.5287868133362037487075616826    1.2766589392598111446277385035    .931226238827607320771718155    .9999999229334402925843927424 
-551.648714    16            6             2019          1 
   .1780245788808274100318123827    .5570303930772872244926505892    .538216064798077277852586456    .6134088440927644399439314201    1.0654575730598005164569276962    1.2104110515519120742480331423    1.3143502043947482128998491602    1.6897032048551100220637874994    .9493876931253029260211417805    .8185508069542966432076192604    .664289593540138298953779488    .609566362552963370091351287    .6258196407215770288191046159    .7854175836980198235357437994    .855886342191309812425303687    .9544563172860038607830417239    1.0451839827909034153934418489    .7584759818727684009429232531    .4835606305791188702018799594    .6912185061306967897690050629    .8320889514481855567236942748    .9394525661850813269547475098    1.1492728686031161490208785296    .9999999746215306141364448101 
 451.73733     17            6             2019          2 
  -.0940606790233607658680764771   -.2900358046566574429436681711   -.561432680358738561632708105   -.6910515896483471932682649893   -.7767212862395055994154833297   -.7158117749533783271796466323   -.6760632334724252255176697485   -.631913683113148962030656178    .0731507400550669567201807298    .1955448756028198953582162448    .3491208043399911182899141853    .4860410805544894861799444381    .6396170535651769137609238537    .7703390375110243822444339501    .9072593137255227501344642029    1.0441751625884006530963469413    1.1687035029847987103478917715    1.3222816896712963703929449444    1.4675298142838892681284497785    1.5982540119055469690760336322    2.4463110011297937232683426893    1.1391037796234373634784621408    1.0790113360788668937322492255    1.000000154957306716272485163 
-904.8931      18            6             2019          3 
   .0550652115702948779253593601   -.0137382415668767946180604096    .0719682137039170704252248138    .2189027632103725843417305315    .2623162890732618029687705653    .3342121848426073753905295554    .412340529505639947967334484    .4871891497459755190972281698    .555358527985239361422912828    .6734475044621292835584667404    .6631048463072599404283224173    .5791866464668589030019126016    .5066742137828214183531734301    .434163991304608245990603752    .3616548739293072297711188206    .2943673678139439896270620253    .2207929312313244514738812795    .1368736262880112579043867171    .0643634038097980855418170389    1.0469765986722630551608803294    1.0850141303983862845235531136    .9446385434920434247979125932    1.0404598067992782793901290661    1 
 245.657558    19            6             2019          4 
  -1.2167221820221790204395013973   -1.2327306453156226522450410421   -1.6174523724606918057860039462   -1.8614265472752114551264895339   -2.2610315942324884626590646155   -2.5189271807383186639020485582   -2.8300920421915127887089067294   -3.6346131878425657882669337615   -3.6464630166192566320308370077   -3.352655650838961771328851197   -3.0702417875537132873396062986   -2.8031464026846672472417885063   -2.5399792503025695631151718931   -2.2689597036538155280367966533   -2.0057844098572371219288925766   -1.7807190772449183102276055353   -1.4983056210303938623374250101   -1.1891842546118609548337201984   -.906774869104576867934183405   -.6549934848737688746380846137   -.6052254252238394391268840994    .3215721537051182443163421823    .8430630088735148950719440108    1.0000001709697040951616070367 
-598.960721    20            6             2019          5 
   .5517158110940633784898893228    .7342438069490703715110560647    .9156264856305994729828034917    1.0636612346404598374323113585    1.196479126049402494959264616    1.2879266919407892191314495229    1.3037915052195885145530269255    .4492945706868814858395363792    .4706584090010803897105633409    .3564405686629324062136622144    .2118300842635722685394590341    .0278379690276885452059551665    .170974483650656617932046332   -.4953448358093585238622016418   -.4270216577357165295652166814   -.3430815958297205268657341555   -.2510104498154562626152575371    .0274806167130949476735386793    .4239869011377125011841970185    .5168178632535070692891061883    .6482099516505690863157619312    .7902731905520061640235670813    .9083245043041812419616076961    1.0000001318951263917688519011 
-1734.82765    21            6             2019          6 
   .0530663896208940409728885748    .082608206065887870763415605    .1286843105134968306505836473    .1736790395287969960589456826    .2237158256037710720139836369    .2760656368371809153491414551    .2138738104618058168487226959    .1421692811963194153609437802    .2147212721678721226284351647    .2255245931778871520753084608    .2187164240782074230832094473    .152408857444715041289548273    .21061296780691730386012697    .4022124618546401424948466783    .8278113390687541785490910293    .7905453893359377803322422259    .8116252931523197707852996233    .679555689581037055755942096    .6186153419908888355566617814    .8392885598750976790115144868    .8559409345360618387653666922    .8448706705821756991249245999    .9486982755895088483285356906    1.0000002017491478188049400757 
-1341.501837   22            6             2019          7 
   .0690806955637437565432122476    .1559746652810584261615140822    .2451769285202998943042073523    .3308951860943295897998833676    .4085348859645281275898841725    .4302568838003014974626531205    .4912594092854753205977160358    .4447608520121616501371961968    .5066353852484512102833594554    .5544614099548191673478863824    .6150810064078950642540193555    .6728513335610139757117604305    .7305175982401580565260157747    .6705531630218706886496794264    .6434060514819854100579960667    .7390340979458532042248705471    .8176507625609759042022094525    .9747582626679623398831022249    .9928402356708811573546879906    1.0159486647054065867820350961    1.0219963642137002902963598402    .9907410957947126538299328471    .982962500408413529440437136    1.0000001215056107299240321502 
-1007.2874     23            6             2019          1 
   .0442207159545527919836979992    .0991078415157382093730150898    .145758102404537175785183057    .21808403440765763574526992    .2725630242173187116209336084    .3549571850099584289449068856    .3984939154406180400946145062    .2842783499525557452619778625    .298445210373921087467191588    .4627677264701216355927811665    .7069831311302017676385111141    .73885199000801558720976754    1.0872716168195889276486532046    1.2461577500125584813232052739    1.2812748377473996001538389143    1.2169426521169628449636121727    1.2696068669180216093242107466    1.4007730067903162493643820026    1.2619953351943050215856963961    1.2097014218583494641152068417    .8442656981512922726919844326    .7683211365495091073312343627    .8746055991567054248866808023    .9999996028938712029952921083 
-1112.191196   24            6             2019          2 
   .0858081419303017032693720406    .16670353143129897604404342    .2715471054672869393941866808    .1642868606199612463035537282    .2016971549557204011530405964    .230718513977519383276973899    .4849410802205271187922620456    .3740436909554533103856722131    .2486812528230083202348960151    .3631095098148933737828293329    .4267929846119731377553540713    .4952507284547862937767761291    .4961687360812376004458139947    .268222317415287290225951402    .1974287341868151238269647299    .1325334173927411667804642467    .0651223730780188625050040407    .1363789792128510968720165988   -.015872684537956008060326347   -.1177365011258370004216433305    .8513405819119611157216892769    .8806673740294559929244395853    1.0144847433228557943017560085    .999999823771307752736427883 
-841.35984     25            6             2019          3 
   .1835006767140204837920478829    .3150172939083947719681985297    .4429410369765212468424925059    .5726145664380653110326730118    .7034881769493537984888843756    .8308878873990467622034348585    .9516438293513034803277513222    1.021837457799269335222845911    1.115610533538182663912268501    1.187546460501371208780300234    1.4026245892601672074103275478    1.3315170831067953041352674974    1.3145469363025456503842636463    1.5277898217723346529114106516    1.6982602830199264086576796915    1.621420390115126008391367955    1.5266904110849883208116993081    1.4375822834614972827797438014    1.3506515832749991965387841664    1.2939540827144780288063190656    .6301447665959430628397951583    .5955078626048992307500676524    .8673016767712611526597228601    .9999998336027067800146011248 
-141.72063     26            6             2019          4 
   1.3015402203617073957404789973    1.7076434108428674075185807458    1.9567031278367870648048911439    2.8187646357485145246672979086    3.449124520544397805739362011    3.7820097186979764343412811529    6.0560251531481337614714244496    4.1571343565153499529320466611    3.6941608289491798053677859039    3.2774819022466947825450677153    2.7484474208165741289747300728    2.239164474501700987358015555    1.6835855160959981620177669264    1.1743089203032755358200143479    .6384868596759695465649567039    .1557553759110441436790113056   -.3998165263589358867512796126   -.909100531094167447604487787   -2.4452276284687698608170172543   -.5854564010899471728286841513   -1.1380502612781216115113233691   -.4250363549752777700748296137    .2103190622282726233999947643    .9999997883159283161527012687 
-1074.913139   27            6             2019          5 
   .0950653557877851933113267118    .1732661861155276100871997993    .3819313255226662551754332961    .3267278882893997260926587297    .5082242277810691083198304826    .5383397774245645349768117403    .7171495742596928103973990032    .8029566005704950267614135099    .7354804507604032552438639416    .7443248863292571587033136079    .6243356562041242292415592103    .4470111886873121568569830274    .3728867807615476546891478643    .4784021902257164613558603083    .5324482316147407330184285709    .6361997776268692534792804314    .7040416314047864661927813685    .8131563084373089982296699789    .7336017873347438913387400691    .7353016456151067663151896779    .7334109812197578878045512476    .8266724703232044128916355166    .9237060781708427884422761717    .9999998706872258261604522075 
-1059.546762   28            6             2019          6 
   .1867409793471673126589197202    .245976873647413402222260767    .1644777807362125655762232418    .2173416108273662017004965374    .2470487470566211781788258629    .1681704917522082899820140265    .2998342417661033822309014805    .3644808458203754106701710632    .4375271735293170571739239575    .5295458587791899646237605132    .4275135522522601036460908933    .3576245179445888392040595939    .6236372227241066307935165961    .5940745822410431754025784093    .2007527252487606582860757211    .669552987600937994277972226    .7904215557406422426497868907    .7328230596772849181714548999    .7254948319119114065113815147    .6609786609871212083417230055    .6258308021708625635911291662    .9623926348236058315659313959    .9761154836127940524063439118    1.0000002246243474433835323259 
-397.272281    29            6             2019          7 
   .0933391323116248324408014764    .1400296035252456991833266112   -.0999921512268810921645952943    .1720177401453286895694592898    .3917965270776090215063356006    .6950769364148011121873363221    .8618109452242402988090679299    .9954467475167239266814087137    1.169287217398386775441803351    1.5021491016132585399281859285    1.6930033434676002477001409519    1.7138578062535402514025387037    1.7218498060779629374645446255    1.8704806137733027490030194178    1.4733142179632713916931949249    1.4114198921419337585246729056    1.7126035027850332200750749081    1.7447096944576407534458715482    1.8106697456699728818985989108    .7269724413518797703381676407    1.2662323148591381335261092631    1.2194961067520338777424040818    .7458967417865229817028185765    1.0000000478261406815845780089 
 426.6830462   30            6             2019          1 
  -.5824738109784311369247930526   -.0922614346892698264419581244    .0433830454827197209599372172    .1884668273468419800552178583    .9917002884657853087203350898    1.4250873228156867883540482701    1.0518034498835918360423480074    .925860316031464575214706527    .7717738094652236032526946931    .623054518729082796165712759   -.0608799440974835714013893248   -.1331065541642793305810049314   -.2233019822290750299794780081   -.2021197954032981214804123614    .0726869986426941375858209573    .0873743644891039966518360344    .1165368074565883700677488976    .1162976369507319787199925545    .1349318903404791526024311954    1.4473553742056320774434369828    1.2713324441434064178198416546    1.1396023449501659623240966728    .9876670839236171179280382666    .9999998917229067068566362926 
