-922.016797    1             2             2018          5 
   .0352509304665086269572592179   -.0119536759372074649958898742    .0628234867178889366806188456    .1474911307933579869478234679    .2045575531960726307679186456    .2709577534952435362194383103    .3921112946926063430490843867    .584167557199069118477241798    .7547655338430889779115379825    .8054576689018822723248066814    .8462583355734678660089529801    .8551917953833112218236518743    .9172861088343057593993051734    .7142998936059513024251335846    .708742728035137954216684406    .5542791646126594372661954878    .8805942610175679912260860905    .9077770629812072718670872544    .9507907045211888910956575556    .5936736746890306381262162624    .5453476570449073933736588966    .6068874252840753832817646597    .9462129137328503571719637554    .9999998947958428570797501426 
-627.844265    2             2             2018          6 
   .1465214944664661387008130113    .0504913427854597031319542275    .1303178902175685239396110435    .2121844658404262082413064647    .3275896770355941692005421121    .1688068298274572914988719376    .1661889831867780141306220261    .3833141646997444501623344445    .4418493812315065106153354765    .5024680762195064408209574073    .5971442615630167458804453681    .6578757233690746542058483245    .7546556151149998957145845714    .444462608892350079840261024    .6012863715494797105457354142    .6898645478588547750770646921    .7461498433851267240611013625    .7948679757391747458264988691    .9124081112694403603415888493    .7580844909047628236279262661    .7949378975373773622030297593    .9124624241013016181648167161    .9548151244162435727592414976    1.0000000557463083619948332251 
-555.29965     3             2             2018          7 
  -.156807590280310819572819828    .0722881600951846449029816604    .2680185373788728301917712356    .4426937780349762511105490522    .6282768231530489889557827022    .7424456327318052514529767847    .9388547246518163661727501539    1.0235245060932417299380613692    1.3632236216968622256469997775    1.4403405440648125746162454812    1.3221827170249431995860253108    1.2107996106246420288577527466    1.1230486098811695631358672745    .9981124605426997838014124446    .8917680751284464162727277066    .7786489690746248444420953624    .6790829059589718812176452839    .5609214772600703061851380601    .461353613314901242959544455    .6127637573695571391049859297    .0465599248982058605655523104    .6423513863190801578931303126    .7094893720894655705257512768    .9999999099585241949999428237 
-1401.167315   4             2             2018          1 
   .0410487094469513799642121969    .0894510588837136841148767448    .1234646270634710031042937938    .1891419369855911890151391378    .3914404754724099455602844975    .4255385446241300597280917875    .555142624062708742246103564    .6007166959928693455142436005    .6184176512852785179334560769    .6131329148225242465065637076    .6509107729222187858414325059    .4676114643739031266226760364    .7898635574438874203970423047    .8649844933044273873887787627    .8308379645581441499725534206    .5126739628521808617838048841    .6903414671787430325549664995    .6719200411836612103673000679    .8427437518409427071170297746    1.0814218857224770476465189313    .9854590420559446178631422044    1.2639918024351003363220758543    .9185626771489456275248612975    .9999997751874479030364764111 
-1235.8693202                5             2             2018          2 
   .0431712310743062654756562344    .0362164423603918831223366103    .094108008103298816722256878    .1472730951606965864059645746    .201667276569068438956140049    .2009074875002306089287448921    .0896059139829434532798429767    .2220804380479191055494574288    .3546987475415768476975256821    .1008490120782593725883155069    .1694459896181505679551701198    .161182251832065504816954999    .2398626579321731754078702795    .2965069154242769105354477267    .6116662074576515569692026084    .8070155021233126003769860392    .8329432434113756876153579591    .7079323725411466039886568907    .7608279327201312946711661562    .8335719506600306332290811081    .9065950434133934090356101066    .7761831969781104045890369049    .8294258812364682891818257469    .9999997409111183792617947051 
-1885.2766123                6             2             2018          3 
   .1096383939902758852041162618    .2019314818399818750034997185    .1434693446231322561026181781    .1132011603006294823275573289    .0667088315738292045007617368    .1575360337375994509386722105    .2459129853811744546193137963    .2050505466825813654103855134    .6890002196628851692884282432    .7515894435625254374774169048    .7653799928274854141943571598    .7903948896825764754648253481    .7531637483518789207227678289    .8049211400064425442509373456    .8569867092494880996408147083    .7755243927925748235836214537    .850389799321863682146734707    .8060742864390754528005980293    .9849573202600748138501691421    .8583377046330741245147732001    .9637906650649431599061904938    .9837914436000347342769611464    .9998707816675756679358452146    1.0000002056462152400085762205 
-1034.20294    7             2             2018          4 
   .0128930014451515676410666556    .0491750004114279543626128156    .0682826912095221852685895478    .0019409382069635191715854144    .1076259752268737507166630178    .2438084347352561190746566626    .4449719510563371633811058398    .0026448000621618809167183377    .2083394773563494220969822422    .1929700567279377488522707158    .2196630769585706263801570705    .1115030672800059918607464024    .1899942384615537836316729094    .2860666785573052035609181308    .1936735936952567549266491159    .004878018428375382495044928    .1997856436184565478028906009    .4862671343788676524164589979    .5564834306117907574310318631    .8675893920781157322952495184    .897918352465716254877403462    .9141993930127485423702237783    .8132549884261593764179397904    1.0000000580156927420840633077 
-594.218255    8             2             2018          5 
   .027407656804485079308107086    .0580381025150430627547785451    .1979836516466495967883046609    .3270710691983032396068007032    .509448670505755498878101616    .5924045534413950308544458972    .6929889759108797490578609033    .8141138309525680930149141918    .9025587744691552769613245894    .7976422737130484151820613455    .7533105828261704952164419789    .7379813667959426793443092724    .4494187072728016408718375709    .5558758877241157796473284046    .6285964742029004140911153933   -.4839829432705664688810342927   -.2991772778842009826843842083   -.2609660654063884321426644828   -.2979726699914326933628116154   -.5998045280517341225068893247   -.6097974893080321135539667996   -.6539644259161980811242495403    .8479234620619321094401584818    1.0000000757297501740332767124 
-1396.8329065                9             2             2018          6 
   .0724521877520645308480209404    .1461740334508650122497668979    .1187547910906836872975686874    .0957582681347004764309652953    .0903695777874345201789531295    .0839731076309663098561889442    .0106602729150410375158211524    .0831928425076804274155321097    .1540436934143776201194469784    .1997739305119957094882486576    .2003188775822271194468026373    .3902099509996044040075025251    .4305104047890641528210589876    .6056502506944627166828561538    .5684410041495539466659894299    .5377315328875379698108508156    .4795551399762216297701460257    .600007915119946381360539633    .6470874188272138905255665954    .6828554049388726940046497251    .7613509067915132195520051632    .8549834374910611400319269326    .9431607702463587401174959362    1.0000000669371401295807030016 
-2208.11795    10            2             2018          7 
   .1243626501020925988124864435    .116056572068534654138380606    .0969780169578350649248605583    .0805690656153580926236300013    .0749212694910613810281285019    .1017523090195430909838851679    .137135790232582457834736591    .1640342627530381699039220255    .1956932146672690197550361836    .2236794461092986450293563349    .2480050941119336491965929628    .2856995931761706841792577249    .3159059505856559881685668105    .346018789440120261691636536    .3801524279986945443743165984    .4209905091347135690826660777    .4339829763170033557310650004    1.1122154955535776519546883807    .8957546855683139571416463509    .8907481595355900258860718921    .7831751016742561238633108345    .9370477695722730753581347409    .9668650173329735397513525036    1.0000000226437179227676673703 
-1039.625263   11            2             2018          1 
   .1008372956400541028407079023    .1628549305462578009707330477    .2133835218277107219546279918    .2670894118124176441833926462    .3339577368465698779387972606    .358468491737681060949747236    .4078519588649126545898490733    .3654257101291698795511089845    .1682286937653995812912445549    .1056686518784605564168557531    .0323421921308197374961250821   -.1639650420845919747527335722    .3229787808648124396338375629    .5346175393969817372550709168    .7163291683111013434462875302    .7403408010488102192260789646    .7479731665581889577456333898    .7467437812734260190828009919    .7596947939884758264093857442    .7701094120103158747499578605    .7737752521314018895672026392    .8800974087140858561456485114    .9152526721544280133561933267    .9999997470242313647970672679 
 15.34257      12            2             2018          2 
   9.024478949745707531397933984   -1.1809885827472190121993903238   -3.3611461443552155864369528703   -5.6972788783104786225515021277   -8.662851139020385763271733484   -10.795557719469423962217542433   -12.073211984693568287451189729   -14.724195490064571971970797591   -16.964120092005446284423013876   -1.153554456652307924943474268    2.88052001718095469012036445    11.493361281714862633835139745    11.373029420755453616962477603    18.960552241247717950773566619    41.958596245609438314441452768    26.42031289412399617534741572    25.244955701684919801571705392    26.297002392689099674956672839    26.448541541606132479760561627    22.019498688941943885541991987    15.196195943704346794572226165    13.130961761947313911554583098    6.0516243367310691755031914471    1.000000651781285664657224963 
-1955.590058   13            2             2018          3 
   .0221570363495885598330240642    .0426112209249122701359120941    .0922989965415338596490246628    .1121456918349704557559169182    .2116604133400641373070429058    .2991922042180887381050492127    .3403956761166966415412201896    .3675941167011189622237279752    .394950616996847096877601328    .4265879224468832925514903594    .4167698115798050349875525906    .3640056345592241704881892992    .5035132470488352216812098356    .6389120229409552459485862246    .6524393979098455817574012232    .614459556635770133374241157    .6750192836171598086535168916    .7448831078072498566568188188    .8003553677301421420910087282    .8330856425329607602249325814    .8304547230419597479872236086    1.0597149394998611718243865198    .9715052458095489049576667463    .9999999703414323657806200608 
 594.57494     14            2             2018          4 
  -.1134065791605680521954053428   -.269365035801878901926139033   -.3939666545650242171323264987    .1176489375754719833970802739   -.0898756176975773651005203818   -.9418742068073033821438892127   -.6502457032581965193487636731   -.5572547339448917911003783644   -.4516078326476390007288231825   -.369653487245863406217557706   -.30197825021014171905731513   -.1916221023375119038821245981   -.0859752683152101903252094681   -.7531644371019067840296128189    .4008177673953093280386152837    1.4182567129384901422182374521    .9771535275267403634603234371    1.6792470264555717736775115345    1.51573492148861840695808673    1.3367541188331953580149207096    1.409415607055352854259212472    1.5107641435409302652412494882    1.3031635675731641162003901476    1.0000001009124266152219600779 
-533.507739    15            2             2018          5 
  -.4866742898363091973816709714   -.4894108949373647230260702929   -.4310998382724491274905386143   -.5226921366177220533252658215   -.3980527075353259308577714934   -.2750479314040466055919762394   -.1155868331274572195099872769    .0303490255461880000957211982    .0887250109787067212533912278    .4476720439851014044990263956   -.422943255561659247083574171   -.4017430007702287520144107975   -.3639321153315078715287389674   -.2605791628450960483630397721   -.0294666016081914792992346827    .0832080150949787815542821957   -.7022979661031683740955067945   -.3987316105268343633155806949    .2426671452651598742787871724    .3077929109478203839138685859    .3577415772032502793741104475    .5666230832314130685928062985    .6648224085086795713754397853    .9999999268989048348181505948 
-1210.07375    16            2             2018          6 
   .1485043370290447173157834388    .2785180655311298175007928236    .4191804838341464724774006543    .2084583687564497618430281625    .3438585458117738691546692919    .4056554404225362297132716084    .1490052155911984703411672222    .060817962541539307005048246    .1157535232873202976264876418    .1405304428758990929271872892    .180498502673907272180724522    .2436301919614403667545056655    .2988013747095993116122054544    .365647465701987172269458783    .3894245288768556461951182727    .4899619547982096132570432174    .5666065394774492050587825742    .6459712063004424317112903242    .6951187892473495933615616404    .8653613054576219011444550384    .9497065778015596156845812084    .8944239968844874124407706555    .9506660234551819672148081883    1.0000002065989779548560573271 
-346.288429    17            2             2018          7 
   .3468478584365289317824708489    .6664972914818357964828215499    .6746361715713001776331371442    .93045990860988312144845013    1.2167761458757837964028535299    1.4159514408724294972039045521    .7748494536038915698219879013    .5436008951947972827010052941    .5080608685310706699934233148    .420299056541678439968896564   -.2969934637925773719687295702    .8355635815945787781433493985   -.3051984737266517213025330396   -.4889874619518401523026344031    .5891022711590516355370337829    1.5583463229145320359520300345    .6254797500034285003499207304    .7449983262363063248642362232    1.0243492715721090409289996808    1.1079154481364435079059485409    1.4383841858025235951502150827    1.5406755043495836818734708574    1.0420804444493870166248032504    .9999999162547819349747894695 
-1026.774019   18            2             2018          1 
  -.0384495509912196171375855586   -.0509538701134587239687450642   -.0721027203942136366035183054   -.0149479239988443844721006716    .0451956994833154226899073885    .1231390721428061377544458495    .1948295304499713875210549129   -.0309968010594938904467936289    .0240991099717337121285302019    .0670442655600540667751352598    .1040184091374053359252363397    .1107890323430554196755537501    .0810242160987129535072507517    .2291133157314530764339489973    .1025653143255078798405007168    .1053838507770033476080777225    .1962430839419204275756026897    .204980157371901713457749655    .1941666776825602557440635825    .1956001966193108359123761584    .1932587856023653438391101324    .2033475683416177284478017163    .8932122190754419546722091339    .9999999814954414034506262668 
-1179.815711   19            2             2018          2 
   .1549202119414732899755392391    .0545993746306366994972149511    .0164485095587949837023317958    .0071078456760777955092005043    .1339205763466901315064789809    .3641745028431817517981840132    .4766081641033512224520631087    .7551329344859012476737563974    .801927446107725208958503181    .8950516509946696242969424231    .9714423950402877793174259569    .685979168148236330784037169    .5452233717542010253837007939    .4604424190448842056486226941    .4408546988742379952931479483    .4857687473192158567551063914    .3654161374360609781708526511    .3540940301989248556463747583    .3387095936036403570150457167    .3376281535210035866355741384    .6352288692314252458704544239    1.067334489835421423710808679    .9245410023193020524202868494    1.0000002449535103707395874812 
-16818.71456   20            2             2018          3 
   .0028179347375760445749547223    .0074927842761367370515621617    .0133349013802396085138149821    .0164179550711157321644918861    .0193786985823011672540092148    .0236256759446424661838128014    .0251565955585133612018444292    .0281650953947814665807610924    .0304311009128631052764593681    .043002370806630777376127846   -.1041727055744740577843542402    1.005503122112561734325551215    1.0250932042692328087171009102    1.0261378738804162212977113514    1.0284602868008956803414588659    1.031005665631559419247317317    1.0122771237518404022429642804    1.0402311031313441828220194255    1.0348210582866328162477596623    1.0170283786539272832513069298    1.0121766404483173534517729517    1.0082756288837331929842800067    1.0017911856398138431811283442    1.0000003234492137073286533023 
-371.58202     21            2             2018          4 
  -.1359027543905380567122165922   -.2116445515851385920126059921   -.6108298781518007787352036032   -.4456012161191222330940555197   -.3735361038190168620107076225   -.1457510242287826520777297029   -.6049068251472447455880669361   -1.0442313651236408047945915144   -1.218219869734278316265141139   -1.6133789250620899256643257389   -.3738251382561513606067376457   -.8745248222720787189864568797   -2.1171037823627741729807055788   -1.7128056949580068486629143143   -.7636058386248075189429240952   -.2983047995702267833088371714    1.4357153233625243761794502328    1.3823088103132654265671950435    .8329046706834738666849380925    1.0227712309653734053116994197    .5794349252959010234133503015    1.1741117075578629988609244333    1.0972995948512255786757389391    .9999999461760824702982130298 
 520.612571    22            2             2018          5 
  -.2240055398124452895702359058   -.284037129022764223647607618   -.5543302564624395133939245582   -.3178144540040313394583781574   -.4487965005362884331888328528   -.5058984639846508815861843643   -.5144118965194945321441344911   -.5740401147555078918753193149   -.6922644977775613489748022239   -.2804630701090004989526078885   -1.4706442806967870931414754485   -.4643746875639697144385704816   -.3257389649163888514708954271   -.2339939655433329903207427544   -.2970091553935988226454101509    .2743890715616238932501689438    .0997966297667445298780539819    .2330569923944460419108857823    .3590892929091410664380595604    .485121017179587083001881643    .6165271794791140377591842668    .7425615928893887581519809286    .8613660617887768983588373628    1.0000000557036107374364573306 
 441.090157    23            2             2018          6 
   .1338785258815013639037064253    .2804462943388691396258021691    .4228561826647154132709427021    .5630792164786393091061426701    .7118336127369081146827767458    .8605880089951769202594108215    .34813699095987761975835702    1.1348469061394176610474669921    .9924383780796994751347398577    1.24313542548626855892411129    2.8389638266174232493698561494    3.4742307795365290819672496115    2.0432097286632492232194607779    2.0546039978851761137802945805    2.0628655742141169565930712891    2.0059132718302757320426898576    1.9425835884159165220274910827    1.8280265093287946572791013335    1.7428033425828633940702512661    1.6456801143263779517981853311    1.5732074021320770483663275216    1.4617673728774682224432407817    .9786232885718191167888609221    .9999998707747178316654207271 
-1235.691937   24            2             2018          7 
  -.1317010292995057391881322926   -.0710805722446014471323688826   -.0054664409451431097263848214   -.0479454775304566869565970147    .2319770740723057740563698442    .6035770548205818712888469709    .6362631141777855591850479154    .6165485726560988315326362771    .6190654621063534543399711444    .5610242967863599485475966167    .7371363142592068236502541814    .8045276255614185495814237072    .8578788679107485347296556812    .5965673789129854943773093504    .6603096415607670991867935123    .7437445956240790782144595316    .8541335978629113608920473194    .7797796288444989667355901829    1.2972003393431545875661079109    1.165139106997345407134432083    1.2455539717582538535249825782    1.0170059076787518117470730085    .9771108508900143450559716649    1.0000000509835810314913465362 
-582.75274     25            2             2018          1 
   .0750906465064411365959429037    .1940598340215440256874639491   -.1123163144629744683825939626   -.4578744666219844800729722867   -.3614646239157966035475011237   -.3067501664599637918476367867   -.3708560855501082671872121957   -.4526235260601262895820961734   -.5285423454208040274508190215   -.4297936033728472902589870277   -.3554466341934316773868793822    .0692095415973505332639019424    .2750241895044543248308021683    .1753453788994625748134620525    .0675544657241766036140816772    .7728897164859319237177675046    .5577042846679708447188081861    .5032709069716257361569848646    .4399425046032387595466303599    .6637938759412782855383914626    .7324818412694207152076196158    .7885914015608060461457461358    .8791545107106660708279123664    .9999999313602540933569870474 
-166.82909     26            2             2018          2 
  -.33140994774952018260124778    .0081951594892713255224253756   -.3290062302683542780218965409   -.677194846534258503717786868   -1.0704955592576810195392182502   -1.1584412526616311339946768276   -1.0095589444262987947725423666   -.8954901090691077916926838119   -.1199764381619536496902308824   -1.0072553893328795355773984022   -2.1424764709799711788873271442   -1.9839543571208114843760161972   -1.8248825789315280686359914809   -1.5048652486206092714406102677   -.7470825381832389063561996292   -2.3550694905786514809857201763    2.1170294701002085427667321089    1.7515452490929489575229355983    1.7515512432514017789103806776    1.6572937009966307434752536263    1.5628934977706825590189336884    1.459195155952717838357806783    1.3107084621752717107070475539    1.0000000599415845282138744508 
-1986.891464   27            2             2018          3 
  -.0652407050655082989475262047    .0130630688541727007993225744    .0327903869841176186159305982    .0610611108851187857335321463   -.120607141528290344499663118   -.098571715440214906474629658   -.0739915605173690554442887274   -.1197267210163020761762153305   -.0316811517591783262097702585   -.0092954146387132498144347557    .0154130462357253350201115968    .0256872913919771110355930343    .0160667407245955131850121029    .0324909242249379355127170651    .0724155811260760441819483301   -.0227128309812900781579884023    .3579205069250828489139857717    .7701432250956612897301168334    .7681682807813401527603522887    .7389321594065693766551910658    .7106200945458387655542316025    .7648661376502848572306312953    .6534916594719438585297581207    1.0000002697681326391767114663 
-478.100152    28            2             2018          4 
  -.0766834100483615826166899022   -.158132704379479051075474245   -.2610777249867931437093540184   -.3375363913291539802731541487   -.5675963474698916222055499367   -.2574249338452416973923070411   -.946634085152936742843788094   -.8908386626072438479375342261   -1.0617294260973169487718548142    .2579352871655225911745788359   -.2781111853735616465564311304   -.2245263875172330001685504589    .0926100312137110552518711603    .1181301444137587306184332692   -.0374937550741460546534191439   -.1025160100764828872089544954   -.0272578035072450677656341762    .0899184194361017479868945953    .1760237884216359755518337505    .272775692403461105781033092    .4227840111625816843496841223    .9276326270651342524567948684    .9130852566639635789113909338    .9999998912361776450554234503 
