 931.79927     1             11            2020          1 
   .0499432780195245269938878574    .0860807285242882836772344756    .1471531524166143637352280819    .3371816335507539086181082756    .3709185133832525968817296884    .5465248969340789459944522172    .6126279751217233728890987433    .7143913087633133689834292315    .7025710591080415849649678305    .6772147396080273812620608728    .7053806771065618027367632516    .7194652556445982190992701679    .6548204314433515278456914868    .6859891615927108421108765196    .7181945957094385789763497024    .7504000298261663158418228853    .7785669331979622606916187002    .8148087516745961820725616151    .8429746891731306035472639939    .878183881813944756578313267    .8419979766672279105777792678    .9144568228734499867122669027    .9509626467082336306187490359    .9999999248765241037374927327 
 2553.9299363                2             11            2020          2 
   .0018849244576279255699642742    .0029899923609740726621514406    .0032750538223917368472721011   -.0018589241359056307170473258   -.0011375711442613078234114907    .0015165032309426083765193853    .0005383839941952443607448387    .0149329468510212552458579363    .2056404103085417911431057609    .270882920540203544502380952    .3679748949423049213662173556    .350672540883203867866420138    .4137791663662406164340946176    .478785256643142469906448232    .5862361291590769627332004112    .6330518222212046044686946411    .6798377572234419640057687983    .7267114001916717342329231696    .8232132644350804229225636334    .8334527779112747620131336177    .7826279693857708119931246056    .8172033109975022457705939691    .8394572496009784134969732686    1.0000000249419528290917899916 
 1852.764398   3             11            2020          3 
   .2542379379204802703684076296    .082205379250816109431740063    .080813351207323879072076168    .2055301259086477761647922166    .1784300801315375879756083266    .2167841741959033476635273731    .2623732410471328583894777538    .3270160526907965769320660273    .3920324142584263970728565349    .4709631191866198629319732859    .5945143382445326974595719752    .6738050457724738728491046923    .6176683885092658176174648192    .6298026890302973103653085199    .6424583726268254858813408611    .6586547114772441779184057918    .6733403347704007425557191649    .6854757147594974458268924487    .6303235323717613878718323688    .70306564688210292348244917    .7814161377252457330519150012    .837498821585193262117075719    1.152406103174700575178042686    1.0000003249198876283675222045 
 772.87362     4             11            2020          4 
   .0751741274336676156704636911    .2133702014567401071342039077    .1566300063391994152937966753    .1920680123614517985489011774    .2411398127419590281785009042    .3392359283785620733180154344    .3998849126199960091793532816    .1975752516950960235905062978    .2266679771008357097244436937    .2508866844232566768160621138    .299453486328075216230048064    .3236721936504961833216664841    .3576324677765557582363854002    .3964602906229352219318858367    .4243005473521013694321718472    .467997212791400487960761295    .4970860565793408759377762175    .5310450368328006848001876426    .5832308003991648725182262011    .6123183503145054944429336325    .6935942515414098361902946047    .7495011927047011903446775684    .8376140461360293290900522649    1.0000001035098079812841845993 
 554.19814     5             11            2020          5 
   .0788618308967980296722035191    .1402059920302150418621036873    .2750005620733407730311040019    .1773404364005985296161405378    .2800146532429719089277347629    .3525002808562295066526206674    .4705842210152491670217442448    .4295593630104929619576132103    .842301636017760723628556386    .8872638944620059533220374937    .9346224077908309111250355333    .981980921119655868928033573    1.0225458353216414620229508529    1.0834843292689506319887684935    1.1223115977978561963416189019    1.1747206513540446021706243908    1.2356573408925551428231065517    1.2812745997307028132573667606    1.3218429423094058020476214518    1.3810401817660376846447012615    1.430139949585539929816437132    1.4757535996060903416240263816    .7462291374705804678449480181    .9999999278236480548274665808 
 463.6804689   6             11            2020          6 
  -.0661813728596322164390392334   -.0138566349694268953496565962    .1724067657834444533792611509    .286106292798393950209361514    .3822153657246700562935873963    .6629008996846276265487101262    .8071075343928509385614969559    1.2177202575288372255180834942    1.2561745405878146962855609724    1.2677708884192339980615474227    .9737315463623143346937725632    .9722971534029174632764006852    .9211282955549995994234985989    .9383194444919178695214608812    .9601838547485130012557231522    .9057998517737437527854432344    .8839136592755459922715757071    .8754429552812246994343910352    .4561600373243583907184924778    .4474365730611432272902448318    .705435147561808377044625612    .7472466994824504241696775941    .8569972786274500767526289913    1.0000000670720508754212916558 
 689.621073    7             11            2020          7 
   .1482422797135144969678152512    .0360734481209799109488639423    .0803657721172914331752156303    .1305851046695030446089631023    .1651941978866994396500989754    .2293563903317670224384224987    .257578990774256690963966526    .3296449440140585727141780657    .5940939394698572385417810456    .8414734159377986409066707856    .4946397570423431651718102298    .5915013562817852000296980484    .5709001876745144068415090326    .5638165874319214720400517691    .5486966898414370234884049142    .5356492347211089357183840001    .4987563655845534174968577273    .511822816644119574344851843    .5378866953504479118491206547    .5824472536093745499566542393    .6009039111831201248689220377    .6536063320095208285492749146    .9272754633471010535665577029    .9999998941447660779356723631 
-647.469493    8             11            2020          1 
  -.2211041625091670535278794981   -.5412040316778291822932265938   -.5717877120119387617232492528   -.4986475864740085908572683902   -.5290505633135675783878206598   -.5724194020057096342607141183   -.6288992831358001912840702751   -.6911910211034452552963757939   -.7302384206694970877956098543   -.7765850058359429144563572511   -.8214442622395492539445406735   -.8721138310063977022003104631   -.9227833997732461504560802527   -.9575078157388953613602919203    1.1912729608713780743334574375    1.2288486308651456416958937709    1.7514431371054574149642599454    1.3160867179266467771632909969    1.4696723325001507059422180374    1.3312349219826485322915438118    1.3222433014307285671604607941    1.212182208560056434967817086    1.0943457686584779369674487505    1.0000001652587514266096858404 
 2031.39218    9             11            2020          2 
   .0186484522156622656684638808    .0437938084412631735148256798    .0825903543647588522271460157    .1167492925959772081036562817    .145605660449081772087948079    .1781634799834663142200340655    .2152634062025383990598998958    .3658414693710202231850671001    .4888374139551920496218509613    .5026606925305777242875868509    .5137279793998222440730277892    .5298784796936650607762012749    .5427976984729753168588056689    .5524885893771630055206769576    .5686381051245358244905717812    .5815583084503160783064548373    .5963304436861620684195013491    .6087760956134034147950692613    .6272525869426158763690820155    .6401732825416311290516044027    .6977963260644234635185018779    .7281124809685936666350660068    .9682335195363408359679714825    .9999999113908177002040049204 
 909.93931     10            11            2020          3 
   .0543530864712285042394750481    .1148359004294473221516278926    .2060281360962414075725555807    .2820237538699146869476382991    .3463760676522481482858455692    .5824468667036705997458226088    .64068877296882580004154343    .4919285221340750736441972157    .5331785259392739060806154204    .5620211088583479265227040252    .5867293501145697288316953798    .6114374814733523272008107881    .6402800643924263476428993929    .660852865011403892420034035    .6938319875421142097927388146    .7298860404217507648944191674    .7556547919662905870062916614    .7917077458715351027092125518    .8174753984416828854223255835    .9165666224486993533667646472    1.0460752596785823001756018212    .9813323703973180365182816423    1.119452680860660915946141507    .9999999890102560796060124054 
 1865.064779   11            11            2020          4 
   .016300436500817111832875377    .0301252538960739229101060623    .0674901490914916902197315046    .101173858476472789581321025    .1241005688414214592811202297    .1635549088882343855575002524    .1769221121514728899397654648    .0825826543583020501616582187    .2608650945951942187204855258    .2971335399390972038725095671    .3288751720081675511604307659    .4585312047222998896168635438    .4507163555202175634458217389    .4393695110361633181642963191    .4339483588521511616621440686    .503771724488718147628479772    .499686558072093644957519194    .5950034618073713567243339166    .7799712998601428202725177301    .8645313654277098972549950234    .9456583062737683064680296555    .9638389080318373220429573079    .994287180198795658024701779    1.0000001184945437222263902931 
 1752.007641   12            11            2020          5 
   .0279255517242347460743751402    .0400168688533704859566876741    .1278054357526629074787237186    .116870951477773834663315832    .1049190058869155354328731492    .0636287750071519237169810951    .1628680111447071023362049367    .2094129565499994300538555699    .2735045149269414630366900323    .3374688478313548633661467005    .3407211167522527945413224371    .4054565650150609131960971853    .4176037723114016943947791835    .6648441323778450347523341652    .7118165302567878469657884329    .7656901537451685120818488485    .8058303896404068251435211634    .8531817813002334959565396096    .8964099032716490304393598247    .9395444183453763829789141884    .9804038291862678012144582879    1.0153306174992874931188727618    1.0122541468984380987639767948    1.0000002049077821344958392222 
-584.582209    13            11            2020          6 
   .1952933193011352830958288708    .0521021158890588132831801592   -.1860679273597257216563701479   -.2012940150903566071406049239   -.2271078352300659905987662379   -.2626374830370521932869838671   -.291192748221319886250592344   -.2041389528500002640347202219   -.1861055610743022116158858334   -.2061468825849949874201525692   -.2627002629154593379012668516    .0413288834795860166178953968    .1104449964538691597437923397    .1409025261663411313292293505    .137368104543188381567732589    .1645618332527803630096447222    .2153401148066755483487524336    .2852893869029804839647454957    .3051875292359436138775821007    .3613115430955580107296765167    .3904451700479307607529328694    .429508794715988354684943893    .7564516900992448779774616781    .9999999846043894914359256527 
 1151.4617526                14            11            2020          7 
   .0494386894497011363432411415    .0962414945609544686495390589    .1441120381335365250758916089    .192764457437524442876575317    .1380247321642561694931976328    .2506143164099048686022330673    .2789249397774569208040232391    .2060036292689623115146447462    .2053652233485397316009817068    .234330232324904753419075919    .3045105920437847463766466054    .281096961552694129842346272    .3824160020996949265060634373    .4025921824613456118716070327    .5033570578365036004236273058    .5303272979941791598506282856    .5794110820385750431568438012    .4621160006387519154146848733    .5631388958737351637848921809    .9630897400595084255688719955    .8126018062582064091392209392    .9685089387310318899427767237    1.0168023361230313782286892436    1.0000002148573319446963279013 
 726.37568     15            11            2020          1 
   .0263488447190302406600397194    .0953844021870335746923685551   -.0884558524866911843744548276    .3592587240806300122823495412    .4445300261154117935226025189   -.0686548316155078319802777538    .1023806303647170566063004753    .2586536212225607553380641819    .2358789049765542811124953963    .8517253771491908980212553372    .7759713265730482606466119571    .9604476295241602802560790582    .7502946684558601962004014231    .636517456091040933529052074    .6498758328472671331727405851    .639999538530805436657791186    .6017189342022023644844496996    .5958901322246912231422726047    .5748544609863590146630459874    .5223396245865500342742752621    .7339545013401329736149756556    .8413369511490252537089347485    .9113132752462196972233431604    1.0000000275339614894595589985 
 1520.63254    16            11            2020          2 
   .0408052559496063394776492156    .0683338000908490357571856249   -.0022971729909186344256450017    .0554029772373541342210130529    .1129374095861449867434771585    .1396330766405932625905795755    .164377318928082388661760454    .2302927832913532154191570831    .2671841416730435085914970621    .2991407115357402518822857756    .3279241939673341463546479151    .3688116525508522920336822465    .2807681598080230480928679851    .5531876885917487994831414038    .9255575972351610994724603223    .5920517786631081825988019433    .6482350430301853201168508468    .7472548233118830930712557289    .8144354190921101819904498427    .9252853421116451973334728191    1.1630574471331515765143365931    .9086738338507474001575686392    .9486006395733186138447359544    1.0000003025056927954468210972 
 1351.82526    17            11            2020          3 
   .0414558165601965449291870756    .0240112320434077404353281577    .0718613957546554500690422074    .1282355827557179986413332741    .0579898100143505233805144313    .1165405801042658427613639946    .1653753681152547778253529602    .2364104366565838546322177764    .3161285801095327956810039191    .3947814971292961340284468423    .4675082044257702360140836546    .5381075657663032572715796123    .610775981505183591553837365    .6793581442619292378069633053    .7523731284618841935236511263    .8276654040330626755709536009    .858059125186046604869626419    .8021421348495884741789778362    .849539532942297586597841795    .9499874266293855168825592148    1.0296456510954677677793948014    1.0628674004804437520275364584    1.0347986839660031208471426255    .9999998076674495637106233686 
 954.56006     18            11            2020          4 
   .0468613048821673934272925687    .0962889333542826000911875571    .1534073193885778124846329732    .0616812000284193746803108439    .1201290571491122308218091589    .1917266473520796585601957828    .0979099418846416012838416893    .1517778776539215353301079871    .2549521085137377317043832737    .6199285145033199901533697104    .6395396430058052083176411131    .6709761143788060858108812975    .9163655977812438538440420396    .7677839569361408228205148244    .5481739933682119488636471968    .6173388398420943780111646406    .6377931840140053628474671358    .6537898725827686526084068508    .5434249993656763724222863462    1.04494514467743391652066398    .7833272429185859714264600595    .8708153995045633901757842246    .9374082758082293952252726769    1.0000000419041207318060217185 
 1281.2985402                19            11            2020          5 
   .0599706684969810909958609504    .0486121056457908543865521217    .1824785502085285213532626797    .216092027980287556094415349    .2485644758092732274854112879    .3095434729349580819884555426    .3956298115510800766929649234    .1494725811285990256215231424    .3146604693212776985882965732    .3278392090686626070660062397    .3483223355037425804756255196    .3680538806564075409535068165    .380478853838313301467070539    .3972727541861910255222501033    .4133892167841868895309617867    .4295041184657083713736677837    .4521725279649233771912479699    .5859157537811733159734696465    .666309273923576113038640298    .5648488445846744124777236674    .8997606442445863328237950957    .9342108512924379276522959391    .9993549198925404348166133968    1.0000003588546974604599647073 
 1987.941842   20            11            2020          6 
   .0873385711451814192459660497    .1173827599328733279914533838    .1394019654625288580248113717    .1910790305705532808036745373    .3728578393693269825546536285    .3693491351141850959641906868    .462872746354719566287996065    .357495317511406352299113185    .5032098921936167989767579931    .5133812159078243296012882051    .5636663891900716882239656586    .6079976659598877742219181078    .6547274032375842512197597781    .6992940993693315500927013538    .7373545689471935769034434358    .7805831977654002214014468136    .829371345361520893024193411    .823158386944400358368230372    .9183135851516525401450853913    .9636423760127284447992417678    .904812687171157193239458964    .9352084455999895393318050599    .9688764325531008165177500198    1.0000000794791862930163124963 
 1618.000201   21            11            2020          7 
   .0521570639780161560066456382    .0885192102643008262518751072    .1245210599327978699058270389    .1660934898734292555257846967    .2169190707041203884250938977    .3690132421683178764945035999    .3945037210783387288343111893    .441705569355488602933739685    .4762778765563330112342798158    .5721765049397543307227314739    .5708172962087289629452895229    .6039129657685376270234468284    .6427224170660038131849403893    .667967778577550374482308238    .7070759319392692708324329806    .7339102920173246628663428701    .7760586180545227262304895103    .833020910112977173851414126    .899316946376572174480218127    .9054912348555388096642146214    .8944430285642467605601984718    .9078979094638567353305291709    .9690283097807847552918814501    .999999875772574146917550352 
 889.27436     22            11            2020          1 
   .0662506900570033302208330846    .1593425003280202523774552546    .2204071193506579904091691118    .2783497547371094787889757667    .3441886033911963907291783382    .219297225661605716373066238    .4785468007871046681251441906    .5038280874307452201815421733    .5344271929756301531059548372    .5702340276627339171231699517    .6039783942494417583342895437    .6292596808930823103906875264    .6630062965044893456728022609    .6840549186642466561163418678    .7061909442660642998860329224    .7473143608908278880322153896    .7609861820372286456116872638    1.0230549096231673653561764673    1.0783279526916754914647488543    1.1082760780373787005396174922    .9285761932908984354389797093    .9623211221337810751678480868    .6836685362209251147193763688    1.00000015743172894358496966 
 1870.3701415                23            11            2020          2 
   .3144313454065049294949942934    .5060057252844035523756782556    .5186397486125609218083211151    .5210744538609819333453041011    .5297046172932610408654772679    .5437661655485746536122192475    .5442901260087293796226376511    .8486876286032713060181195156    .7579430234397804622994726095    .7739869065911304807899169513    .7900313243960112694089433527    .8060752075473612878993876945    .8231001799276744923379113941    .8386286570753621068752502859    .8526611736439549016399864294    .8707169580315929139847210291    .8897532969946633421489529269    .9052823087958817268148738783    .9193142907109437514510279622    .9368546690949193598426571118    .9528990868998001484616835132    .9704394652837757568533126629    .9839560411951753775363612968    .9999999243465253960268056386 
 407.65936     24            11            2020          3 
   .0942051226298348699757562294    .0433350285395139706837591071    .6593085462333061603197336129    .6896208638506423598368991209    .8821195715952652233963179455    .120459125481627602025377266    .2101756721592262716597504348    .2882850525006956788628623663    .3618979826686672912404120931    .4355087051110515406784723402    .5136204894203827430823617051    .5711354205138329216824556659    .6745737421557056852564356673    .7297227273280319137036372721    .8033359027988465664077969411    .8838111800008713156984792401    .9550579189448759375965266687    1.0286686413872601870345869159    1.1022803450410165977790869318    .7495834267119489173509961847    1.9900644498877690432521897694    1.0156136240806540048534639313    .1021172677109633886487973685    1.0000000981211372161306439769 
-51.940257     25            11            2020          4 
  -.43927699472106963198122027   -3.0305029102955728540195709852    .6129087886492359866451950748   -.9577245642046014520105281728   -1.8494586963634007432808813403   -1.986871185485277826022308669   -2.0677275432041085202947686608   -2.1978058368097793586196541153   -.458733579235081566885585491    5.6204207845948856202232499543    5.2573151495958135132061437432    5.4552406238575215367147682769    6.8765697482012844102792945364   -.6128433288268096170567658146    10.913511652435605006729173481    11.368207130742537527297949257    10.876182226052520302315793316    7.4771636189632253841177566757    7.8210587213690529101540641202    9.315546898429863371681045013    3.9293201802986843134026079232    3.7495155251157113065497538836    2.392750963862192672631558215    .9999992876431088895074200345 
 270.306618    26            11            2020          5 
   .3262191678932552069442857666    .5489299562765422191771864054    .820377250252896138858131842    1.0876844310189993202460178019    1.2939424220830582845737058499    1.5458230475141381851035552522    1.9090842237536337345613935357    1.6869623961630121834456898129    1.1551404190925136727506982459    1.6541696363497840811281949449    2.4283534190050796314576360095    2.9224922639518948071038349494    3.6560847355945979835388270072    3.4858854251211858971207282835    3.2880841267452800582189223351    3.0881371169388090971564743561    3.0193378395197116483474333581    2.856807597659336627858663823    2.7236847009051032557404865315    2.5631817863963656265345305012    .1520970899794987631416408754    .476665354897082098078708528    .9849692248378469224160837971    .9999999334089556031513812215 
-367.175678    27            11            2020          6 
  -.0431396765882733659716970687   -.0808456871699437564598164914   -.1385111080260604843221668947   -.2099349565305357725791412578   -.2618807719611537014714792737    .0149485582212229209800764636   -.1665446642138426173206385419   -.1903971428085713237247702447    .1572377841432078733711768349   -.0626515899018779778763014908    .036282441344058742365827401    .1027653035340755876537116383    .20752997697194965076090906    .4447544044570403162706218248   -.0492614873036334394676327118   -.4553316301086805646206228289   -.3445102918826774795252097281   -.3599655639500174082881383009    .0238340868536504751820734706    .1781196411381039241929308836   -.0187430824326005602146665063    .3801155914254211576617555807    .7895729956274500295196568004    1.0000000599168227041443632876 
-1250.50781    28            11            2020          7 
   .0976794379237023717588776995    .1940114232473286192430897333    .311923681628185912729325537    .3809620349352316320199551573    .4582673498056761436779831067    .5307890879945803777107157771    .5952733713834222274869278905    .6607780402427074805714328166    .8386920830186578362913223229    .8454965187302588697946636575    .8421970591291229120752152679    .8144043498616773932823338384    .9116520431807619018389017498    .9225212275963314455429110835    .9506793883998213493764585125    .9813629232751453187645425421    1.0142711543720786517918668577    1.0305117566598804368922733877    1.0365756931977897842957094366    1.0507947167479105948166769146    1.0650241360747678976910987865    1.1724277035902718592377283913    1.0877517030461409113470470848    1.0000001519382753795036274104 
 683.447345    29            11            2020          1 
  -.0032064006335411252493782092   -.2309401026351196082267317901   -.1808421686091998791801583486   -.7603002686329844473973338795   -.9673990320351599288164620787   -.9138908865027487962514507976   -.852193375628666755593292999   -.8041896775529942251805806635   -.7424921666789121845224228649   -.5847901859945040828273317822   -.3990509320070590075962618598   -.2196954909525619709591526762   -.066498583003493853648666965    .0854721587952031622860426797    .2494233114622751223066057854    .3993909728334667830189610291    .5631738901553564451991542962    .5859934974215167958549901163    .5708877250814398876624504262    .403587345854712479715609986    .6248392112782294881839068378    .6164173481425990468951196233    .8094011982737309485048917704    .9999999341573270725047589438 
 2376.34626    30            11            2020          2 
   .1154498839744002626957234759    .1436200631805231953023546324    .1809673140815766469992466502    .2207468704497634953249616072    .2550571901924764112448831426    .2929461129961759024124708156    .3335184831187017333071654297    .3724021683607674245250774186    .4046769682462016288821478399    .4327387036601307420577672885    .4623215137006170136165257331    .4943909142264477904831933037    .5222504905493023562988669841    .5152759177444115404292975385    .6913167612198064098621721903    .7587686316387242320485735947    .8027845234978508561290222074    .840874090461884119530627662    .8528008035327309581559044346    .8819619578503681529980399405    .9132562188138356570982210311    .9400940585148563324269081897    .9616687763339674244274485487    .9999998905883353884631274232 
