 374.517532    1             10            2019          3 
   .2326698019573620387950222848    .4806877772547107354109126192    1.112356470404167888193816251    .9288240743827180832752043234    .9420840677760313768168268288    .4786376729621298476355440685    .8529379073233880009654661507    .9463431474284093060828992112    .0713241109364140528406558014   -.4992313684262983982282570419   -.6303040040325802424651244364   -.6202564103193972772414830503   -.6202564103193972772414830503   -.6240025633833344816551872397    .3943161197591145078890458992    .4205335839925378980656104505    .5389985321167821857802907876    .6440777250449252666761672455    .6250556516003101291396953881    1.2054020477738275814548516249    1.3776484567883994279872590851    1.092016701637348181606622357    1.0863857235927742896693017832    .9999999145567369593795144415 
 665.2057418   2             10            2019          4 
   .0057188306729074598616160051   -.0018982036994798531668356685   -.0026425102634314032314626061    .4010246503257107032986828016    .5006436040357100838241742308    .6051632971638309451525543041    .6738201008114028278521392643    .8997321616324027947529060249    .7070173488391257298675349468    .7070173488391257298675349468    .7112250695849300319433893377    .7210881834874745213752152252    .7267435766442147087311867217    .7267435766442147087311867217    .7097743905853940721351723005    .7154312870364342967551937628    .7351590181358233128828955036    .7464711574141737211324834659    .7521280538652139457525049282    .9296746271711150163737206635    1.0596296088675763742483077887    1.0510803741832644535961520469    1.0572527502497874560589067964    .9999999371622982584423627114 
 404.0068809   3             10            2019          5 
   .5040505734614085876080433857    .214581964066741220693897345    .2425924028364735705668521944    .2412556929299567283681875528    .2247341921447952249468729284    .2182935840190042664196613687    .22275449814003403029663597    .3879763128064089365860105082    .5873070762345028168553650988    .4856521244462794494943959753    .4615889204277164082330856162    .0630409559937769861879597507    .3997946758733039192650047758    .5847190015025310921628909316    .735597619867171920734481728    .8969567527977219657300148721    .5403242130770352431390977331    .6148994280656569876753304575    .6883711965015692879997183236    .5134759079792692709061233219    .866101337730953482876682361    1.1071148070636734543795241582    1.4136662690687355567760083662    1.0000000472764225140206021674 
 1138.66052866               4             10            2019          6 
   .0133491937389696994329112271    .0115768744662757492655071692   -.0019609927136296980771466588   -.1193176513810359728993049436    .0015943285591328965000991835    .0567179491819234762653777577    .2123016420745559700571205361    .1365547466398816515554828383    .1241767817897375327466986968    .1013142170966100413697991757    .0829435706453655547933938163    .0671556781633491842725837761    .0671338103639715217736772163    .0392917633253266123626307312   -.0115556565533052944071303626    .2508428041640552497062790388    .5073011538213092765414064458    .6102150575270121790259967296    1.1255575895901539417115005136    1.0084480590113371182499772241    1.0124009491719338615262192099    1.0221527581795468891510561374    1.0358706307208757338466570747    1.0000004139425123962828206674 
 851.836412    5             10            2019          7 
   .2098186899293992612281053795    .2668471279201434277265903022    .3417707859147021294506485595    .4119922499861393574709036974    .5150978448664859374431155451    .5169053515406664724728860264    .4755217014602094750558749301    .4960536953426217239466866086    .5159401427418672025492143438    .535520075889876376874108077    .55937336475351326024321205    .5886231122977635757603655947    .6160156957460512969948037394    .6273655275492027218014719005    .6526696818402733411212762293    .6792932209148157428142435405    .7598212413582527157808323413    .7556763140573521292489666431    .6935071002811276867558932196    .756535281800092856326503216    .740525048135650721631749172    .7481417687977395359333383368    .7382917554832112530075786429    .9999999859127881469335452639 
 179.491977    6             10            2019          1 
   .2409673720402555931511078069    .5757962095431151220759020332    .9415301052703876563797611968    1.2971721850275235421803839177    1.3415741696354483855286746326    1.5743082488862440910102628153    1.7859160356788537684890506276    1.4719521419054847225845643229    1.280836635946129224483387355    1.4097298621876564432737848779    .567615342495224730852454759    2.7472113697872969553396807257    3.0445823213591323917503009062    3.6906875230417680451533496675    3.4222621549262895466352794142    3.4588320345928330824502534729    3.2279314634770555789242880756    3.0163203339166518846689175416    2.321811854576653306348060337    2.3305743632207026166969011657    1.9277379734917065401758876387    1.9945142172009170081178614463    1.9460880972969616352267377388    1.000000128139432103976435671 
 987.62254926                7             10            2019          2 
   .2235603066833929895036426743    .1284642600506271879246419789    .2408745124118998084691422429    .3069544131279163944916589156    .381756168166167899308257234    .4549360485305369707410967463    .5473792598245763548738194593    .605442940167807808483289267    .6265603194901277177426685034    .6619312210822131426634980394    .6671328034112609868257191275    .58840839593569649963178282    .7246615627966874151157734169    .7724874250508361666485022677    .8227251398915674854930762155    .8892312155671527543793861716    1.0085016798637204497802861355    .8314237059646456456607210698    .8310133265132006773435544796    .8208301851830077563897520766    .8160226805309951495061918246    .8160765472638273042421238814    .9415203213988228983179140095    1.0000000513759027049535958871 
 615.0251008   8             10            2019          3 
   .080507543408543757438785822    .1567660244672732550690718085    .1575107257801208753527348717    .1384431300271249026719398572    .1424881519242214317116860021    .0964026344987836958214762997    .3588438906199517507562514105    .5977679602373718272800614775    .9334306831595254461523271864    1.0706067104310289639482629714    1.2334015294876238000853964496    1.3431095721548800890826991105    1.4832111710781089473218456322    1.2210509766563335686217247802    1.0578935707724532598458784725    .945090044689115882016371843    .9618747254876267970362487033    .9725425827693307700523692187    .9847794817027409363256999608    .9847794817027409363256999608    .9832120660009328842013987602    .9938815492325349983504283017    .9938815492325349983504283017    .9999999986992400814870936728 
 461.702111625               9             10            2019          4 
   0    0    .0081502767807489557093056104    .0223629040024536188409727419    .020272811763967638968668752    .0284230885447165946779743624    .0365733653254655503872799728    .0568440111907404577705888243    .5367811707157469945002225221    .7153900571030337227775939783    .8349931488143645979366599134    .4367796787635062400067921717    .4021008250245730073338171729    .3861866677898584107434122026    .3777229854682711946325289887    .3859360733111093663172717139    .4070460049198177630275420121    .407067230727006532564069037    .4659378733245359347559167664    .4983024643102854684718380727    .4926953857745419402921276384    .389985437507040338306141703    .8270882683555021308486310305    .9999999748214276969953201912 
-94.3912096    10            10            2019          5 
  -.6181497222809188367472727037   -.9147047735258601877266333919   -.9230746207112913192289465056   -.7893123768169191890512652144   -1.0149669699751363287964475878   -1.0227522288261893404107833363   -.7679222494040377251400325312   -.7000737704287243290078571045   -1.2589487994017612419705658693   -2.3148808127997546076578724127   -.1303299327567892508499011755   -.1303299327567892508499011755   -.1896257085363169241556154399   -.1896257085363169241556154399   -.1896257085363169241556154399   -.2192682993226521805267765103   -.3286534851228349975504498673   -.3685194855263301975950099489   -.4083854859298253976395700305   -.4083854859298253976395700305    1.7566476868201930532310924004    1.1243006679299933454820352254    .9025000353422740754876394761    .9999998982956141712585914356 
 467.7600645   11            10            2019          6 
   .0123155917685230266167795092   -.0216519766620649591602747866   -.0431964409394338109426184244   -.0341398105823119066206644924    .0002776656449687145106847829   -.1720988731392651841059424174    .1740858747465817488572712474    .2743100784740036309790614885    .4201429641285676708298812029    .5486383286574905968698830637    .7903263404821939432582748842    .5060243872101655227987082681    .51544118084924712507174712    .3753197703777039734866036218    .5167856735661964575430316583    .7767221436236996243188263884    .7540889587849798152231954808    .7554407201857224816591840538    .7662990648488761699322024957    .7357239878266692004015661324    .7330414159372940654278535572    .7343189940063812352240685994    .6008422294460325823732222442    1.0000000758936101951046314686 
 930.9182145   12            10            2019          7 
   .1113030107114742677537329462   -.0524959112828702740996803216   -.0575590628321517281902963561    .0481843617423386445082818819    .1237366486183411120698401589    .1910411647660375647317404595    .2697141339476927809107767759    .3489422539384634631617254708    .3723148764321444050980055241    .419021449923515273532119722    .4083968860832725708795334781    .4009203968583429194466577923    .4279088042271838048776303109    .4266857107456457443716716534    .4408622514926632150455146132    .4375442371366340904268556451    .3920388432790730404169140897    .6703266627296183385613624171    .669479112442481916868756251    .670515723376685525149320193    .6775636035210480888060870572    .8936298452886271246119226084    .9553527755149536823247967504    1.000000091844802978661666309 
 1240.7786007                13            10            2019          1 
   .0428697673944337554047888731    .0412126224381619446799667876    .0392768540435063936221542864    .0337159102972914448974990289    .031367731501851005448276023    .0568600795985665325635076453    .2821138274004083571555103787    .344443319508322980702740935    .3926430547118961124101211298    .4665942817464646817550485822    .3573878528770793620925154951    .3175894553449643484006936903    .3118728835117634858803702448    .3163191239585987485833337841    .3234339307380029349985548957    .3674764375713495491460404907    .7577329263009427722152365131    .881294212668637298493021955    .8393681188670100506190975284    .8424008919966216177506324396    .9859027221374289454249128235    1.016231259379101250162300611    1.0003372070567335341375862915    .9999995158685041303033813678 
 326.852501    14            10            2019          2 
  -.0735276919297613084502602597   -.0989372267339634032661111564   -.1111632307809693033372261086   -.1311200919952575183140483297   -.244852799826059767552459389    .3926425516321810246757145052    .5911981686197958754490301422    .5776113060857380436565789044    .5721406427298532434971332834    .5032126096535513430261315333    .4664345523854504634798557041    1.4358794825314798493770742173    1.651279700625573613095896121    1.8416092829591045411642727494    2.0146784803093796733713841156    1.2476725702031571727211596279    1.2542651463450175649719137379    1.2282145578564809574456950537    1.1730587920451616798245028573    1.1474610071899067402271460667    1.1339276856260004570073643096    1.110463278969984078537003454    1.689758219105687675310154656    .9999999969405159913400815617 
 695.440382    15            10            2019          3 
  -.3734417884292488496878802186   -.1958041314891604899641850248   -.0207081877508804198258363432   -.0417036179529764493888708349   -.0446195113242647448102891442   -.0612351412173243629674642621   -.0984705688258407749465431531    .1825311030040242903237103076    .2818369555077116588837948729    .3254422749353660627662544911    .5090306935900653522878112074    .6375391931151907137886048153    .8829881265077298890589876617    .8989564255703517659692071203    .8029509278625698212618317583    1.0063528350011748383055501082    .8999293342732576607839261195    .871387419662380203857647139    .867657121469831471477593891    .8515653035517859818499869626    .8437633407373804186136547935    .8385739670780291271610396648    .7383698348422913410857984948    1.0000000258828800654834564956 
-253051.062125               16            10            2019          4 
   .0010409444551941139180073299    .0010790517838850979689402084    .0011077250482415852061107013    .0006624793375385639867722804    .0107110793261998445366137979    .0921716344682977291415705809    .1608318876760770679574953394    .1908784716980962167933441548    .2303851227117231369731797762    .3093797723770372022895140022    .3390180593576119533546889672    .3686304227165076950375989259    .4377752816752774180832733385    .4970372340815165033364311156    .5167960920685663373798810922    .566193237036190922488506034    .6252101796033905897995250313    .6743773314640459148398842153    .7037306957124474072981526317    .7825598451832619432045389207    .8522181183079671691379983375    .9211524268760268891521057472    .9702389625960950508695676552    .9999997544961895109058120101 
-333669.458    17            10            2019          5 
   2.99697265725621E-02    .067528544643199    .120014566369152    .172458495774282    .224933846619849    .285114895989372    .329616950961691    .382562944410993    .43515609053736    .495087266872355    .555239470329346    .585038796463655    .622614390586507    .6377921170118    .683076359808754    .70409744394406    .74066928460081    .785013272401455    .821986661272426    .865452862335395    .895289276071531    .925145451130861    .954930166997784    .999999938561953 
-27444.0402565               18            10            2019          6 
   .4553939537761732914108691998    .910853859940664163338183522    1.0021290503495075282411525055    1.0008847000395377079999365217    .9986179055217273853877536124    .9964932183599604683082425138    .9943353728151167566044413261    .9916641188993367413223463401    .9946254175725797073839458424    .9947952176441597765588819034    .9949795928291801950192202015    .9951187851625355306948115648    .9949355031110231384308784345    .9956904939872332314147143111    .9959612267193877193910608633    .9969680026802798462802203841    1.0024052487492021471995248966    .9973553363199571285397848323    .995151579167776316586966598    1.0006489475796400583085553382    1.0000969151580868291239456119    1.0001082108710030998201323455    1.0003024242575957540481171535    .9999999906537085063760207358 
 1295.8509631                19            10            2019          7 
   .0088654330838456587940317286    .1246294555460673408052969637    .1751510833136486943897383441    .2244058987341736536770105673    .2632500262097463112191439324    .3031742161615251879732156214    .4157783690734674116167271458    .3721243520523490669310596432    .3723898146786815472175034725    .3710979222869861831258301744    .3718943101659836239851616621    .374785151865123462360298955    .3237846109989899655614185035    .4200780919263723931865170522    .5178323889922646614576567891    .5285712782598309279290298349    .5319381777909024729573857273    .5732507218445265976281466407    .7617379066791851505010468437    .8516642973817302864186141531    .8582599632749387428379031314    .8615682140862391585006493406    .8307259327297559038253571214    1.0000000284754968362457051447 
 424.289838    20            10            2019          1 
   .1136860600465288541744428958    .4959296244092463982132892846    .4854061576652703145815149125    .5091849501236463740147365962    .5534660012290937781074077951    .5927763935746205639740068439    .6286704891574612729706715248    .6333698710926939522883411598    .4865200188933113217762241103    .6344170326323016956159105559    1.5653938428758692071243997128    1.3182043261663033277737846741    1.3402647178177291156334505471    1.3800629842093932025777152834    1.3998489871916281907274903907    1.448513834073961488561505449    1.4883144573450755141583192949    1.519241665175115506772990401    1.5656344802677079435496638032    1.5811003232182053815769210103    1.6647954693649768722483520805    .9949917772954062595296001409    .9899339139958379111592109354    1.0000001461265258961964580448 
 697.050004    21            10            2019          2 
  -.0059752370362227269996543892   -.0410659204300069123878808557   -.0434440998869860131296979377   -.0459084568056325554515024434   -.0420059821131569780465850195   -.0982958031802837490551108296    .0179411232024037116281258927    .1104024956005882183453799966    .2038796344372447632896075559    .3089884495574868399254754183    .5773024857482103966819574109    .4452644691470369749829310667    .4846919131500356465100888228    .473061614099065409373414192    .5091608894101663329163398154    .5270491326186119640277629207    .553361305195545196496405156    .6481118964314646212956624558    .7411438161328810493773413708    .8252395046252664536244662298    1.1148934732665176198750871824    1.0410421000442315469809537509    1.0167320793817827737936574203    .9999999942615307696060209764 
-154.775856    22            10            2019          3 
   .1831151235887850621869602194   -.4034043268350588220943194137   -.8534690320175001971883780116   -1.2004288317423358330513772122   -.0007382146217947584796429748   -.0636615506749321418710163683   -.154960409328958904288017635   -.1338771468335474752599656112   -.1511415966583315165124979183   -.35924240018417342818637036   -.3761250721171911980897072215   -.4313603020874263489778405748   -.4731167501990749771721501576   -.5033425239140657700513702861   -.5325193614177136258254646642    .4555132940114380630529350779    .0883594531694917584561767825    .1826956137138081794876327481    .2132620736402194409443291982   -.0643066771344491869584620485    2.2492190254790126956235344613    2.8790078214783060220968831211    2.1093651712706405577882896671    1.0000002842820652854279804468 
 158.602986    23            10            2019          4 
  -.3316709308360688745166500207   -.3775395502326797302542588952   -.3179186676851090306710871131   -.1485719821189242931403573953   -.1163355146415717545191740589    1.3750888649725674143360705706    1.7819160100806677120189906135    2.1640702275302685663181650313    1.3239605715872209366852651816    1.1822104030248207306765334166    1.1584844941065611463330204893    1.1822104030248207306765334166    1.2059363119430803150200463439    1.1822104030248207306765334166    1.2059363119430803150200463439    1.2235841511836353446712535412    1.2412256853726574857802488031    1.2649515942909170701237617304    1.2649515942909170701237617304    .3134374153586238281793761436   -.3084737004888419944376078771    .11737591119501369286956552    .8892461835491546167989548444    1.0000000882707214604395909671 
 531.185888    24            10            2019          5 
   .0037835455447942924266843475    .0178394705395486711424080604    .0267265759891573023114650215    .0304898913278358780495313159    .0637246033162688237681495032    .0195142985425094726914130671    .6569728373506790150268449903    .5158301569939297784959226929    .5158301569939297784959226929    .533451107044470277794729366    .533451107044470277794729366    .533451107044470277794729366    .5476175225498460531391225514    .5581543235576318623886333366    .5581543235576318623886333366    .5510701745148771723393374487    .5581543235576318623886333366    .5581543235576318623886333366    .5581543235576318623886333366    .5652384726003865524379292245    .7205517101388054947724816063    .7174300157612620913603789113    .8487045875736819273331297536    1.0000000225909616032570503831 
 239.9065035   25            10            2019          6 
   .2868030211611166264194250991   -.1168454359971112663062925262   -.1557725591211411240462682997   -.1795265212558108079800346054   -.233543314510438021535335327   -.2198905374818236221762116591   -.1558865201834763933358730311   -.1422052320478256647177553484   -.77767629171420107000142245   -.3816254610204845905730104561   -.1405036941818461374057748293    .1170378442867014649313164618    .3880143666051137292324382528    .7242496450289018530087493022    .5887681156588570763776731046    .5879682207114489499447854693    .6058543552571929339131066949    .581178492312110246732014916    .5370308771141754395999523206    .4810886671106854758524710023    .4319991266931202638281125213    .4626894160040976129686288392    1.0726478700899411007421897589    .9999999854109832416443850177 
-667.287084    26            10            2019          7 
   .0609075478523723381404457096    .1161196010801252073987393408   -.0103519387166798510968931028    .1771267612307029158682172245    .3209792383753077408583559516    .4629334321118075170176679158    .5937105775001033887837097713    .7232633623101867201733519542    .8523261031679132575567729706    1.1944665483739529416697056885    .99118807460688089685848018    .933460297577107007214304181    .1914153638855686288092457668    .5139781785436146700540662645    .5112297363154117336399695697    .505590484349911379372659939    .505590484349911379372659939    .4943119804189106708380406776    .4943119804189106708380406776    .4802850342597070258893247213    .4802850342597070258893247213    1.0285694365395509438633162574    .992913119235498345117077075    1.0000000239776857422284529038 
 835.1186618   27            10            2019          1 
  -.0073734611399148594621909813    .4511434329439385544335826504    .5651451962320404225937512153    .5605777016058533970603218054    .5448532296227989764699567872    .7219303406542555124110627317    .7028014422943889241680935934    .8386719541033731453371289038    .8386719541033731453371289038    .8386719541033731453371289038    .8386719541033731453371289038    .8476826496418739232154469381    .8386719541033731453371289038    .8386719541033731453371289038    .84652832266524737838159995    .8633965842002454458861668801    .8633965842002454458861668801    .8588906377136835286561189381    .8588906377136835286561189381    .8667468865320954560424121994    .9823138166159945822444079407    .9928498043773448339913507606    .99355198004030521354588175    .9999999259985402951032461289 
 757.347018    28            10            2019          2 
   .0082047817609549233083532125   -.0170871736369601708790249703   -.1529379495094281865912093682    .185195685288880347846038525    .0692900595800589789870936021    .1167657466104923648091791919    .4575665999387350859021933853    .4993313382267783617258528639    .5778557115808172364124895782    .63707057469393772670799636    .6856096183902845973838639977    .902577792945109344841970448    .8310045263821187977530268694    .6604142990102854012953940224    .8033145777831530327620567722    .8816616215949766900646857766    .8764052465048459463268131598    .8467387931274590428241443211    .8286065503462509177001869439    .7350258029272388314863609854    .9367827206523707471704866474    1.0011695853802120601998593992    1.0043467286749124032333616451    .999999976232823828191266477 
 1165.037126   29            10            2019          3 
  -.0067397431590519116212267385   -.0194388397541933783833769431    .0061923854948464535026328423    .235142549440093980318357683    .4173593176978293136385423652    .3497485109328610357091744731    .2976298284935513720272636187    .496226761446570415988614598    .6057137444390763560954537341    .7813437698121905172659708013    .8341946177601897297820533146    .8812011025990256725947461352    .9992162258355361629909122742    .9174093907802213678124451461    .9230409709707396912602766274    .9262709109580770561641312021    .9230409709707396912602766274    .9295008509454144210679857768    1.1167292191510813707751318476    1.0135402328800979343211076348    1.0106690797422708055399772728    1.0120269763832401680905746518    1.0042692836897628616858343792    .9999998918489400997852835807 
-94013.2183833               30            10            2019          4 
   .000095419592630322154750596    .0002212381445681331659877291    .0002009046209118515526666399    .0017342401717944145061729609    .0005920613181548885684482283    .0001237407909233588285327768    .0008897463722490619937819226   -.0022303789148574380459473688   -.0025013195382934793378959687   -.0050169338749473424655316408    .0228993117885050354458244362    .2055909831870341481599939597    .3917350201739500797358615513    .5512870518770208782294623441    .7374013058180189032562777968    .870310913795226398295287813    1.0033213586564702340789457848    1.0032515812346054244497379167    1.0032515812346054244497379167    1.0001726524948206995609407377    1.0015087412083022144275261507    .9998385505404344693088951376    .9999924650670173649391752979    1.0000000171965179769569706616 
 872.275167    31            10            2019          5 
   .0096713002033680502565539619   -.0030513593653641179492617609   -.042158084273422861297620777    .1915024138248796437420532459    .2548687712440631707219059235    .3157257141082866572080229816    .3846042082727319004371014038    .3753410762867676594076419465    .3033076143964098429962525805    .3409195988265478157307211292    .4010978567729877835671550191    .4687966773218937688730510426    .527868632995257561883565579    .5880468909416975297199994689    .6525368616850696151940319998    .7170279788556676863414592657    .7589528225099637623869211904    .7739973869965737543460296629    .7804127937531895826629671781    .7965636605128757494479950041    .8148170748050196412389669692    1.030023247239824265225241704    1.0155847988275928987899296691    1.0000000378320984575272220263 
