-1600.875118   1             3             2017          4 
   .1051515499911717660915009612    .2193189187915156290161041781    .2757060154394878913971601875    .341258911365002551060950402    .4006405576477952354557115429    .4613841465177922766615203273    .5128692368120122159335104364    .5669895732616415117521990244    .6091683786167760276226618196    .6694906978996471603601999391    .7280536669569249935709226258    .7993790306384161066085106084    .8399512147330407817607169531    .8828714895423841549144497354    .8774544523840865893200796191    .8580862957731347536629025175    .8188727435764917672984907996    .7863742685767697714944433286    .7411115249778027969824439485    .7569616057959119332130190557    .7721589186446459591984238711    .8401148752191424840422811794    .9161545354220440822667592988    .9999999262903154198440105932 
 368.1254      2             3             2017          5 
  -.2316463085676782965804587241   -.4712068224577820492690805905   -.5289567087736950506539347733   -.5192203526298375499218472836   -.5082518076720595753512254248   -.3927707786531437385195370925   -.2774923979709088261771668024   -.1100034662101555611212918207    .0195398714677118177664458904    .1807768222458977294150308563    .2882843726621417593026724046    .3982678185205367518785718128    .504424579233054823166236288    .612127280540815711167987865    .7241551384392383682299564225    .8395114816853170142565549674    .9546062292903450834960043507    1.0727675949554146494645574579    1.1886229529394059741598922541    1.2739609926400079972748416708    1.3172150033657009269124053923    1.2903306862281168319273812674    1.1855767083716581360590711752    1 
-1478.147594   3             3             2017          6 
   .0579793319340206563973204965    .1253857874222538564711150218    .1943157105324896263370029881    .2618139768794969198454751874    .3257166618234200501631368214    .3941280304921972494175706787    .4559791611716414294687814511    .5167755257327841647185335134    .565599202267483445905470249    .6003998542516316540444201406    .6119625696863935767431895573    .6103079311307257724359560809    .5904626869081112883778776424    .5655164635744757705163236899    .5371725416480974226718526188    .5469318512451605695337619986    .5502200885089692876772358363    .5986334541907727788108823996    .6488358157825476256195834257    .715772906775099753671824466    .7607596187042198710232450576    .8487650388179030517029681679    .9097474470468880660370644963    .9999995981456774606771778164 
-1495.708467   4             3             2017          7 
   .0886836592334407103413154644    .1705595078375657814605391279    .2276666258920094753999945098    .2851149200588165153443635617    .3248453229488872045009289902    .3717082655252495806056034047    .4256974631407231313079141645    .4862188160629032529238199465    .549356119944997275996566248    .6183590722429199165588463571    .6851468869835581401438974404    .7562135435848943415789328416    .8353860578901168980278293765    .9089745963175055022269924745    .9798654165136848155583784631    1.0355714593945666284711885635    1.0691856302769729523768217059    1.0761869946678586262225123848    1.0698588898206725201349013959    1.0540282647206542824230732927    1.0241768591927079062259530553    1.0125322102626032670576571658    .9986605230603404747591095906    .9999996877733794362481201358 
-25.082315     5             3             2017          1 
   .2044231164467873081093192554    1.5684182261485831750378703082    4.0632413714603297183692972519    6.8926811580191062906274799595    10.787018662352338689630522541    14.108338883392541717142137797    16.837437054753518564773626358    17.46766197617723882344990883    17.914737933878910299946396495    15.579742141026456290019481854    11.761482143893017849428970173    7.1510663987753921438272344479    1.0533517340803669836695695752   -5.1080253158450485930026793779   -10.53726101438403911281713829   -14.565549471809121287249601961   -17.824188078333279842789630861   -19.715357214834436135579989327   -21.528048746696626686970480994   -20.041192370002529670805904479   -18.016303519033231183006831706   -12.609844824929437334631990707   -6.3368393228455985821085493903    .9999990032817943638774969535 
-1295.706067   6             3             2017          2 
   .0979339398277279194062768867    .1667131963811357225048788785    .1962508368805839665795128209    .1788783782857752104667732485    .1745382735789875714149912983    .159331275246703000889784365    .186104245508638187151438259    .1872166119910589258667104782    .2198646801582044301718932987    .2030919717843692091008785868    .2270118258233022536275582632    .223312144142333478785817864    .2790512518299414584743161506    .3541543191678209530217473312    .4660035291785046492338451017    .5481205329572636785376725414    .6651472289509623790316017715    .7435024999385142185955358346    .8221725799791288621017161603    .8828599549962591940228987135    .9329353553146556347798593738    .9555639442722467394296765302    .9749008916232851134747368594    .9999999482907414679875848725 
-770.36491     7             3             2017          3 
   .0732886834110863123295685937    .16801050816294319532285031    .2953443193563943612125323829    .4587570064685319065220662764    .5963515394282431685524201771    .7554911866377714426271051209    .8808029690760447539075994518    1.0377144514539220121020309713    1.1054583210442438246570706342    1.2214465998977030249210078896    1.2541329277316122822884027778    1.2814463472901433166264024149    1.2438685713242053042109615299    1.2280721612826316297298639939    1.1472591605970214816767809427    1.0914084858823593094342783604    1.036898085090609851375499437    .9805589405675292245593065759    .9247083956614794409574029014    .8876455704608871657978294988    .8601587265962049076196889601    .8798378420429352110547195095    .9035302503588851158861843798    .9999999870191387611359401092 
-758.292899    8             3             2017          4 
   .0937801607977341747466370511    .2399294523790601921487860326    .3769284934316653807937083161    .5415243905640213571352459678    .6504001298843759843780364875    .7590967827327630032310245859    .8294773705905427448820142519    .8903716504405773157583004084    .9264437276498879623558231422    .9699157159059721064327149924    1.0070042868751695906359793038    1.0362325706019831790617888933    1.0614468381036494448301565857    1.0988984613978298641564886921    1.1112305035577024439470585099    1.1137746392110154785980661016    1.101263642454338742264814483    1.0626207908086977878979188489    1.005257732210413327370483526    .9666574762425673196235482617    .9451118439129679889037177968    .9589104697655885605227064114    .9654430378623392594897555542    1.0000000013187516345184712062 
-1176.635207   9             3             2017          5 
   .0071559366487662815617245082    .0234376379662418175457501842    .0393767581697051837409451237    .0741683059293329474544611344    .0937498719601036041410921337    .1276651413338169813917526267    .1471519796194573667894674853    .1661673038821453521235660255    .1991290916726750638526491074    .2527307514095148098011994978    .3137420143505870804697075497    .3931959516829246126747930975    .4632891288285239963927069539    .5274814966504737606410922226    .5884745721364429646885451389    .659210429354422674520566169    .707192335440630751073556819    .7664274319134834455110775892    .8003770364828119578781225437    .831388177219483795371423048    .8523482843565805353298424632    .8952485814917486146579328048    .9379117618057131618703977808    .9999998240746165264116561489 
-2023.999978   10            3             2017          6 
   .0364900498037456006335984259    .0701108209201769072351244858    .0989935781511159680457269254    .1328006931430905381165967582    .1700172449310174844280556608    .2156330557035213564612005149    .2669996570523678138103220869    .3293249047653892810467214343    .3822355772772641798912114415    .43686517273272420954542125    .4768072680285374983339056143    .5026393335267121233140645815    .5098255984269580856685167415    .5053300450184095802396298247    .4924627523884291267516999943    .5092287604758066850137090268    .5392915078381488006122893347    .599095856314283023178965667    .6737346911176695674845506347    .7533932888214685543835514805    .8168206610523984896999835837    .8883666104466726431950583746    .9449313343816647017769878652    1.0000000108695653355387536472 
-1313.703832   11            3             2017          7 
   .0822998284441329086417706362    .1644303645450582806855967213    .2116115468558669774817251199    .2732724768363163303918869896    .3114832963355472651159930544    .3603121102869706784869909704    .3925743287319572955314329935    .430212111918388618965374229    .440320478565826395488507641    .4621380292966976745486116539    .4704813862490126313340920513    .4815561046487074569178846698    .5016231086094601572266708589    .5033195335917997078659659417    .5183748295559512381783171962    .507352634410219182492268166    .4957135574527272902101118329    .4721835964013538783679212104    .5244437012497045072180317732    .5720899046597285102537479696    .6934462531125508660311192576    .8194571514350275565002690804    .9397962995361042685913395433    1.0000001278827053006571423322 
-1523.486173   12            3             2017          1 
   .0401437906584794452217191209    .0412690716294410372702476769    .052657071276222209599272812    .0895570320348421042085821412    .1474858807267954114868097329    .218330173187597417072192883    .2770938834113068120376042297    .3115515640456029265189793094    .3248372113712646081232271217    .3181492609450811208642324842    .3188057158691390368135622062    .336537022184053652057661307    .3848259409178110079243889534    .4492051271147309585723427501    .522090462057642842814301013    .587361024903768522748515946    .6492709402489601722168042283    .6928123265612335819998282321    .7384766727384010199349541455    .7826411693990477719944492073    .8322425385084213691777299773    .8856220843429998100809806299    .9434073150593668039808327161    .999999886444653672613279438 
-803.328221    13            3             2017          2 
   .1124992595025489587524399943    .2197269999804973862607523158    .3264135295453537913241068622    .4312574747700790658517149244    .5356881393564287591484975355    .6227235480128862546209490131    .7051422882851765268682126879    .7642993037586812227775575682    .8107152008045787302174213048    .8225863136955573231380352565    .8240439993206711954913382783    .7964087197180640315137142431    .7633557292891369740638054841    .7443860235055778029239682344    .7486154280144479077126807425    .8012473397221781406830471601    .8425495112787777936161911583    .941416323029936228270511612    .9600383502523559420676694987    .9999307618000388909528923421    .9786780539358146114475916065    .9872573616457077013356910313    .9600951140990725881644334763    .9999999738587548015445607008 
-1171.52153    14            3             2017          3 
   .0184021714052493768509743052    .0606555818056540540061606892    .1123396340825251414713650205    .1675579961385771544463207603    .2302157434528753389619736651    .2878754605559831239294424235    .3432409816659536764979470757    .3898407227735712206671950792    .427814758129114366340326669    .4613757290487013072649206882    .4946438329648111546016572141    .5309277585363710729242850535    .5759737083107640369187239777    .633136123413796757111241481    .696674605715526201212879118    .7673008792249853060745712458    .8228949065921135909469798647    .8690194537013758509414675461    .8933152086415347398694414092    .9020500032978480557672721559    .90439054927142482818903038    .9149648321017198890062225318    .9492680855809794635186943598    .9999995475968760044896486025 
-2903.40359    15            3             2017          4 
   .0331397158601708555440616508    .0699168729759681808480508216    .1029337433587729358700696516    .140520904983795242879065256    .1729134047120193854964545249    .2119143553170298311851298634    .2494638025848827995697284372    .3008253840452129495369260737    .3281810366570498040887247095    .4057486200187552981568091262    .4563419996322316319792109922    .5482031521494398923712841452    .633523360767078200106517055    .7329342731852170782774295598    .7897923691690413594893984408    .855490434934676098544053946    .8795449619182981033649545084    .8969218089311517314752648632    .9122400375622598165899491775    .9231589467036513514815899225    .9381950926085339723644827483    .9527163256004653490147403172    .9749974167387455768765512892    1.0000001412135747893044383816 
-1372.532467   16            3             2017          5 
   .0612440375882197619446185385    .1243689341448561886733131829    .1917618026007686417810617809    .257108890670780759024478508    .3042298160805546904414320131    .3430525771307674283234277765    .3746978030502210334963245718    .3983161150241847065902594784    .4341162881941502371761381438    .4645852213563702897820048435    .4983348055110160100861206076    .5133981285996056514413950107    .5307902126296295474080031361    .5293935972153582578968603735    .5477629258878580684241110924    .5635736265610684457491962556    .6006440064779902944182958989    .6417225975901085915805880897    .6876188525163681975036296172    .7389595688157954517807410089    .7970856983742301521818937053    .8621646689250958170594590386    .9296107965947300246996634434    .9999996597530395614313726831 
-1275.603214   17            3             2017          6 
   .066723177760823672556221703    .1252757897174755785775246565    .1675848709487494282842093874    .1958203752221025683304683176    .2162016346252322942171577188    .2436930987538261251198133152    .2644196065815180675767723489    .2957718323842354320063668325    .3165812813638771531035041748    .3244256485543787599770033192    .3170395743452556086143570974    .3079372140873266880934654026    .2924555974033474017258159715    .2892156400603111054876975247    .3007141215936133569509805265    .3318233251174608595804306275    .3806559082564368640733136315    .4538288972984666688053672464    .542850701848419770444385224    .6432936127738542998058015241    .7336183303156838863217226105    .8344130747854951704441221328    .913968377630632090897193365    .9999998322362332962889508681 
-2713.72864    18            3             2017          7 
   .0367307506471980927319247366    .0758138809339462916970209667    .1070838829338514848706464623    .1406016778449889521746728516    .1676722916555135004213243665    .1945604627587229944995532051    .2204098048653825608738831013    .2477650823628408181593278243    .2747608544972278436800519598    .3019493135466927157462582552    .3345998883661411334038174134    .3686208654967064061349921855    .4076328722388396210462664388    .4488016900613909576456399119    .4957787525874363031375163583    .5330599304136761441261864709    .5913900072189974013024382571    .6551255618542611541292500049    .72822535417542706112280998    .8083066846359406075325202744    .8861991448046920417216070653    .9382172419420683123276467318    .9760378989109242698636220311    1.0000001326588055613401345832 
 581.918342    19            3             2017          1 
   .007053298897390658292740324   -.0046811928811826316345945322    .0010545672059259475962694436   -.0317700932685156708808467151    .0162984568718062507814885134   -.0033909551522608648070419475    .0924331407309378125771467778    .191976076258479578909715824    .3541627495219939295194101306    .4628941563763253917162143688    .619785069431614513364144827    .689676490726597512886094936    .7594185783544179812087792895    .8299728074218358286427754498    .9029479947205376111000811176    .9754421866977343016969209058    1.0495448517757840325988555968    1.1241286840207556131647075665    1.1991933397418155277875740167    1.2724840352256846373816483001    1.3380990833246496980155335953    1.3767167009147135630242773822    1.2131358457850431530133827608    .9999997559795082039190990134 
-2519.595266   20            3             2017          2 
   .0967205738510861291640480483    .2010108555268257120149708997    .3086458807467849878076410071    .3787144756446768145340689015    .4491530902884304752460191358    .4828735854594195764773277678    .5189575554631955718240343765    .5415258626700404349783375089    .5649399406356877954222985907    .5704467774627101557667397205    .5799407625970670481486767486    .5879039463157968959289194029    .6092303874014343381450058654    .6226329367932698759087127131    .6418828538948366161916736988    .6440304210350901651519454792    .6403845973887458478817446707    .6665895997916992434927046731    .6960467118134361505027530084    .7637698903344423095927502826    .8381223081723316747968520751    .9121250666772764130125969208    .9542858063141002901058792512    .9999998944274885774451998831 
-924.261866    21            3             2017          3 
   .0482908054977570609842730437    .1000820042487828876843437788    .1624240981072781812681645355    .2114482996532067244241363086    .2561967649112118621152763215    .298039019171218300593611205    .3377606623013049853557411618    .3510878376972874049095518997    .3614737470949602068727998348    .3312151147432496149311000569    .2768479468999319290318962483    .2266271147878343819932088381    .1984331570377696400599957242    .1911146683617476002196113542    .229026434809115017626400698    .280741756795578970689676815    .3296537607016234942230106029    .3793101423920480129383591814    .446222997152194527519325351    .5245595624303296745556740302    .6291902991916795147750908074    .7560357358722836240005600318    .8860745316089888317430592771    1.0000000367861114373834828321 
-1937.50153    22            3             2017          4 
   .0494973389775852202810905651    .0911792312236264401814433664    .1261184552458134058867039966    .1587151778920143614028526728    .189636701861081885184369377    .2166093773355626717879288591    .2431348273567556873103475691    .2729235006075066170399359633    .3088827496306544852122000647    .3494274401940730338416816631    .3984469627747855249435596575    .4513442629384659118178864096    .5062477550662889024918602258    .5631582649640539896760752493    .6205187357968176675452741449    .6751163701016535455329421082    .7290399404226534984981405408    .7826481561539721726052004718    .8264963795925363733777283778    .8680178951910298620512573221    .9027585129184388308586264703    .9342619719118363741369535848    .9633618199000854466422021354    .99999972645182891803961569 
-2432.313536   23            3             2017          5 
   .0289113960676490680846171963    .0618671473774999375738375203    .0959327391581806335020124642    .128377857286240913309623583    .1633852273229301306655228843    .2073065797385752820971843656    .2546893280126859434621836516    .3223555632919850675040604634    .3948879475380266107272117734    .4739800124189252548730625491    .5482574430733258888544868913    .620958185548657819088007575    .6751872140220659447088650334    .7251301996618909577946779966    .7683306335059593238229629291    .8073654859601126686325360317    .8484321488395482908663959349    .8929613587448291863635790744    .9358978463539661031594900436    .9650371817854324517478654528    .9892412982073705813558404668    .9958786004141202953861290356    .9970063333150813004397143642    .9999997796336730167339742174 
-1660.051872   24            3             2017          6 
   .0083611423438700835970022026    .0318563539441013322745134075    .066357565000233920401253582    .11107893862246733456290455    .1573131565373157206981541839    .2008939633905608462817961871    .2310230219119321591897822335    .248750480009096968748215116    .2580803691898128831482682729    .2595669492428969111153172447    .2790951944422131888659440637    .304041463109172048811737372    .3518329215196957411701891686    .3918772123766503604774104312    .4576101583408834588513388333    .507516610902626059627129531    .5802598799756059670887199843    .6476044623261025424150119569    .7288742119499263454341021941    .7918451357886243207706222809    .8673241025085269142722306451    .9114835659785937098717358634    .9568387752162963736593406884    1.0000000771060243110282761092 
-1185.907526   25            3             2017          7 
   .0558327681951147344350355358    .1341941901125939898959710287    .2259297576968071286192343466    .3267411594114463862505245624    .401106401276013151804553098    .4769214189134001667512817521    .4876870981253895845501194669    .4834770734054688847636168893    .4539063866266415784598031128    .4320533336424749192459378995    .4124415178051581064002793081    .4319652154733015835502843415    .4634685149978549001973362972    .4999434500595285032367692386    .5355796182037215606640816613    .545800313944546128127025648    .5401373934783511948131443092    .5610375053813428619728651591    .5853951381365970014090289195    .6561999843485266826782917305    .7468372369533305415586004132    .8484042625090820108346289389    .9219917877475380824929514782    1.0000003996938965374269831559 
-1954.391007   26            3             2017          1 
   .0240069156233075114635952682    .0557220124376063504880832682    .0971856191108640319280797837    .1614261418876862443524332079    .2238751603097199474577811542    .3035907338269900256453646279    .3597293977929156527274176103    .4099486730804425974315793605    .4339858283025756882230680465    .470862532985447778413769584    .508256994860394381665306138    .5706115081402439138423645029    .6568393916069631198420675091    .7328103715532497842689878894    .8038145869343943414901315088    .842159012247235540006759763    .8658973531594847335479987705    .8630248471052241185430301154    .8736834102716478576182887645    .8796325780473671612632425503    .9014496043472635565601535742    .9307052649572491611449581338    .9640793440265763564271251275    .9999999964183216281039713155 
-2192.73921    27            3             2017          2 
   .0363697924661090910122412596    .0676666880052735500634386886    .0954121671404781419492197615    .1152524654311262122229300583    .1309038934912829875468866177    .1480128592218679758091250623    .1716346833602706452264334709    .2054729983142865402584742396    .2426919250465722278026852085    .300844120902093049177517102    .3524244910091246099439248865    .4206458277361674943551540723    .4841004325361610147884389772    .5543787398228720505253335621    .6098349470386859183313459333    .6716781427007911259998857776    .7188333171640598336361212786    .7670547378956205193229522265    .8178076954258504822376939207    .868550619843205157078392373    .9132276154262777104259470966    .9537855621234592690117490078    .9823420816194553295738256078    .9999999042293770995229295872 
-2049.34536    28            3             2017          3 
   .011558881417624992207267593    .0222586348257084398893117752    .0410576770720577814175742443    .0726249479004358738246051412    .113790386213868803450483329    .1659902750603246297149251603    .2212664633549125170390997445    .2728751878111944977395122899    .3267501969506984415745328547    .3786862942417865576351659927    .4273139691789186767427038262    .4796878648116196481397357056    .5326208170203191130264154208    .5828827211436924423514443656    .6334944930902227236116024875    .6830922826985101232522369973    .7303488368597862880466374882    .7762220224315924964448159192    .8209694826644543699554866633    .8658657709113509301331230964    .904092612286686515346539736    .9465081083258704623607218649    .9738939267903580682955263333    .9999998243341473688944258766 
 742.84607     29            3             2017          4 
  -.0394891097694035050895537483   -.1019432330038442553785066131   -.1527595077672013530340141666   -.0926821757298924661471252046    .0213516374933504056903740502    .2726963339793936043842838127    .6108264125298529209422888917    .9600734644796599650853641859    1.1923812156669281430000699876    1.3996129776926732613662477881    1.4770354778884406025059808151    1.5100355851650396427351362308    1.5656689144226070954376860337    1.6220561010708450002299938129    1.6206062717677162914787985619    1.5772083171955126584973384863    1.5223530764590300652731460234    1.3782868905801709363556301779    1.3024830298960860087743346344    1.2226605708501628069459935354    1.1850286829948497943860697816    1.1242415269155290812805942421    1.113528136454972427867862315    1.0000000403852173573456476656 
-1852.72578    30            3             2017          5 
   .0341926801493527012939821024    .0894057835153564927455157449    .1377695516278723125448170749    .1863322698516129030168727938    .2276532795911114271859486945    .2630787595560957758141628493    .2919237729827454551854943153    .3273185414411408470820760102    .3636673096868118281378909727    .4051775541224454705865862135    .4538037463914384566937909182    .500474063679299588523024708    .5432120667096239142308474814    .5819080252664266376214617146    .6149355788636999480840602326    .6490820244321315591560452082    .6804574177188812043194001435    .7199878224828285165870580157    .7618321152739613738197133523    .8103865214203474839109757516    .8580406324350924722383902922    .9086498488729400634777155203    .9549405633034371659685115409    1.0000001187439622068625827617 
-1680.80773    31            3             2017          6 
   .0504514695443481807404586365    .100083606826344141099351084    .1517149138765562435865284841    .2047861238715269354454956011    .2592514849988225601508865026    .3144253745191902467035893511    .3725742027614306604836949435    .4311716248472988638623169588    .4739570063733583614587493597    .5162279328641593051217107384    .5408076627539070158845592648    .5618593864986568094852824124    .5834368693675629395159909218    .6204278939150285797412414328    .65835192226299435212616496    .7143743918883571531408889939    .7610091131601352166556254474    .8052693808113317041920077319    .8383207518923059688689080458    .8651846216818624459800645967    .8903195608221054528348700538    .9220858354810160231711928169    .9556690936922333168946099504    1.0000001606370527579617925722 
