 608.6726773   1             11            2019          6 
  -.0079362294056434722768194149   -.02863637657816055874404205   -.034154744865857641479515118   -.0353404067608539589033397869   -.0580027514239795169461929781   -.1316894334004960928776028699    .1783433100390294125002939408    .2858582395579463937932211172    .4245830470760971678660891322    .5406436205740953833348615795    .6401894064450393886605956249    .4761850019056211051647282476    .5112383249735202135711176928    .3613005942299095869076231328    .2889497205298654860452038234    .3166936962820032927408683603    .3320714195626339477222990505    .3536298047002873082635739989    .3690075279809179632450046892    .3859690253259212626070015317    .7271622606149139200074949709    .8115376596024511580290052228    .958177723020326544235370757    1.000000037294264793837165393 
 741.6671912   2             11            2019          7 
  -.0067883116035563418623552564   -.006089796142515411297864621   -.0119939348882445212846837332   -.0162653547886911031531146419    .3752021166660445907021267735    .4605158540819110187437397325    .5587163689006390552603966931    .6545327955178395384843605578    .7441821703168255233453287478    .8201028806679132498749258413    .8320257486401267145602705474    .8309657044460078578705774629    .8057592503628061254329352893    .8147340305323728333744311919    .8085533607462613616553354154    .8257009441244918317751251769    .8266080895503417004864270178    .895126557945549850284384536    .9856387186511965530234176011    1.083599098808295782141913358    1.158940438782618216481786312    1.0081031072579552444411808303    1.0232919953922319329365529578    1.0000000118651601478579736318 
 1264.678707   3             11            2019          1 
  -.0372890677600378069779583946    .114723525585538303840518444    .1709291053953041687448921365    .0922744246060908812312280039    .0867440871683783318414010429    .1257509113735715011132863171    .1416284618445782055853020699    .1497135983645528397435096533    .2147649822019182616000191739    .288027858762707863001918953    .3595778892164110738048505785    .2860719469676340490486331877    .4368998204379509648848701617    .5753142643841476489727916325    .714774823831994824595398205    .6829003249755829090589725569    .7110299201076056386865379556    .724088730941209718651489876    .7473895106862109919274540296    .760538225777213152684162334    .9209429980542876333886121165    .9714158965435954003137968543    .9936808400775897620928316934    1.0000002316793968129962355727 
 634.185681    4             11            2019          2 
  -.0133383396273811486450133206    .0024060445477008491461036314   -.002674751339899772981471652    .0219469792790859306708314028    .0195547934485767741577249519    .3070690585333477436240002398    .4401116397959164896376775811    .5196339335198582006458136982    .6933937696395261248416613178    .9311397555820879531967862264    .8836080926904434475870797846    .8337898754923165791250338874    .7882842753745491771833303187    .6280394085403514495307565924    .3245667730552244997786381746    .4839765532328378130000699275    .5061900790535193430202975523    .5209490057849477052447041926    .5253619089517096807488468034    .5416418413269094292275577253    .5623329423610874620172952155    .5786128747362872104960061374    .8734137597155871452102369369    1.000000029959679900120608368 
 549.66908866                5             11            2019          3 
  -.0027333554514820840753224684   -.00405517255015000246275628    .0016122982323064220898624763   -.2039083192275504299594462846    .0193320494443392228138834559    .3198790028899712441035414    .195258569590745012151944575    .2030206942727082039949326482    .2346528168692090264794407404    .1983467912772477351992122482    .4193599472037664138128032532    .5604370090211650651273863467    .6859523443808276384439027407    .8140133932049516317074245279    .9444336796626878377825496839    1.1348358728351999374735950974    .84802840402824554205485527    .4609751671095544483441900668    .632285691828264942185260995    1.0703561690803411677517780103    1.210052763966536127609355678    .9924369247866302236752743359    .9923774344483983302769558364    1.0000000206305943593171601508 
-547.815115    6             11            2019          4 
   .0047596751688751778964696876   -.0176437774996405493484786377   -.020778561394750854948571472   -.0346395699578314848066943169   -.0374409895572158500957024525    .0805000059189677524688233548   -.0808569876718352322206370666   -.0323172170961365313916174073    .0213392067504380560948925259   -.1013828360686981044690597849    .1783589706173039785512307378    .3341523353184586737808430131    .4708940898792104339800846861    .6326128843670186062682845106    .7945288256604602813852626173    1.1727463927314236300325521321    1.0114910757801927389316375471    1.0290428003250695264222492291    .7491253686930489312986553867    .5143107451498485944477818944    .9442840948264087236804336806    .9828115093173360139944294892    .9909965700745588226421974501    .9999999726184992175690515586 
 707.834211    7             11            2019          5 
   .0097596342372889348802611068   -.0055648157983706159124880162    .0115021326653565774034055554    .024216970208013864986811156    .2266410658130792155226868513    .3256874228702686991205628517    .4309456865175452786923857796    .4596799574582867964826300265    .6636895938334351008078076633    .5291467891483419695858695928    .5423702246005173660644102437    .5662246805417547132375041421    .5741318993693001933753665376    .5834024317878017907783776221    .5926715514461055061945854437    .6165260073873428533676793421    .6350656594641481661868982481    .2821115409466977571673206397    .4624109641968124651720175192    .4731439859721614953137663475    .5713490443315122557702992968    .7346625691704522600420057968    .7731705977121809389345833696    .9999999844596378232981451641 
 512.6168428   8             11            2019          6 
   .0208308020892832044885747948    .0122437744450951544114968358    .010979771888213111986339127    .0261563781766555720357614438   -.1412959035921868464989890496    .157774058999373947219043658    .2873034744538440670993887211    .5969013782861213470842281111    .1864913167460989247074345252    .6429921385329869617776047057    .3769999029770466995666182976    .4064782554975386384241528476    .4169484538052716515228789123    .4316044295218775827550705675    .4476126823041640410181231759    .4957246402829275121117811231    .4029528153459260468918794566    .7195824818887515492302119106    .8567724727908608624437495755    1.1362113987878511431540501072    .918458116647742733903007059    .9586072071215994778078719812    .9784672646733409283133293099    1.0000001115843164410359869666 
 129.262746    9             11            2019          7 
   .0320779507500173329135372074   -1.0546781978467330409335416718   -1.1665673573111312365281176991   -1.2808330715796490970414631297   -1.3538943385900219077815351377   -.0741907726453529000536627931    .0539132674777000327689154925   -.0406244889768936209973444321    .8606787604527603026474464654    1.6114604280493932876839859181    .5896892365260444026154295067    .6504567835809398633694506227   -.1352529676261093818941460519    .8417815911167475894408122817    1.3640890779157670068373760217    1.9325343745985405570758956335    3.0708298584342313136377282284    3.1040033761931686024989752268    2.9565811637639200392663791933    2.8957082499237638043059985744    2.5792195378550909014419359465    2.0546291040420880429075829783    1.5551255579855931576759169266    1.0000004177537741616598490024 
 130.5479638   10            11            2019          1 
  -1.0700817993148967061866958051   -.6259316317272196320537325761   -.7562211399271169635814725745   -.8237156434300509557239068941   -.4553989068039374506123089757   -2.105719553168549688248756891   -2.5482856286418769865179620672   -2.9667142154230980046890627949   -3.4074403541175722267374039272   -1.9361343727063171551358964972   -1.8570523273071532962507991258   -1.8141715359332169070568069634   -1.3618320410754656289782744202   -.6225624485764671880696158357   -.391506068055578512209625134   -.406519400649587151967513108   -1.3709926588682649372735754612   -.5354597495453238160731848964    .1257218383363249362300662709    1.4359289455267627850967676296    .8359264811451620664802739727    .712225662458015296903466525    .9988328902606752109296399459    1.0000002772927202101638600969 
 214.674733    11            11            2019          2 
  -.0036551483681127950907944066    .060950209729619181592274299    .0509309588846676241120560751    .1072912013357435968023307149    .0745927561023215526719672222    .131869641128189967284133061   -1.2210957309074654817434895797   -1.1730020411857225880420682764   -1.1118723506226510597313750939   -1.0988363497813224251221032146   -1.1350152698221825667765008936    .1295214840211307028852808681    .0607241933777087776790201015   -.9466339944161011254174938231   -.5706670658814794007453126773   -.4252183232015478971155864906   -.0480915469451171973741315891   -.588760951201462540074522883   -.2491029999324606124000629361   -.1198149388172291333419289731    .2562888945109343631977406489    .6467766283421906014435336459    .9704244048133973922305984654    .9999998462790681565678248683 
-138.726747    12            11            2019          3 
  -.1209662185764364531664539067   -.228349764447370772703262479    .9716331054746061334516839784    1.2637498088238167943201320795    .866561802966518057256831662    .3636393203972410597936099518    .4405384781350059336430630785    .3811711234027566436052883155    .3549913846102078642412050504    .1719405991693872847750116998    .7832620770672291479594774899    .3372026016006848340500624584    .3037105742845682094744137553    1.5354486759499954251792554467    1.5762562355765467491283422079    1.4496476299555989732823476355    2.7824273858306502350264149133    2.4993752646704820376131215706    3.3542796184790522046912842265    2.6659040739995150322381595238    2.2016583435060291581694768638    1.7982545211703118793667092907    1.2956470463478827194008953443    .999999661204482795231982193 
 831.240152    13            11            2019          4 
   .1551616577828641752137112838    .1485662112241180572807556101    .1347425286549439926477468812    .127618474329907008630641798    .1139123390180025856113841815    .0055945492873640685249285215    .2299316263057514093712835951    .3267387882389011449004210278    .3452966020823305946366267447    .3688794378643056693921590063    .5021611371824107938424033203    .5705542482023895303844754602    .5521417593889280747833749975    .3930949427957854470918291252    .5253961793703151144219510705    .6067625568693654730961552492    .4767340690250968531173648118    .4585406504761815211255579483    .445764438963241997001126577    .4363387633854337681224041738    .759079308767558186963037849    .9422840055493373231566417403    .9109006563003467618825997231    1.0000000577450450203950205716 
 150.4491916   14            11            2019          5 
   .0915065734391091271240835301    .0851778588087807312618355073    .1370440065561641741649610831    .2254381671267152225761776709   -.1920680974931871950317611411    .8001671442679921983708418942    .8535585910054168745696337793    1.347499430498767797965356432    1.2938068854336070756261876784    1.8302338289200883948119532468    2.3217206838085795337699906923    2.1781905008255291948009377008    3.2644309668726727807821600817    3.1271826388464290026799984481    2.0563021755711447770916437413    2.168533420022710178523817339    2.1147604491349091436394265079    1.2069842188503989276337195022    1.1442979398501467255474438854    1.2627937576767943231673702127    1.179092410623494503376248118    1.0906725270832229583080059567    1.10331666281947639258701075    1.0000000558328024941012710633 
 590.6846146   15            11            2019          6 
   .2117146729556954334798074492    .3262372088876817683072255189    .2034004222056133439030663386    .2144570839817502841049958845    .2459530795437785895566476466    .2476224983429592107070262602   -.0462979554978237958663093305   -.0106802646354215707043066092   -.0285341611807743874830898634    .0461912657374299587859961166    .1655864527066353016197215847    .534861400129652200357141315    .5241804041394783266122333839    .5199752836088173947844010766    .5202622387720474072425586417    .5180715604167693180339693242    .5424845883568405372175407258    .5453538013989775585395787283    .5381232084659074511130833845    .5222147189475823533664118564    .5161016428478345540439271837    .7957138012106266226084975127    .9053922969741761748605395283    .9999999752829180934620537516 
 737.665506    16            11            2019          7 
   .0905325102730233938849785393    .1905467977785584568190450266    .2699199005246695105735362933    .5424309483707917881143272544    .4945013655010188316979538962    .4896879372315397380123668139    .4956604274241338865043799405    .4599369188885456709968488075    .4917498473895023091943247242    .6322419798764455172992730393    .7257004640257640025803239877    .8211316580119445086266511695    .9036130801539742865514983156    .9115542132994897012305195141    .8917540465827339363215392099    .9107897746814258656687140797    .9142925818195977839310816304    .835926303974419538603178227    .9261163690633515944827166691    .9906763893064561975058652126    1.084242239191810603653195626    .9911156127720576919588266609    .9848299725160254409401650943    .9999999918662321184908434637 
 948.376846    17            11            2019          1 
   .0077218692452135213769231983    .0108882561226088811535578126    .0026592519741883280857744602    .0191888278132846781879362753    .1873580114797530601037048093    .1587205556893150889936425124    .0550539695483033755971726876    .2928803050934037670506350595    .302749799524312722413301094    .3165871259577334725440987833    .3235042075246953045076766878    .3482285563939210721726118564    .3482285563939210721726118564    .3511799148247025001704860264    .3689840188274693496682014103    .3759021548275968770329932749    .3897394812610176271637909642    1.0750810759460485605318120556    .9747285627004858361968065171    .9863433549072538196488192205    .9821570443528099377491550442    .9838935903333936940084258447    .9877684213306911543894862233    .9999999514960743780115441578 
 1089.479446   18            11            2019          2 
  -.0101212189366994262689376152    .197051996518344596654281443    .2017188124171366882308305613    .1968704419229584988425747685    .1228089253920628806429084299    .4213760082262258667705053703    .3164256115759709339206753608    .5371210096238933542946343937    .5431440695577840208286040488    .5491671294916746873625737038    .5706884166403998410081065449    .7659770939818170741332186638    .8528607890781631138730083027    .8829742530085326639562872488    .8889954772033395479036875745    .9044946222877159263085354251    .9165398242859553680831900706    .9191086657728465305989811211    .9251308078371953058396661115    1.0701073841093831888591682527    1.1360278567384739812705011784    1.1112876011063360620756492913    1.1314706344629837101121410234    .9999995906301843164831950396 
 944.0102352   19            11            2019          3 
  -.0137901788715690823264073864   -.0345522524902386778697926558   -.0351274263387351035788854337   -.0255465556418365409688939356   -.0071570781206292581942971713   -.0088024236286373688250027567   -.0811319275407788502333814526    .1051745270314416607927049306    .1995969884373982473956125598    .3001052207235644599290675148    .3862758965984567113091826359    .5238773707736595947450379932    .4609745570267096612513508053    .5329940092158017737560225131    .6139689787126155515225710341    .6968600291294807774770618292    .577916509437439201188864398    .471524866365135359710345649    .6675893719165895755533647206    .8716465874182716700273336189    .9668257461283085037466127677    .981412452380579866831511659    .9826424178583948472002753557    1.0000000686433235401005321642 
 1202.831248   20            11            2019          4 
   .0218685705444858878491656878    .042431629611271954584272656    .047293608388198441615477552    .0639108936750868314654891639    .1274605230408846179227295897    .2887897205676851521236834379    .2942443510579632031641399459    .4108575503186461946655379874    .455462311035670732757684393    .503922142867375856534116247    .6876894006331967192126022985    .8061723551099497208938489433    .8084985334534641221758482284    .8154787312276410032207610223    .9584835794023202829196868354    .9879623612837833424826356024    1.0049148640009392240198934373    1.0008494558165984726728682393    1.0087092449729905919437836221    1.0174843744997220092173727765    1.0144847849845683423748233052    1.02761048322881615060934965    .9440285176229475541526669749    .9999997938197894240273345476 
 446.2752367   21            11            2019          5 
  -.0523172654002650378292880977   -.1065503440244996233285287281   -.1897257858762119390524542631   -.1877312095995130531516672881    .5132216201231135888387508193    .5744260019794192627224480726    .5811548091214087299592260796    1.3959141103291246094811605755    1.5410868527807785486296959035    1.505418281704089901163902066    1.7204492583489116549495518984    1.4432010719720044013815656109    1.4620145738415783355518637048    1.4998522099265742207828848595    1.5292578298687393873046597389    1.5670954659537352725356808936    1.5880668289834330393174602959    1.6321741385118624485847480141    1.6615819992236642961372720953    1.690985602473156449731372693    1.7119589821955272294408263769    1.3243712655230999959267961775    1.3500372650186081902312282164    1.0000001418407180019092464245 
 189.1358221   22            11            2019          6 
  -.3034540964410992982381204877   -.3063403820423079970317267572   -.2830307310674173974999736446   -.5477862355721349097094177592    .0621825092117227220913642038   -.1166259767985009329441035591   -.2263884203668258991325155215   -.322340365368576046176712074   -.5135626816830274057322534037   -.306721430958371581794604947    .3307146118884266081078884104    .5261088507463653021021235723    .65666513419300066055546016    .6494264208451075857829260996    .7255949638532276747377724804    .6790400600690861934821177379    .8314115129224904244091368242    .8536706489933616864004949383    .8589160857857396861681021556    3.1969163392025671693210146255    3.5288846533107384315009673675    4.148719641195881105380512685    .9472753390168070123613035016    1.0000004118733253968815461109 
-314.829526    23            11            2019          7 
   .0188997362337609973722731457   -.033446005315270207534473752   -.1103384121602368387773134087   -.1620389632705542363901408663   -.1665521994274450611725661335   -.2126088707448614587692769324    .1777872003021724207658972875    .009874061176841463084374113   -.0433735366993501111455473843    .1914664763685474659069937424    .3830390418972329806194861152    .6319709035168448590809745081    1.2880745499073679639564683015    1.2718711776734689109178406602    .9447487463421712231653901483    1.1659189170205084258837908361    1.1836971097812471375381735956    .7028432269723011938848454767    .8186620971503162000123203184    .9098285781493061105075640205    1.0155467438590877273690015974    1.0095911398094218138866683044    1.040930957663735770449941852    1.0000002350478398268147187694 
 1103.979337   24            11            2019          1 
   .0052968889942185575525857872    .0117428556545528895166268859    .0136495761242676229546133253    .0399951416844317259173483969    .0617311372739941055617782817    .088272639472417951605193857    .1057975417523598088865317232    .2987189061854696651808801019    .4541950045574086682385070763    .4720251389994992270403336362    .4779680944336370310162788853    .3043063296029787919844010631    .4374619015174556659297328859    .4459403210732376234683095341    .4637694591198675668691433126    .473122079820231273042386662    .4875444512056116499579013407    .4994305432366982788917905263    .5113184468958951176456665873    .5546444389656180675417840724    .6032768709329566011614581515    .6593098037305022494275180442    .7048169960449178225878334533    .9999996947406634296453322115 
 183.244242    25            11            2019          2 
  -.206363592041271343194510854   -.1633908365862868422354029547    .080581577018938472293170336    .8640118689240996723924345737    .3196085146293437149310263184    .4707846154314633253251144448    .3680251519171882082930605809    2.1273989062095604619325501098    1.2736040022474485173727859891    1.3604880419653240727749579165    1.4526328199715001140390539529    1.503717644781438753202406218    1.5958678799850092970451971964    1.6622110287099771462396073542    1.7390920256037294748939505559    1.846511499117118233925189311    1.8975908667296623705098466341    1.9692056681377197107235707848    2.0766196844537139671761145979    1.4885684648142995947452471658    1.3277994295722536263922552066    .7672754050301891614144143203    .8484965110117893909048449119    1.0000003165174488811495643066 
 1080.320812   26            11            2019          3 
  -.0038757116899826974730169319    .023599128811377559576256687    .0595530783868671781174572059    .0775377268210954358620650178    .1087517695623177534415582471    .0775897113791787249212042395    .199796854418092984031117601    .1795303745384107253503508363    .1770256555975707704870171473    .1698991613983643221713662589    .2609361005256649633072143388    .1529514179164031508077620928    .3025967808532786092433439114    .1504891863547658841177633445    .2850001560462393461693303007    .2971474736339708690162677344    .3058115666478523788728046831    .4463235315325944123346204683    .428774114924669247230979014    .5751732199342282040568519567    .7658251982282462961567012744    .7473953949893913549820606437    .9283797820605162978198738987    1.0000001740223810480474201954 
 855.561474    27            11            2019          4 
   .4685998752674083124972501976    .2782808801416413474457125918    .3005296612970209549197162658    .3100833874153618095243966069    .3050307989908390849305587128    .320456107868176401781270483    .3529309221794154793837759927    .3722129965847433658519317573    .4076122062504184240535356317    .3191988048774622593630250349    .274311323186111580335137905    .274311323186111580335137905    .2896497885083591316548692561    .3172655714976712474082253966    .0964002266422763211051272746    .1908226409923642728213823242    .2873837911967504044016830052    .6338171089737497927589011564    .6780595172054229267457641507    .4408846254337067075556513429    .8892494848359663282360467765    .8632854826279847191903828059    .9183576211380457741368564709    1.0000000303894001660013971129 
-1028.04887    28            11            2019          5 
  -.1569060622575267263315993918   -.1770909003576843579430226892   -.1991057098287555143171355268   -.2202466308824404427388748552   -.245541050981360448360786584   -.2933356660369657329617024918   -.1698229579300057982652128201   -.2960640382786472008864714768    .5564275363679938678401543304    .5427248803843342583509673037    .5336202548425543233173341263    .5226402320737923674776277902    .5263005639021810315301450601    .5208562701887897605490291527    .3602753826284542290290149339    1.0154925806202189590461784176    .8647781500893046066963723232    .7850979885810292267526153693    .7166820775747752147230121463    .7475600843761444920415116063    1.344061591157626582479488548    1.4138141117746668988605570862    .8982655659161417102671393433    1.0000001264531325247213199116 
 1259.429535   29            11            2019          6 
   .0169673168733493295438716228    .0453357400420183095039136112    .062930745863443642363048124    .0888663453489678563080545828    .0878009423528407248286423583    .2974122724539725837063206557    .3492986211411978678108418348    .3728645287010837013600764889    .2876332418232513500646147702    .5064925684786326691949462659    .4880342114574913474615314623    .5380894136328159081960865718    .54385916874658652498569521    .6735939379093567152210703078    .729298682041786482321934748    .7688309453533658792589773591    .8224318798431227833639775647    .8584950328324641044725062764    .7599730460505676484710992584    .8288562170332141686672450476    .8854794722596369792137676047    .9379873721954599071713845428    .9633170941953493253594374377    .9999995752044992338535240084 
-213.38835     30            11            2019          7 
  -.1863166850486448768173145347   -.4377403452437773664775982381   -.366896787008287940742781881   -1.233785255849253251173271643   -1.842078538964287413066364682   -.7715332163166358425846584408   -.0700858786339554150917798465   -.1721500259972018153755816566   -.6562317014963562912408292205   -.1509061295989214031600131872    .709628712157903653128204984    .6481305094678317724468088347    .6657650241918080345061012    .621901336225712415883997416    .6042668215017361538247050507    .6042668215017361538247050507    .9011152670705781266877971548    1.5675012248794275788720424522    1.886754829867703649238583081    2.0707719048392285708193535402    1.7101814602343567490915038239    1.4017100746127893111315589628    1.2730793410230689726032372433    .9999997656854275315404988135 
