-2283.646447   1             2             2017          4 
   .0776545337098759753856066144    .1449788343703275535978796809    .2035430224370453961081130524    .2530091296571005502937206637    .2942157709581740697534516384    .339448911200044443657262853    .4159067185061506151788302631    .4758639418232151590144987097    .5674394132692117204953661551    .6436832645136683892294296114    .7183423695708357608124967341    .7488177525231426508991476998    .7961087857484797426700789117    .805877811084825951606684938    .8306806872368715663979486401    .8525641097192134663216542994    .8739645327418758705953049833    .8843133325882997334219135367    .8808057843815610569423665256    .8947519011466313900910073756    .9062633152863000951215107248    .9431455568918895789125627291    .9772094988397299838244181587    .9999998042604184254446458979 
-351.5649861   2             2             2017          5 
  -.0407329243985824787458832778   -.2342853334563057615025673343   -.5706097248914857167000454031   -.8652192682051621408608756787   -1.0494722585799621528351056687   -1.1070471047685485081928640902   -.9773015333849823334269749111   -.8926133500414590917078815432   -.740578016281582143597888857   -.7137172640071394185975222747   -.7665083573577181098012649901   -.8668684654316319016389101099   -.8658214328357996854567878709   -.9054283349749089248111559879   -.7346308938926497947970706631   -.5738114089172090053025903423   -.4451108790324441242756626155   -.3953084223252800202562606675   -.2182561774743244261889253026   -.1560818118115773304536142486    .1029828095272881328610784543    .3852909287202762197938914714    .7448312839820654711097806904    1.0000000395374981854599427642 
-1718.146219   3             2             2017          6 
   .073589254861899504025856137    .1271223587286548631051057244    .193620773553033672275595771    .2485179056812277046369357927    .2916087667390781017107368788    .3083463410397901646809723591    .3014670080300074856434555876    .2772873430279335265353221954    .2488159594756818540599424967    .2426408738615045661605591206    .247663147230660698500189756    .2898891808462548553325425675    .3461098324600742260807547719    .4150554196807856200276048799    .4758275465494593041967401961    .5400377393607615883593199584    .5868836940937912106769301688    .6308456102361565072361283123    .6736568676172723341423597429    .7381432301717273109454719814    .7982411420130710074332736404    .8765365737478016124540329358    .9437380719225038203806098764    .9999998725370416218341659081 
 105.525739    4             2             2017          7 
  -.2849306745911535383798638927   -.4662571469885655100695385796   -.0967548779734203045950713503    .2736618598804600648188779801    .6431650765317075865254068488    1.0091016751846675056215431953    1.3741244683441638821406405882    1.7260727262000032049052980335    2.0759181795448028087251774659    2.4296034543761877848588200837    2.7758839007040737236628117809    3.1390777561860997723029449716    3.5064781683263075750646958274    3.8857647800978678765755907192    4.2683425320527724520365595355    4.6654579694533103435551396612    5.0527909593696377715014154035    5.4516453090179259488531039806    5.3906677687421833643827881651    4.9014136731134382295110011028    4.136152033960169660598159848    2.8935812522478520619504972147    1.7696914683535170504705017986    1.0000005780580224129015576001 
 129.436438    5             2             2017          1 
  -.3561813868827261763801009419   -.6870700505525345189119002178   -.8039397684908479944418742426   -1.1639087286997190080277085499   -1.5867301601732890702693780866   -1.9266383087581566482847743384   -2.0675638493698351000666442938   -1.8572884399059250997002868698   -1.5673121350882662577596580648   -.8195744694395870195377286263   -.242612594144471126438136377    .3621426139677916662076253983    .4550808173506752403059793719    .6557058530921563215452514229    .3050534347986306607108579425    .2638967861584695339035828535    .1985987129837426459464219805    .4610574960352354566493864734    .6687015753631910049935088603    1.1352382858372539578074606781    1.3276207430862706527817151458    1.4292520936028848383482246321    1.3179943966010560333868272858    .9999997064196096001961982297 
-2450.3630584                6             2             2017          2 
   .029384037501371107023705202    .0614435479199191309519131461    .106634891961934745759306212    .1517726521076579743135095902    .1971299715542593735014985892    .2386569606472320624338710444    .2707761193695279551721795579    .3269846063232667938265551841    .3855280941987612850799416051    .4840511270091060723118188517    .5944102834096170440372975874    .719888831964281297622422563    .8065894534381950426158938538    .8890625381132296619673851348    .9168412788050053472843361243    .9297132488960804029725001832    .9272376973735395422577351732    .9215254826255994783895245162    .9062457060750798005092876648    .9057621042692421941876594853    .9060726704922315768127726031    .9257664868165399044607144246    .9568924865897333510012893198    .9999999761667970793956040649 
-1380.7256967                7             2             2017          3 
   .0795417947695823455300511465    .1659760519759434995094344578    .2381934375423288955146452009    .2981617572439868388812901566    .3434044873165139231814805406    .3652842133708657006412329488    .3709237115120318597602008402    .3774652715203572990762604672    .3580235387676767933944688784    .3586153290138878314105617384    .3475158759968054413627978073    .3596484813651545622023332044    .3716432606609862916155285314    .4228636443831312957123440781    .4600340976619125162110847241    .5120195862868813369278984319    .5394802905314827983240213711    .5459239310179776999583091775    .5919410364806024979371270073    .6305918706959341549857315696    .7274602061804301030939160039    .824174564665361167243929661    .9397782652276757615588165072    1.0000002196670929822638970517 
 295.463329    8             2             2017          4 
  -.3880495098598174936287947937   -.5533583492522011081788088836   -.695015861003854051884726446   -.7638338766568219367757817418   -.7303589949059295950733703403   -.5726236842068478826352085135   -.354938801897815210766815668   -.174739485183286484936342134    .011199741812967930108172578    .097713716614896733936142715    .1894097659747142427952539586    .2696505528102270857443699891    .3601628004401182388356559808    .4568712484790286783778842484    .5775674449264734304811139524    .6973163156907367005263790282    .8369265344600513859369668173    .972390384188760020367874485    1.1126216614177524548232515176    1.2301293065035492103319529037    1.3065198354953890064644875101    1.3142040378215599134469915893    1.2350629136788748494741288182    .9999999018490717675491972813 
-245.8838335   9             2             2017          5 
   .3416820000083494712554983815    .7595745411216715880590823796    1.1261163292380505365758420226    1.3906270092376772708808446327    1.4677760422992591743531605546    1.4660496172880759970744477595    1.7045349994512754332830100438    1.9273983704178745854798135803    2.4029461050354089261423525024    2.6557207552240314327131230447    2.8158768721978624918421080335    2.4932330494188427398176220479    2.0674307568903264231887778828    1.4642024035305273536822419844    .9718288372138951542741422242    .5229042437228798126738169632    .1863585716382610408585483519   -.0156245937169350338764748436   -.2722965111083645114879014606   -.3311600394419586759859102327   -.1917982948643103858229052704    .0751406863029894968674302859    .4750739336427337749311607345    1.0000002704529169462456749927 
-2695.681135   10            2             2017          6 
   .0500511348498196913041052239    .0972224409620316610629098015    .1533566023935542361541213961    .2030050189893842915512334882    .2581378750495280666791474949    .3095424340683379824149713464    .3564259094019293198043618019    .3885081163355027151607083528    .4133649137994208651091072016    .4277675816431456385882969055    .475647873686662870087563231    .5230715093460043077387192532    .6090646177260130582914807541    .6984127223192516054017642558    .7792383055720720470153084334    .8316135654523545864410999782    .8711512535773263850807784801    .8740243678709425697709606889    .8795354054365929299720384028    .8910449269438538397457754216    .9071447539732847520187138157    .9384455628502960903793986747    .970339913737609029192542092    .9999999499198928808024618238 
-140.702536    11            2             2017          7 
   .5102731765971865638583799229    .760315364891504158816298805    .8416870325635068866136144127    .7507377123607779180326927441    .5366036899292277148437466685    .2602823733042025624897052318   -.0483289299064232928964407578   -.3501322819085506745948061661   -.6305479810257293443524003007   -.9109636801429080141099944354   -1.1906949566282159974714315028   -1.4851011640614636825024959038   -1.7828676520798459524567488961   -2.0899609087358596009953935727   -2.4050774749362015763525399428   -2.6501157022500290968458450529   -2.773287611532460225166090823   -2.7300616671187788683496081407   -2.4890375820944691430437330568   -2.0030200450686972692517780916   -1.4096888772495188004287285909   -.6637554137616965198125497894    .1366032947693281093384130617    .9999997441410721978742444273 
-949.2373783   12            2             2017          1 
   .1259236127153675107233185109    .2642309560641118297606338581    .3935193751735555734173094562    .5372064055392033649334855738    .6573284135918228410959741491    .7724530415281056152653612798    .8494893041866217037483889397    .8644123364268492797087739797    .8126540501191723878410614838    .7373319003234620096291250313    .6139045019946829879275941277    .4687702045582205662286234057    .3820674451837480913492595027    .2889415295583920222876878678    .2304690112306758495879596991    .2098458241886111787134204553    .2095472687308525048207111884    .1823531225772001397387450519    .1808383276135050190953905887    .2548150815902189173201040181    .3256166550811013296145925694    .5140071505336338060213952702    .7441526388952987566945666282    1.0000000228604567161722775998 
 113.01976     13            2             2017          2 
  -1.6003396220271570210377371178   -3.2327037325154468563727263268   -4.211420197671628394893070026   -4.9113482456519107809112318058   -5.6465568498818259745021578528   -6.0812153556156905659682873154   -6.3575449107306545333311626215   -5.5914602897758763600276624194   -4.8400828315331761454811087902   -3.1613462990896459167848170975   -1.3775166395681604703460704571    .2246817724617358946789481768    1.4789104135418443642067546418    2.6786395582506988158530862214    3.3751115734098178937913157841    3.9714418080519725046310485883    4.7444517666645195495017862363    5.156129335259604161254633703    5.7031142164874531674815094281    5.9791420544513631952501049374    5.4034958134754488949542982572    4.6007273418382767756717940296    2.8851078784807187698859031376    .9999994691193823097837050795 
-1197.910865   14            2             2017          3 
   .1791444641417456381447880097    .3047592359887310981188905069    .4010217404614658036347303687    .4250130914373165819812478285    .4205595046506235670547991899    .4001498892824550848363830476    .3109532694655040131053490361    .2959133357555781080589831698    .2313832423583535992053966386    .2389060057485996673049626276    .267251770856924317152762447    .3491406683251011334637155996    .3731712542735806975087416041    .4474646784341504407341693157    .4611444107738349964794751236    .4596551513872444925190656819    .4468196387884001703248596881    .4248284366299657863108203798    .3887583071550152439764372619    .4366658783080659344382856065    .4952333410883621962974682595    .6490848549069633824550042795    .8255309546758305760921535677    1.0000001126961979762993467799 
-3362.52829    15            2             2017          4 
   .0393726352856945034059475526    .0755339964738259495803379546    .0862313637218499059825010424    .1053275896750893953073626036    .1583203928969769351739788634    .2173619779419015683582546156    .3026906875480890006132855465    .3825410194541441315278867141    .4514879486709091747150772671    .507803013904159598907047411    .5664562007298383205572970808    .6178612700980428033811427056    .6810158316913372348162459623    .7388639695281195686237631625    .7818137940484063555640746743    .8095203267419944889147683572    .8177968370341948855395354904    .8115155515910915949498227121    .8053035592452963421759047862    .8196588288034894124266237772    .8372667104014164294213268909    .8839770980781844961072431602    .9372816310193779812035425284    1.0000002111506398656946318212 
-1866.63583    16            2             2017          5 
   .0795376889342148757532421308    .1713439733983891223174474263    .2248048029807720984333617983    .2818039231573091576196734636    .340228816887116111984199939    .3939180788145484167632204938    .4412726825242607713149918482    .4743983190336596078304143556    .4919058046796412345733232818    .538125853932633447842903562    .5667281121460097548861472353    .642474006298271902345301065    .7182081145415493283443509171    .7879555167437239217678576329    .8186862029751137906744241591    .8400840564600112706504728349    .8021409296531075373175495083    .7640595862772011614070431724    .731814946464410254034392986    .7381627298989540986149397979    .7676960749221234010063976968    .8501352939314359994900558616    .9122143551696422756440928277    1.0000000910729330637567371671 
-1992.10059    17            2             2017          6 
   .0169829124943936691469982447    .0517695745474378881640710723    .0835767535212667147495799898    .1461284643261914801199873145    .2343862063712355007133450023    .3578148129558056101976256129    .4781594387259330112441761789    .5502061519895438613368414293    .6304385462784286409954830644    .6576982139240267982652422185    .6817321408453576131916109718    .6973924946229748368278933144    .7321437518373507434180319178    .7580355166703705458969820394    .7857665460557892812029135537    .8097407370377818120118121144    .8091775124668779903328074412    .7978683445899687224127572795    .7822817822668282026862910572    .7835111378587564195239759454    .8035573143422441333647715048    .8527922779240781209748047914    .9250215622896833738701919666    .999999703830216726154375568 
-1331.8518303                18            2             2017          7 
   .1087334917483876209228797724    .1892754841529311520742668908    .2510456436619427154306025058    .2722567118583476259836619455    .2789560306541856017149777986    .2655007801583677412167460682    .2499551319646521493390179561    .233252973741098593435630465    .2248239580318426356710019382    .2253856571510543352669220715    .2363269643358915613752864172    .2863145819412251176751639593    .3512462042377688055049407098    .46611596416109231216183583    .5856661996885195105325223353    .7133026199964069681843496882    .7942978159677947472652881934    .8515939792976233746742781347    .8431606087495872700607572983    .8518042128939063260001137681    .8487363040567201148666694895    .8903625561207444773821248996    .9346047147899467056804779765    1.000000127416576032917285694 
-1856.36608    19            2             2017          1 
   .0313895198946966322504664597    .0677008168561235508030829781    .0968878401398069070514367511    .1162004640808778406466034975    .1333947558447092504512902972    .1281638371672897621572572582    .1635700540272746203162686532    .1808459029805155672743169278    .260770117066564801701181698    .3465354742961043545893706483    .4393031680475437258582100358    .4998066437413034394595272932    .551449421010752361947919238    .5605284492162235586636015241    .5621041082586469151601821985    .5721188355262341358876800852    .5642421563746736850524655137    .5575570525399817691131266523    .5693747647015829981120965106    .6020493544032004721827280964    .6686251237686911409197909929    .7734131836754957298077758456    .8932257585745156472585407292    .999999956905051831156061632 
-643.330606    20            2             2017          2 
   .2658748059003429412466037719    .4698957226356490180726766169    .6403211601594468521213181641    .8119916806818297091868811228    1.0018620192927677997026617447    1.174789280894246775506278338    1.3158271845067479970010940223    1.3832704237920245939612579228    1.4083051413226250267968752601    1.3998698205880166068144440185    1.3751660371028578111827000502    1.3980506937050652304889719486    1.4293319662145842319835161084    1.4836315746495045503866483231    1.5136610801942788339841552634    1.5314847308850093788325065324    1.4996800882810789200972664434    1.4558197469000876355010537148    1.3925558517575021139286508623    1.287838775697856352259416677    1.2020261321128564494256317101    1.1005212458367012621190293564    1.0302220877083531760340343578    .9999999906735355911234230942 
-642.703288    21            2             2017          3 
   .0544136161319902878729321204    .1357725588607849163516337884    .2860052273452816068369016964    .4286730831226119384657636916    .675039023606177661253850626    .8908034402338392891495523203    1.2073271048832723569324574546    1.5038883697137706256763385346    1.8073083204764933457132087988    1.9823222065109459965918207657    2.158191852909892068266499984    2.1614779727095468041233982298    2.1008232340021885806814170212    1.9835015998860114747071279959    1.8067948642577972932355684479    1.6176515966415905437222533705    1.4556499359312442166936603567    1.3235007753686799249734039014    1.214386349926375357208379491    1.1397741596741294405825414106    1.0778721891337204423948738224    1.0019321699813678252101924831    .9591825831767022172134896562    .9999998630783416810526726292 
-366.696851    22            2             2017          4 
   .1675731325001206514315008394    .2744340447035908688509572175    .4731976823002496958993520236    .4204846580479634388788356407    .2313428920064546722818735086    .0977036751264602487682666247    .0115792076981866419136498121   -.010877944517718260962104635    .1595218225640012381780720555    .3417834095335604613632201603    .4070097673132186237399677043    .5366484589746313365532555391    .6657139250972187923151813485    .8437397243970333413089495006    1.0948029657336762894645092003    1.3190827755431147675713201039    1.4645296204084392314566126449    1.4803470455763472045741674504    1.4489407218825557899323220531    1.329319296499767324154087159    1.2392018059626042439071831571    1.1216662997741423200822632644    1.0567625518005880012315677071    .9999998609205400566693167485 
-1213.90435    23            2             2017          5 
   .0013207004324517001689630653    .0268973828127397352188415834    .0723173782184733088731414464    .1241854846306465579433832657    .172743923357717599413825315    .2030651756046512231379679956    .2004483302164622772790953422    .1853834694636360764338640025    .1620548604179563241535463647    .150292731054139479770378943    .163059305290404470500497012    .2142964558945686289039165236    .3154293828834207571626215855    .4432042771738975974507381904    .5973558789866763390377503796    .7399148870337271630997944772    .8441538248050598055769385784    .8989242027182784211952119621    .913508547852225754030785045    .9087618806209896191573907779    .8996351318783889356686134291    .9174025943642099972703780162    .9537959065720458123409805723    .9999997116741529099883363957 
-1637.927534   24            2             2017          6 
   .0373156252222816592568496379    .0774268075769461971813949615    .1386343383858153031085195739    .1955259883921091712962192624    .2848125392096864280443801368    .3625592632598115906634487286    .4428775907005419447329468973    .5000980098305130512568817956    .5602407194163450701232304945    .6001698363292792659043241897    .6481367325253108541980221696    .6958744977053423170551573376    .7356638037931658580934509158    .7741539071044152799497416593    .8041912555088655100415449759    .831695524815568550055279796    .8581899814378479090882661723    .8850232808895439204455061075    .917280507722388651169716523    .9452286306092464772009870859    .9687125755344924801783080594    .9885577758411380365744556804    .9975618371893124302286745733    .9999996739782506153291150425 
-117.010455    25            2             2017          7 
   .0872281028220939744230547604    .136056730998952187648531065    .1670422527627979910000349969    .1876048597537715753690556968    .0838706165188401327043809889   -.1650487556859769496665917588   -.4422205690935908248540696641   -.7827020243618401449682423677   -1.1030347672778470949454901274   -1.4169750899609782732662649675   -1.7292668420099725276685745731   -2.0560290958615621142572259889   -2.4902176476452467431222278385   -2.8135990070289018190724922828   -3.1590963388698898743706278212   -3.3421577584669677594194467494   -3.382567822678751227828316709   -3.1155592036626128836094176371   -2.9156633909337417754678417412   -2.5412882976995517195450611657   -1.8349753447245376492211742959   -1.1471897959887430571909151195   -.207614353777190251930906516    1.000000384581018849982251586 
-709.3641832   26            2             2017          1 
   .184506355268149659236981899    .2978639251940173232022295878    .4236812445819015238941373154    .4675815439450848214181445861    .4834621032780669437103319484    .4420562912909133188386780112    .4521344713982734390754337144    .3872631386049940616736793824    .3913503198705056920330848754    .4070518456365164843298786952    .5143487768921231883250797882    .589391753773000474772208657    .7588461790834888603098561405    .8758981841980318354477641182    .9739843318325576266563327101    1.022960303305034417474941946    1.0420355545236104613069784886    1.0083204324940323544657928255    .9754222392208313006350839959    .9310994488338581794920259797    .9055347242121654388033387813    .9047311877304830915799189451    .932976199918180475735076555    1.0000000236831805127428655324 
-1886.3737     27            2             2017          2 
   .0397388598028057749108779453    .0964622227292503070839038945    .1497867575231779365880684193    .2036218486294629743830716045    .2585273533022645512922492505    .3005761795767190774553313588    .354464812566036093484551868    .4136578027990954284402926101    .4662962063137330636024028537    .5152949280410344991557081187    .5608984052311585981081055148    .5892771935910684081314322819    .6236754679096724047838453218    .6684417833009440282166783814    .704556578582494020140335926    .7470995805338040919463624837    .7752339846553204171580636435    .791347970977330737806618063    .8018114332276791178757422244    .8213706541816184142092311826    .847144974508497441413649904    .8893370385730038539023312295    .9412572917020630641743998021    1.0000001590352961345888145069 
-1745.448115   28            2             2017          3 
   .0627927000855021118745772629    .1243523070864813417842557869    .1650941655174894728967638204    .1996105739298930693222009638    .2130022638914133520376800201    .2260385150434563332751944907    .2375506876639527036299214199    .2744808028853954217940187812    .3143201996582980640475812711    .3837995493781836075946605838    .4417746900485781555299912195    .5043106079380652343252265622    .5520623567776461805626344843    .5812134954237811875605365674    .5965522498501767266797271714    .5957306843234351884472945218    .5788788514060184481622359769    .5510081289354166795155638299    .5287431875338213648361584211    .5578229977921744182009099709    .6041164964677280023302210848    .7222827130556097910707589266    .852708818560327128371845072    .999999934114340603014716367 
