-555.481907187               1             8             2019          5 
-1471.12742    2             8             2019          6 
-1603.249259   3             8             2019          7 
 292.4978      4             8             2019          1 
-1426.159108   5             8             2019          2 
 6200.032881   6             8             2019          3 
 2983.9694201                7             8             2019          4 
-438.524369    8             8             2019          5 
-57.920863     9             8             2019          6 
-197.029634    10            8             2019          7 
-168.11837     11            8             2019          1 
 794.06325     12            8             2019          2 
 852.73764     13            8             2019          3 
 1244.09541    14            8             2019          4 
 159.603849    15            8             2019          5 
-622.215949    16            8             2019          6 
 180.35433     17            8             2019          7 
-163.3686864   18            8             2019          1 
 1060.248024   19            8             2019          2 
 666.7888      20            8             2019          3 
 1306.46846    21            8             2019          4 
 874.157389    22            8             2019          5 
-168.00321     23            8             2019          6 
 366.47214     24            8             2019          7 
-140.88001     25            8             2019          1 
 311.89081     26            8             2019          2 
-154.72183     27            8             2019          3 
 54.608217     28            8             2019          4 
 1136.36456    29            8             2019          5 
 291.228619    30            8             2019          6 
-461.726053    31            8             2019          7 
