-1085.303061   1             6             2019          7 
-552.013902    2             6             2019          1 
-1285.709074   3             6             2019          2 
-1265.645329   4             6             2019          3 
-488.315884    5             6             2019          4 
-572.51395     6             6             2019          5 
-196.99464     7             6             2019          6 
-821.601467187               8             6             2019          7 
-1388.54258    9             6             2019          1 
-693.461033    10            6             2019          2 
-824.37242     11            6             2019          3 
-298.981695    12            6             2019          4 
-639.82192     13            6             2019          5 
-2011.853909   14            6             2019          6 
-583.910845    15            6             2019          7 
-551.648714    16            6             2019          1 
 451.73733     17            6             2019          2 
-904.8931      18            6             2019          3 
 245.657558    19            6             2019          4 
-598.960721    20            6             2019          5 
-1734.82765    21            6             2019          6 
-1341.501837   22            6             2019          7 
-1007.2874     23            6             2019          1 
-1112.191196   24            6             2019          2 
-841.35984     25            6             2019          3 
-141.72063     26            6             2019          4 
-1074.913139   27            6             2019          5 
-1059.546762   28            6             2019          6 
-397.272281    29            6             2019          7 
 426.6830462   30            6             2019          1 
