-2283.646447   1             2             2017          4 
-351.5649861   2             2             2017          5 
-1718.146219   3             2             2017          6 
 105.525739    4             2             2017          7 
 129.436438    5             2             2017          1 
-2450.3630584                6             2             2017          2 
-1380.7256967                7             2             2017          3 
 295.463329    8             2             2017          4 
-245.8838335   9             2             2017          5 
-2695.681135   10            2             2017          6 
-140.702536    11            2             2017          7 
-949.2373783   12            2             2017          1 
 113.01976     13            2             2017          2 
-1197.910865   14            2             2017          3 
-3362.52829    15            2             2017          4 
-1866.63583    16            2             2017          5 
-1992.10059    17            2             2017          6 
-1331.8518303                18            2             2017          7 
-1856.36608    19            2             2017          1 
-643.330606    20            2             2017          2 
-642.703288    21            2             2017          3 
-366.696851    22            2             2017          4 
-1213.90435    23            2             2017          5 
-1637.927534   24            2             2017          6 
-117.010455    25            2             2017          7 
-709.3641832   26            2             2017          1 
-1886.3737     27            2             2017          2 
-1745.448115   28            2             2017          3 
