 446.966       1             1             2021          6 
 911.88829     2             1             2021          7 
 1896.810637   3             1             2021          1 
 1526.851767   4             1             2021          2 
 1422.064644   5             1             2021          3 
 519.83976609                6             1             2021          4 
 428.4943318   7             1             2021          5 
 427.189515    8             1             2021          6 
-354.390743    9             1             2021          7 
 1416.912085   10            1             2021          1 
 23.7718886    11            1             2021          2 
 150.616252    12            1             2021          3 
 569.287       13            1             2021          4 
 920.3016      14            1             2021          5 
-203.255374    15            1             2021          6 
-848.890736    16            1             2021          7 
-841.222573    17            1             2021          1 
 645.20039     18            1             2021          2 
-45.9556357    19            1             2021          3 
 6.305531      20            1             2021          4 
 80.251254     21            1             2021          5 
 700.240492    22            1             2021          6 
 686.986602    23            1             2021          7 
 1655.871419   24            1             2021          1 
 125.0079364   25            1             2021          2 
 750.391636    26            1             2021          3 
 1031.654923   27            1             2021          4 
 76.3207732    28            1             2021          5 
-302.941895    29            1             2021          6 
-1381.072504   30            1             2021          7 
 1277.8199197                31            1             2021          1 
