-242.567138    1             10            2017          1 
-98.648293     2             10            2017          2 
 16.60952      3             10            2017          3 
-1324.993111   4             10            2017          4 
 1026.6962312                5             10            2017          5 
-2192.65059    6             10            2017          6 
-111.1183193   7             10            2017          7 
 396.81526     8             10            2017          1 
-1062.4165959                9             10            2017          2 
-316.548256    10            10            2017          3 
-1006.2944093                11            10            2017          4 
-1327.8580485                12            10            2017          5 
-233.7812143   13            10            2017          6 
-252.605337    14            10            2017          7 
 98.690762     15            10            2017          1 
-2032.24157    16            10            2017          2 
-135.534166    17            10            2017          3 
-929.50533     18            10            2017          4 
-1665.190354   19            10            2017          5 
-714.1932284   20            10            2017          6 
-1531.1145947                21            10            2017          7 
-1505.25325    22            10            2017          1 
-1703.4607     23            10            2017          2 
-1290.33889    24            10            2017          3 
-1598.19307    25            10            2017          4 
-1678.20483    26            10            2017          5 
 78.032679     27            10            2017          6 
-948.980887    28            10            2017          7 
-3466.84607    29            10            2017          1 
-2712.0244     30            10            2017          2 
-1770.42184    31            10            2017          3 
