 374.517532    1             10            2019          3 
 665.2057418   2             10            2019          4 
 404.0068809   3             10            2019          5 
 1138.66052866               4             10            2019          6 
 851.836412    5             10            2019          7 
 179.491977    6             10            2019          1 
 987.62254926                7             10            2019          2 
 615.0251008   8             10            2019          3 
 461.702111625               9             10            2019          4 
-94.3912096    10            10            2019          5 
 467.7600645   11            10            2019          6 
 930.9182145   12            10            2019          7 
 1240.7786007                13            10            2019          1 
 326.852501    14            10            2019          2 
 695.440382    15            10            2019          3 
-253051.062125               16            10            2019          4 
-333669.458    17            10            2019          5 
-27444.0402565               18            10            2019          6 
 1295.8509631                19            10            2019          7 
 424.289838    20            10            2019          1 
 697.050004    21            10            2019          2 
-154.775856    22            10            2019          3 
 158.602986    23            10            2019          4 
 531.185888    24            10            2019          5 
 239.9065035   25            10            2019          6 
-667.287084    26            10            2019          7 
 835.1186618   27            10            2019          1 
 757.347018    28            10            2019          2 
 1165.037126   29            10            2019          3 
-94013.2183833               30            10            2019          4 
 872.275167    31            10            2019          5 
