-1013.079762   1             7             2017          7 
-1235.761061   2             7             2017          1 
-1482.83234    3             7             2017          2 
-1594.702979   4             7             2017          3 
-1220.760344   5             7             2017          4 
-1328.20469    6             7             2017          5 
-1724.92488    7             7             2017          6 
-1174.405814   8             7             2017          7 
-566.3647022   9             7             2017          1 
-170511.478945               10            7             2017          2 
-510.742121    11            7             2017          3 
-1790.812598   12            7             2017          4 
-2064.696441   13            7             2017          5 
-1498.824555   14            7             2017          6 
-2145.52748    15            7             2017          7 
-1212.424276   16            7             2017          1 
-1968.218438   17            7             2017          2 
-1341.268594   18            7             2017          3 
-690.86404     19            7             2017          4 
-2351.20293    20            7             2017          5 
-2041.62768    21            7             2017          6 
-2066.03287    22            7             2017          7 
-1007.953363   23            7             2017          1 
-1526.633493   24            7             2017          2 
-1585.450888   25            7             2017          3 
-2744.758267   26            7             2017          4 
-1582.679881   27            7             2017          5 
-145.607425    28            7             2017          6 
-66.651269     29            7             2017          7 
-726.799361    30            7             2017          1 
-755.903458    31            7             2017          2 
