 1099.684254   1             2             2020          7 
 153.052913    2             2             2020          1 
 664.78709185                3             2             2020          2 
 249.545141    4             2             2020          3 
 1333.035629   5             2             2020          4 
-338.73924     6             2             2020          5 
 764.750222    7             2             2020          6 
 93.643184     8             2             2020          7 
-231.934651    9             2             2020          1 
 581.384221    10            2             2020          2 
 550.425735    11            2             2020          3 
 279.927268    12            2             2020          4 
 997.881846    13            2             2020          5 
 411.014925    14            2             2020          6 
 1443.769981   15            2             2020          7 
 580.897002    16            2             2020          1 
 711.031732    17            2             2020          2 
 251.9814072   18            2             2020          3 
 547.613484    19            2             2020          4 
 920.757979    20            2             2020          5 
 279.344766    21            2             2020          6 
 193.7374792   22            2             2020          7 
 33.317134     23            2             2020          1 
-211.826014    24            2             2020          2 
 197.606276    25            2             2020          3 
-735.9422363   26            2             2020          4 
 399.943107    27            2             2020          5 
 517.996468    28            2             2020          6 
-101.216743    29            2             2020          7 
