-2308.79011    1             11            2017          4 
-2018.28284    2             11            2017          5 
-1792.90486    3             11            2017          6 
-1942.17328    4             11            2017          7 
-764.4801863   5             11            2017          1 
-1962.41526    6             11            2017          2 
-1942.50814    7             11            2017          3 
-1685.97017    8             11            2017          4 
-1957.02099    9             11            2017          5 
-2268.29091    10            11            2017          6 
-1248.610435   11            11            2017          7 
-3433.282848   12            11            2017          1 
-1962.817899   13            11            2017          2 
-2480.58863    14            11            2017          3 
-2441.71622    15            11            2017          4 
-1873.36768    16            11            2017          5 
-1102.389667   17            11            2017          6 
-1873.21492    18            11            2017          7 
-2019.58065    19            11            2017          1 
-847.93994     20            11            2017          2 
-2518.94143    21            11            2017          3 
-1983.76875    22            11            2017          4 
-1666.696693   23            11            2017          5 
-663.3984125   24            11            2017          6 
-893.239294    25            11            2017          7 
-1917.16659    26            11            2017          1 
-2166.50192    27            11            2017          2 
-1839.21416    28            11            2017          3 
-2490.50644    29            11            2017          4 
-2017.32605    30            11            2017          5 
