-109.717787    1             4             2018          1 
-215.55297     2             4             2018          2 
-603.039039    3             4             2018          3 
 425.281461    4             4             2018          4 
-2635.963025   5             4             2018          5 
-1178.908131   6             4             2018          6 
-1699.21943    7             4             2018          7 
-605.816364    8             4             2018          1 
-1255.342277   9             4             2018          2 
-1633.083801   10            4             2018          3 
 310.391116    11            4             2018          4 
-2251.45279    12            4             2018          5 
-2225.701061   13            4             2018          6 
-1468.545577   14            4             2018          7 
-690.47796     15            4             2018          1 
-1941.495432   16            4             2018          2 
-1113.7646083                17            4             2018          3 
-3334.19269    18            4             2018          4 
-1097.555371   19            4             2018          5 
-2033.626171   20            4             2018          6 
-1553.78188    21            4             2018          7 
-2615.36885    22            4             2018          1 
-1725.8887383                23            4             2018          2 
-926.30188     24            4             2018          3 
-1292.865266   25            4             2018          4 
-3533.90915    26            4             2018          5 
 467.30981     27            4             2018          6 
-839.355       28            4             2018          7 
-1166.95575    29            4             2018          1 
 552.43062     30            4             2018          2 
