 642.87086     1             2             2021          2 
 346.8736207   2             2             2021          3 
-563.21614     3             2             2021          4 
-20848.062846                4             2             2021          5 
 611.2647258   5             2             2021          6 
 318.49758     6             2             2021          7 
 380.78885     7             2             2021          1 
 199.2025726   8             2             2021          2 
-542.8083128   9             2             2021          3 
-257.538283    10            2             2021          4 
 292.666023    11            2             2021          5 
-460.504161    12            2             2021          6 
 214.588627    13            2             2021          7 
 476.03755     14            2             2021          1 
-314.080499    15            2             2021          2 
-653.298231    16            2             2021          3 
-337.575842    17            2             2021          4 
 272.2133871   18            2             2021          5 
-310501.66175                19            2             2021          6 
-394711.48     20            2             2021          7 
-399160.78     21            2             2021          1 
-396090.77     22            2             2021          2 
-241326.1186   23            2             2021          3 
 13034.26358   24            2             2021          4 
 5076.8879155                25            2             2021          5 
 3234.183018   26            2             2021          6 
 2517.114212   27            2             2021          7 
 1978.35781    28            2             2021          1 
