-146.1396      0             1             1             2019          3 
-170.687       1             1             1             2019          3 
-215.0332      2             1             1             2019          3 
-52.76514      3             1             1             2019          3 
-54.73633      4             1             1             2019          3 
-108.6953      5             1             1             2019          3 
 106.8052      6             1             1             2019          3 
-190.9829      7             1             1             2019          3 
-65.6582       8             1             1             2019          3 
 138.6948      9             1             1             2019          3 
-67.375        10            1             1             2019          3 
-46.32178      11            1             1             2019          3 
-134.6328      12            1             1             2019          3 
-32.96631      13            1             1             2019          3 
-107.4048      14            1             1             2019          3 
 9.714844      15            1             1             2019          3 
-45.271        16            1             1             2019          3 
 4.144043      17            1             1             2019          3 
-115.022       18            1             1             2019          3 
 185.4028      19            1             1             2019          3 
-248.698       20            1             1             2019          3 
 20.40186      21            1             1             2019          3 
-66.81201      22            1             1             2019          3 
-387.104       23            1             1             2019          3 
 82.2168       0             2             1             2019          4 
-361.8403      1             2             1             2019          4 
-280.166       2             2             1             2019          4 
-3.10498       3             2             1             2019          4 
-40.3418       4             2             1             2019          4 
 181.2534      5             2             1             2019          4 
 126.448       6             2             1             2019          4 
-48.25391      7             2             1             2019          4 
-100.6978      8             2             1             2019          4 
-147.9331      9             2             1             2019          4 
-175.0581      10            2             1             2019          4 
-15.44287      11            2             1             2019          4 
-33.83887      12            2             1             2019          4 
-145.7378      13            2             1             2019          4 
-138.604       14            2             1             2019          4 
-94.50073      15            2             1             2019          4 
-100.7109      16            2             1             2019          4 
-84.52979      17            2             1             2019          4 
-32.95605      18            2             1             2019          4 
 4.902832      19            2             1             2019          4 
-74.90088      20            2             1             2019          4 
-549.1919      21            2             1             2019          4 
-138.4668      22            2             1             2019          4 
-324.2881      23            2             1             2019          4 
-106.8657      0             3             1             2019          5 
-125.2468      1             3             1             2019          5 
-127.4021      2             3             1             2019          5 
 83.47998      3             3             1             2019          5 
-243.0032      4             3             1             2019          5 
 57.81494      5             3             1             2019          5 
-251.916       6             3             1             2019          5 
 4.458984      7             3             1             2019          5 
 234.54        8             3             1             2019          5 
-40.90698      9             3             1             2019          5 
-54.4292       10            3             1             2019          5 
 139.9561      11            3             1             2019          5 
-160.7688      12            3             1             2019          5 
-31.62378      13            3             1             2019          5 
-100.1123      14            3             1             2019          5 
-203.416       15            3             1             2019          5 
 306.2739      16            3             1             2019          5 
 8.335205      17            3             1             2019          5 
 5.349121      18            3             1             2019          5 
-8.775879      19            3             1             2019          5 
 1.619873      20            3             1             2019          5 
-185.7578      21            3             1             2019          5 
-70.82617      22            3             1             2019          5 
-323.1001      23            3             1             2019          5 
-17.07568      0             4             1             2019          6 
-123.2993      1             4             1             2019          6 
-239.1108      2             4             1             2019          6 
-57.46387      3             4             1             2019          6 
-54.63281      4             4             1             2019          6 
-60.61572      5             4             1             2019          6 
-82.29688      6             4             1             2019          6 
 269.2704      7             4             1             2019          6 
 60.8867       8             4             1             2019          6 
-63.889        9             4             1             2019          6 
-46.11621      10            4             1             2019          6 
 88.14331      11            4             1             2019          6 
-74.96143      12            4             1             2019          6 
-45.66406      13            4             1             2019          6 
-165.3311      14            4             1             2019          6 
-91.92822      15            4             1             2019          6 
-157.1091      16            4             1             2019          6 
-3.11499       17            4             1             2019          6 
-13.14404      18            4             1             2019          6 
-6.143799      19            4             1             2019          6 
-35.24609      20            4             1             2019          6 
 4.187012      21            4             1             2019          6 
-31.68506      22            4             1             2019          6 
-164.1738      23            4             1             2019          6 
-22.87598      0             5             1             2019          7 
-158.959       1             5             1             2019          7 
-175.418       2             5             1             2019          7 
-64.32568      3             5             1             2019          7 
-117.9863      4             5             1             2019          7 
-94.67383      5             5             1             2019          7 
-64.63086      6             5             1             2019          7 
-77.27197      7             5             1             2019          7 
-65.15088      8             5             1             2019          7 
-85.95508      9             5             1             2019          7 
-63.74512      10            5             1             2019          7 
-65.88623      11            5             1             2019          7 
-153.7407      12            5             1             2019          7 
-76.36499      13            5             1             2019          7 
-14.14697      14            5             1             2019          7 
-5.02417       15            5             1             2019          7 
-56.38477      16            5             1             2019          7 
-51.37695      17            5             1             2019          7 
 2.885986      18            5             1             2019          7 
-41.35645      19            5             1             2019          7 
 130.04        20            5             1             2019          7 
 244.7888      21            5             1             2019          7 
-66.22681      22            5             1             2019          7 
-55.18506      23            5             1             2019          7 
-151.2139      0             6             1             2019          1 
-166.0229      1             6             1             2019          1 
-214.2539      2             6             1             2019          1 
-56.28613      3             6             1             2019          1 
-199.7388      4             6             1             2019          1 
-251.9351      5             6             1             2019          1 
-11.7832       6             6             1             2019          1 
-34.70117      7             6             1             2019          1 
-162.0439      8             6             1             2019          1 
-68.29297      9             6             1             2019          1 
-119.063       10            6             1             2019          1 
-316.0508      11            6             1             2019          1 
-76.89795      12            6             1             2019          1 
-87.40234      13            6             1             2019          1 
-135.7637      14            6             1             2019          1 
 70.54199      15            6             1             2019          1 
-125.886       16            6             1             2019          1 
 5.126221      17            6             1             2019          1 
 4.12793       18            6             1             2019          1 
-.4279785      19            6             1             2019          1 
-18.70215      20            6             1             2019          1 
-50.70605      21            6             1             2019          1 
-199.0283      22            6             1             2019          1 
-252.2461      23            6             1             2019          1 
-84.85107      0             7             1             2019          2 
-140.3237      1             7             1             2019          2 
 38.96289      2             7             1             2019          2 
-85.68799      3             7             1             2019          2 
 94.97607      4             7             1             2019          2 
 210.6812      5             7             1             2019          2 
-44.81299      6             7             1             2019          2 
-40.58301      7             7             1             2019          2 
 33.75293      8             7             1             2019          2 
-295.3408      9             7             1             2019          2 
-110.125       10            7             1             2019          2 
 4.750977      11            7             1             2019          2 
-232.1909      12            7             1             2019          2 
-207.042       13            7             1             2019          2 
-37.80762      14            7             1             2019          2 
-8.496094      15            7             1             2019          2 
-157.3818      16            7             1             2019          2 
-90.41602      17            7             1             2019          2 
-12.21411      18            7             1             2019          2 
-116.8362      19            7             1             2019          2 
-87.4248       20            7             1             2019          2 
 29.46289      21            7             1             2019          2 
-22.83691      22            7             1             2019          2 
-50.58496      23            7             1             2019          2 
-117.6733      0             8             1             2019          3 
-124.043       1             8             1             2019          3 
-5.431641      2             8             1             2019          3 
-530.3032      3             8             1             2019          3 
-33.35693      4             8             1             2019          3 
 125.6074      5             8             1             2019          3 
 18.33301      6             8             1             2019          3 
-106.0581      7             8             1             2019          3 
-60.50806      8             8             1             2019          3 
 180.391       9             8             1             2019          3 
 101.365       10            8             1             2019          3 
 20.37097      11            8             1             2019          3 
 32.93091      12            8             1             2019          3 
 22.27905      13            8             1             2019          3 
 24.30701      14            8             1             2019          3 
-79.80396      15            8             1             2019          3 
-48.84094      16            8             1             2019          3 
-102.496       17            8             1             2019          3 
 26.7489       18            8             1             2019          3 
 305.249       19            8             1             2019          3 
 175.029       20            8             1             2019          3 
 102.144       21            8             1             2019          3 
 155.3982      22            8             1             2019          3 
-119.8572      23            8             1             2019          3 
-64.8689       0             9             1             2019          4 
 150.0029      1             9             1             2019          4 
-337.4709      2             9             1             2019          4 
 61.851        3             9             1             2019          4 
 64.648        4             9             1             2019          4 
 64.651        5             9             1             2019          4 
 60.886        6             9             1             2019          4 
 64.31799      7             9             1             2019          4 
-26.151        8             9             1             2019          4 
 3.072998      9             9             1             2019          4 
-8.014893      10            9             1             2019          4 
 382.385       11            9             1             2019          4 
 66.58008      12            9             1             2019          4 
 594.7124      13            9             1             2019          4 
-156.8394      14            9             1             2019          4 
-31.00293      15            9             1             2019          4 
-100.2819      16            9             1             2019          4 
 71.211        17            9             1             2019          4 
 61.853        18            9             1             2019          4 
 70.245        19            9             1             2019          4 
 60.886        20            9             1             2019          4 
 412.31        21            9             1             2019          4 
-515.9751      22            9             1             2019          4 
-74.4021       23            9             1             2019          4 
-156.936       0             10            1             2019          5 
-79.94678      1             10            1             2019          5 
-60.86401      2             10            1             2019          5 
-68.87012      3             10            1             2019          5 
-147.7021      4             10            1             2019          5 
 179.9189      5             10            1             2019          5 
-19.19507      6             10            1             2019          5 
-10.56909      7             10            1             2019          5 
-5.634033      8             10            1             2019          5 
-52.93506      9             10            1             2019          5 
 36.73291      10            10            1             2019          5 
 166.3872      11            10            1             2019          5 
-129.0552      12            10            1             2019          5 
 87.104        13            10            1             2019          5 
-76.42725      14            10            1             2019          5 
 10.59033      15            10            1             2019          5 
-69.27295      16            10            1             2019          5 
-57.83887      17            10            1             2019          5 
-172.1299      18            10            1             2019          5 
 8.88208       19            10            1             2019          5 
 4.742188      20            10            1             2019          5 
 15.22388      21            10            1             2019          5 
 293.0894      22            10            1             2019          5 
-137.8013      23            10            1             2019          5 
-124.4819      0             11            1             2019          6 
-143.3462      1             11            1             2019          6 
-88.14697      2             11            1             2019          6 
-210.8638      3             11            1             2019          6 
-69.92285      4             11            1             2019          6 
-83.67236      5             11            1             2019          6 
-76.91797      6             11            1             2019          6 
 153.458       7             11            1             2019          6 
-68.1499       8             11            1             2019          6 
-120.6099      9             11            1             2019          6 
-89.26709      10            11            1             2019          6 
 14.81201      11            11            1             2019          6 
-50.80225      12            11            1             2019          6 
-35.5          13            11            1             2019          6 
-105.7329      14            11            1             2019          6 
-36.40039      15            11            1             2019          6 
-51.40381      16            11            1             2019          6 
-343.688       17            11            1             2019          6 
-217.564       18            11            1             2019          6 
-156.615       19            11            1             2019          6 
 158.8499      20            11            1             2019          6 
-216.292       21            11            1             2019          6 
-31.08398      22            11            1             2019          6 
-38.61572      23            11            1             2019          6 
-46.10693      0             12            1             2019          7 
-23.38525      1             12            1             2019          7 
-52.84912      2             12            1             2019          7 
-55.94922      3             12            1             2019          7 
-33.84326      4             12            1             2019          7 
-50.94922      5             12            1             2019          7 
-29.31885      6             12            1             2019          7 
-289.4949      7             12            1             2019          7 
 47.48804      8             12            1             2019          7 
-234.6121      9             12            1             2019          7 
-116.3428      10            12            1             2019          7 
-90.18115      11            12            1             2019          7 
-67.5271       12            12            1             2019          7 
-72.59424      13            12            1             2019          7 
-119.1001      14            12            1             2019          7 
-120.083       15            12            1             2019          7 
-138.4741      16            12            1             2019          7 
 .1569824      17            12            1             2019          7 
-7.495117E-02                18            12            1             2019          7 
-10.18286      19            12            1             2019          7 
 215.5302      20            12            1             2019          7 
-49.72095      21            12            1             2019          7 
 67.37012      22            12            1             2019          7 
-341.3418      23            12            1             2019          7 
-92.83789      0             13            1             2019          1 
-126.4849      1             13            1             2019          1 
-93.59717      2             13            1             2019          1 
-105.686       3             13            1             2019          1 
-77.10596      4             13            1             2019          1 
-250.2529      5             13            1             2019          1 
 31.43701      6             13            1             2019          1 
-141.4956      7             13            1             2019          1 
-672.5298      8             13            1             2019          1 
 154.512       9             13            1             2019          1 
 42.167        10            13            1             2019          1 
 182.759       11            13            1             2019          1 
-180.178       12            13            1             2019          1 
 90.894        13            13            1             2019          1 
 192.374       14            13            1             2019          1 
-237.904       15            13            1             2019          1 
 9.97998       16            13            1             2019          1 
 27.56201      17            13            1             2019          1 
 24.14404      18            13            1             2019          1 
 31.58301      19            13            1             2019          1 
 25.79797      20            13            1             2019          1 
 368.6331      21            13            1             2019          1 
-130.264       22            13            1             2019          1 
-69.23608      23            13            1             2019          1 
-22.7821       0             14            1             2019          2 
-291.8459      1             14            1             2019          2 
 140.3701      2             14            1             2019          2 
-131.8842      3             14            1             2019          2 
 45.18115      4             14            1             2019          2 
-68.85291      5             14            1             2019          2 
 113.016       6             14            1             2019          2 
 19.5459       7             14            1             2019          2 
 27.46106      8             14            1             2019          2 
 124.116       9             14            1             2019          2 
 198.0259      10            14            1             2019          2 
 345.1631      11            14            1             2019          2 
 148.8838      12            14            1             2019          2 
 179.8672      13            14            1             2019          2 
 366.9961      14            14            1             2019          2 
 166.334       15            14            1             2019          2 
 18.01904      16            14            1             2019          2 
 30.521        17            14            1             2019          2 
 21.95801      18            14            1             2019          2 
 25.90503      19            14            1             2019          2 
 46.23999      20            14            1             2019          2 
-326.936       21            14            1             2019          2 
-16.903        22            14            1             2019          2 
 102.74        23            14            1             2019          2 
-60.046        0             15            1             2019          3 
 12.531        1             15            1             2019          3 
 803.556       2             15            1             2019          3 
 1601.41       3             15            1             2019          3 
 1049.593      4             15            1             2019          3 
-540.6301      5             15            1             2019          3 
 215.1372      6             15            1             2019          3 
 59.99902      7             15            1             2019          3 
 233.7222      8             15            1             2019          3 
 310.6851      9             15            1             2019          3 
 372.094       10            15            1             2019          3 
 363.7988      11            15            1             2019          3 
 370.3831      12            15            1             2019          3 
 355.2554      13            15            1             2019          3 
 185.2986      14            15            1             2019          3 
-422.762       15            15            1             2019          3 
-65.572        16            15            1             2019          3 
 203.892       17            15            1             2019          3 
 22.03503      18            15            1             2019          3 
 27.68701      19            15            1             2019          3 
-2.462891      20            15            1             2019          3 
-19.5918       21            15            1             2019          3 
 18.51294      22            15            1             2019          3 
 28.91602      23            15            1             2019          3 
 20.81494      0             16            1             2019          4 
 197.4639      1             16            1             2019          4 
-124.5811      2             16            1             2019          4 
 20.09802      3             16            1             2019          4 
 9.521973      4             16            1             2019          4 
 21.28894      5             16            1             2019          4 
 14.18103      6             16            1             2019          4 
 19.96204      7             16            1             2019          4 
 238.291       8             16            1             2019          4 
 500.5291      9             16            1             2019          4 
 287.5681      10            16            1             2019          4 
 303.644       11            16            1             2019          4 
 151.9939      12            16            1             2019          4 
 321.6799      13            16            1             2019          4 
 125.684       14            16            1             2019          4 
 268.957       15            16            1             2019          4 
 247.7131      16            16            1             2019          4 
 13.28699      17            16            1             2019          4 
 17.25403      18            16            1             2019          4 
-52.88         19            16            1             2019          4 
 84.38         20            16            1             2019          4 
 161.632       21            16            1             2019          4 
 69.284        22            16            1             2019          4 
 57.217        23            16            1             2019          4 
-252.1609      0             17            1             2019          5 
-414.5691      1             17            1             2019          5 
 92.10925      2             17            1             2019          5 
-4.114014      3             17            1             2019          5 
-209.978       4             17            1             2019          5 
-26.29004      5             17            1             2019          5 
 30.05005      6             17            1             2019          5 
 454.03        7             17            1             2019          5 
 376.7022      8             17            1             2019          5 
 382.3955      9             17            1             2019          5 
 383.3596      10            17            1             2019          5 
 319.9064      11            17            1             2019          5 
 558.5347      12            17            1             2019          5 
 39.0626       13            17            1             2019          5 
-76.50208      14            17            1             2019          5 
-162.1499      15            17            1             2019          5 
-98.38574      16            17            1             2019          5 
-114.5723      17            17            1             2019          5 
 105.0161      18            17            1             2019          5 
 64.04688      19            17            1             2019          5 
-93.33789      20            17            1             2019          5 
-112.9214      21            17            1             2019          5 
-357.417       22            17            1             2019          5 
 154.425       23            17            1             2019          5 
-136.144       0             18            1             2019          6 
 8.890625      1             18            1             2019          6 
-103.7627      2             18            1             2019          6 
-94.49268      3             18            1             2019          6 
-55.13623      4             18            1             2019          6 
-52.99707      5             18            1             2019          6 
-134.6787      6             18            1             2019          6 
-67.604        7             18            1             2019          6 
-88.9043       8             18            1             2019          6 
-86.99805      9             18            1             2019          6 
-71.60889      10            18            1             2019          6 
-173.9561      11            18            1             2019          6 
-36.15601      12            18            1             2019          6 
-66.54785      13            18            1             2019          6 
 61.73584      14            18            1             2019          6 
-13.08813      15            18            1             2019          6 
 40.94214      16            18            1             2019          6 
-145.0779      17            18            1             2019          6 
-10.59717      18            18            1             2019          6 
 178.3081      19            18            1             2019          6 
-94.55273      20            18            1             2019          6 
-94.20801      21            18            1             2019          6 
-93.74707      22            18            1             2019          6 
-109.855       23            18            1             2019          6 
-9.800293      0             19            1             2019          7 
-95.479        1             19            1             2019          7 
-48.37598      2             19            1             2019          7 
-48.36084      3             19            1             2019          7 
-49.39795      4             19            1             2019          7 
-46.03198      5             19            1             2019          7 
-107.7239      6             19            1             2019          7 
-462.0619      7             19            1             2019          7 
 35.43311      8             19            1             2019          7 
 .0579834      9             19            1             2019          7 
 80.75391      10            19            1             2019          7 
-291.199       11            19            1             2019          7 
 447.3938      12            19            1             2019          7 
-14.11548      13            19            1             2019          7 
 6.849854      14            19            1             2019          7 
-187.2993      15            19            1             2019          7 
 370.9629      16            19            1             2019          7 
-628.938       17            19            1             2019          7 
-70.78491      18            19            1             2019          7 
 26.73511      19            19            1             2019          7 
-36.43701      20            19            1             2019          7 
-55.64111      21            19            1             2019          7 
-25.06006      22            19            1             2019          7 
 6.25          23            19            1             2019          7 
-39.97461      0             20            1             2019          1 
-80.37891      1             20            1             2019          1 
 37.59473      2             20            1             2019          1 
-225.6582      3             20            1             2019          1 
 83.09131      4             20            1             2019          1 
-118.0332      5             20            1             2019          1 
-158.2949      6             20            1             2019          1 
 688.9768      7             20            1             2019          1 
 2.623001      8             20            1             2019          1 
 352.9312      9             20            1             2019          1 
 320.7361      10            20            1             2019          1 
 244.077       11            20            1             2019          1 
 325.4719      12            20            1             2019          1 
 354.5439      13            20            1             2019          1 
 332.4651      14            20            1             2019          1 
-351.608       15            20            1             2019          1 
-182.715       16            20            1             2019          1 
-126.096       17            20            1             2019          1 
 244.43        18            20            1             2019          1 
 107.834       19            20            1             2019          1 
-2.004883      20            20            1             2019          1 
-117.7778      21            20            1             2019          1 
-80.60986      22            20            1             2019          1 
-157.4399      23            20            1             2019          1 
 25.0083       0             21            1             2019          2 
 12.39258      1             21            1             2019          2 
-235.2739      2             21            1             2019          2 
-75.92188      3             21            1             2019          2 
-89.53613      4             21            1             2019          2 
-95.17188      5             21            1             2019          2 
 347.4092      6             21            1             2019          2 
 498.4619      7             21            1             2019          2 
 91.33691      8             21            1             2019          2 
 344.397       9             21            1             2019          2 
 167.752       10            21            1             2019          2 
 210.8291      11            21            1             2019          2 
 407.3979      12            21            1             2019          2 
 666.7329      13            21            1             2019          2 
 252.8159      14            21            1             2019          2 
-199.0542      15            21            1             2019          2 
-154.9309      16            21            1             2019          2 
 165.042       17            21            1             2019          2 
-68.74194      18            21            1             2019          2 
 232.522       19            21            1             2019          2 
-97.75806      20            21            1             2019          2 
-61.36108      21            21            1             2019          2 
 32.94482      22            21            1             2019          2 
 36.22583      23            21            1             2019          2 
-264.0771      0             22            1             2019          3 
-100.8809      1             22            1             2019          3 
-60.45313      2             22            1             2019          3 
-95.77393      3             22            1             2019          3 
-85.15967      4             22            1             2019          3 
-139.2129      5             22            1             2019          3 
-110.9021      6             22            1             2019          3 
-84.71704      7             22            1             2019          3 
 197.2798      8             22            1             2019          3 
-400.1401      9             22            1             2019          3 
-3.849121      10            22            1             2019          3 
-94.46094      11            22            1             2019          3 
-1.626953      12            22            1             2019          3 
-88.25244      13            22            1             2019          3 
-84.86182      14            22            1             2019          3 
 18.3501       15            22            1             2019          3 
-74.25         16            22            1             2019          3 
 52.49         17            22            1             2019          3 
 61.852        18            22            1             2019          3 
 62.816        19            22            1             2019          3 
 61.851        20            22            1             2019          3 
-101.221       21            22            1             2019          3 
 418.92        22            22            1             2019          3 
-514.8276      23            22            1             2019          3 
-100.9292      0             23            1             2019          4 
-207.4131      1             23            1             2019          4 
-72.74609      2             23            1             2019          4 
-131.457       3             23            1             2019          4 
-77.46631      4             23            1             2019          4 
-69.84717      5             23            1             2019          4 
-117.1089      6             23            1             2019          4 
 60.68701      7             23            1             2019          4 
 12.24072      8             23            1             2019          4 
-152.6841      9             23            1             2019          4 
-86.89307      10            23            1             2019          4 
-751.668       11            23            1             2019          4 
-125.5449      12            23            1             2019          4 
-214.1001      13            23            1             2019          4 
-44.95996      14            23            1             2019          4 
 84.75732      15            23            1             2019          4 
-138.225       16            23            1             2019          4 
-20.92798      17            23            1             2019          4 
 19.81738      18            23            1             2019          4 
 59.0525       19            23            1             2019          4 
 66.5776       20            23            1             2019          4 
 58.0881       21            23            1             2019          4 
 71.15259      22            23            1             2019          4 
-166.605       23            23            1             2019          4 
-77.3291       0             24            1             2019          5 
-82.29297      1             24            1             2019          5 
-88.22607      2             24            1             2019          5 
-54.59521      3             24            1             2019          5 
-258.6357      4             24            1             2019          5 
-71.83984      5             24            1             2019          5 
-53.42407      6             24            1             2019          5 
 11.17603      7             24            1             2019          5 
-49.13         8             24            1             2019          5 
-80.13721      9             24            1             2019          5 
-383.6211      10            24            1             2019          5 
-275.2471      11            24            1             2019          5 
-27.42407      12            24            1             2019          5 
-43.99878      13            24            1             2019          5 
-45.31104      14            24            1             2019          5 
-20.85278      15            24            1             2019          5 
-92.21802      16            24            1             2019          5 
-63.48096      17            24            1             2019          5 
-354.9873      18            24            1             2019          5 
-16.68604      19            24            1             2019          5 
-67.61475      20            24            1             2019          5 
-15.93799      21            24            1             2019          5 
-234.0273      22            24            1             2019          5 
-91.70215      23            24            1             2019          5 
-75.48584      0             25            1             2019          6 
-91.37109      1             25            1             2019          6 
-149.8369      2             25            1             2019          6 
 44.6499       3             25            1             2019          6 
-44.03076      4             25            1             2019          6 
-51.47266      5             25            1             2019          6 
-46.81934      6             25            1             2019          6 
-84.42188      7             25            1             2019          6 
-105.2158      8             25            1             2019          6 
-176.5771      9             25            1             2019          6 
 172.3608      10            25            1             2019          6 
-100.2329      11            25            1             2019          6 
-82.84424      12            25            1             2019          6 
-105.522       13            25            1             2019          6 
-166.2856      14            25            1             2019          6 
-35            15            25            1             2019          6 
 95.69678      16            25            1             2019          6 
-252.356       17            25            1             2019          6 
-81.71387      18            25            1             2019          6 
-72.83887      19            25            1             2019          6 
-81.00586      20            25            1             2019          6 
 89.87842      21            25            1             2019          6 
-18.34082      22            25            1             2019          6 
-136.6099      23            25            1             2019          6 
-108.9058      0             26            1             2019          7 
-82.48926      1             26            1             2019          7 
 60.5791       2             26            1             2019          7 
-307.104       3             26            1             2019          7 
-257.0552      4             26            1             2019          7 
 54.96289      5             26            1             2019          7 
-27.94092      6             26            1             2019          7 
-177.4102      7             26            1             2019          7 
 16.41187      8             26            1             2019          7 
-198.7942      9             26            1             2019          7 
 59.39111      10            26            1             2019          7 
-22.68604      11            26            1             2019          7 
-69.10107      12            26            1             2019          7 
-44.47803      13            26            1             2019          7 
-50.69116      14            26            1             2019          7 
-110.9529      15            26            1             2019          7 
 428.416       16            26            1             2019          7 
 418.985       17            26            1             2019          7 
 63.78         18            26            1             2019          7 
 140.587       19            26            1             2019          7 
 37.73303      20            26            1             2019          7 
-53.3269       21            26            1             2019          7 
-61.50098      22            26            1             2019          7 
-118.9243      23            26            1             2019          7 
 96.40186      0             27            1             2019          1 
-67.77002      1             27            1             2019          1 
 48.59277      2             27            1             2019          1 
-142.2427      3             27            1             2019          1 
-88.14111      4             27            1             2019          1 
-122.9399      5             27            1             2019          1 
-686.228       6             27            1             2019          1 
 155.574       7             27            1             2019          1 
 51.525        8             27            1             2019          1 
 52.65283      9             27            1             2019          1 
-10.74194      10            27            1             2019          1 
 147.4258      11            27            1             2019          1 
-81.53809      12            27            1             2019          1 
-20.21899      13            27            1             2019          1 
-44.5979       14            27            1             2019          1 
-36.44897      15            27            1             2019          1 
-116.4019      16            27            1             2019          1 
 18.48584      17            27            1             2019          1 
-71.26416      18            27            1             2019          1 
-82.18311      19            27            1             2019          1 
-47.89014      20            27            1             2019          1 
-67.05908      21            27            1             2019          1 
-92.4502       22            27            1             2019          1 
-107.4961      23            27            1             2019          1 
-233.644       0             28            1             2019          2 
-22.81738      1             28            1             2019          2 
 24.04492      2             28            1             2019          2 
-203.9678      3             28            1             2019          2 
-114.6968      4             28            1             2019          2 
-147.9072      5             28            1             2019          2 
 181.21        6             28            1             2019          2 
-130.7468      7             28            1             2019          2 
-106.2129      8             28            1             2019          2 
-69.05615      9             28            1             2019          2 
-54.86523      10            28            1             2019          2 
-96            11            28            1             2019          2 
-61.33203      12            28            1             2019          2 
-79.95703      13            28            1             2019          2 
-93.91602      14            28            1             2019          2 
 10.35986      15            28            1             2019          2 
-50.78003      16            28            1             2019          2 
-37.30273      17            28            1             2019          2 
 34.80811      18            28            1             2019          2 
 126.0259      19            28            1             2019          2 
-67.51587      20            28            1             2019          2 
-51.46191      21            28            1             2019          2 
-191.312       22            28            1             2019          2 
 167.01        23            28            1             2019          2 
-145.9141      0             29            1             2019          3 
-31.48096      1             29            1             2019          3 
-241.3599      2             29            1             2019          3 
-120.6831      3             29            1             2019          3 
 86.40234      4             29            1             2019          3 
-157.9209      5             29            1             2019          3 
 182.5532      6             29            1             2019          3 
 281.873       7             29            1             2019          3 
 51.3999       8             29            1             2019          3 
-23.53296      9             29            1             2019          3 
 100.4229      10            29            1             2019          3 
-149.9082      11            29            1             2019          3 
-20.5459       12            29            1             2019          3 
-54.62402      13            29            1             2019          3 
-26.23779      14            29            1             2019          3 
-31.62598      15            29            1             2019          3 
-62.32275      16            29            1             2019          3 
-41.9939       17            29            1             2019          3 
-43.88794      18            29            1             2019          3 
-49.94897      19            29            1             2019          3 
 167.7422      20            29            1             2019          3 
 172.3799      21            29            1             2019          3 
-229.8149      22            29            1             2019          3 
-85.18311      23            29            1             2019          3 
-126.7349      0             30            1             2019          4 
-40.51709      1             30            1             2019          4 
 125.2651      2             30            1             2019          4 
-39.18408      3             30            1             2019          4 
-263.3618      4             30            1             2019          4 
 56.26904      5             30            1             2019          4 
-17.67188      6             30            1             2019          4 
-10.6582       7             30            1             2019          4 
-260.8047      8             30            1             2019          4 
-60.56787      9             30            1             2019          4 
-80.11377      10            30            1             2019          4 
-44.14502      11            30            1             2019          4 
-105.79        12            30            1             2019          4 
-129.978       13            30            1             2019          4 
-95.25928      14            30            1             2019          4 
-170.9761      15            30            1             2019          4 
 38.68213      16            30            1             2019          4 
-49.3269       17            30            1             2019          4 
 82.85425      18            30            1             2019          4 
-128.542       19            30            1             2019          4 
-136.4929      20            30            1             2019          4 
 286.4678      21            30            1             2019          4 
 30.95605      22            30            1             2019          4 
-95.36621      23            30            1             2019          4 
-113.668       0             31            1             2019          5 
-100.561       1             31            1             2019          5 
-94.99805      2             31            1             2019          5 
-70.46094      3             31            1             2019          5 
-88.90088      4             31            1             2019          5 
-57.82031      5             31            1             2019          5 
 95.70215      6             31            1             2019          5 
-66.56787      7             31            1             2019          5 
-99.854        8             31            1             2019          5 
-102.3481      9             31            1             2019          5 
-86.51611      10            31            1             2019          5 
-110.9448      11            31            1             2019          5 
-147.3428      12            31            1             2019          5 
-89.73926      13            31            1             2019          5 
-132.4463      14            31            1             2019          5 
 29.72998      15            31            1             2019          5 
-9.958008      16            31            1             2019          5 
-39.88306      17            31            1             2019          5 
-111.218       18            31            1             2019          5 
 116.7432      19            31            1             2019          5 
 87.26099      20            31            1             2019          5 
-122.6279      21            31            1             2019          5 
 36.86108      22            31            1             2019          5 
-295           23            31            1             2019          5 
