 87.13892      0             1             10            2019          3 
 92.88708      1             1             10            2019          3 
 236.571       2             1             10            2019          3 
-68.73608      3             1             10            2019          3 
 4.966064      4             1             10            2019          3 
-173.5688      5             1             10            2019          3 
 140.1821      6             1             10            2019          3 
 34.98187      7             1             10            2019          3 
-327.71        8             1             10            2019          3 
-213.683       9             1             10            2019          3 
-49.089        10            1             10            2019          3 
 3.763         11            1             10            2019          3 
 0             12            1             10            2019          3 
-1.403         13            1             10            2019          3 
 381.3782      14            1             10            2019          3 
 9.818848      15            1             10            2019          3 
 44.36719      16            1             10            2019          3 
 39.354        17            1             10            2019          3 
-7.124023      18            1             10            2019          3 
 217.3499      19            1             10            2019          3 
 64.50928      20            1             10            2019          3 
-106.9741      21            1             10            2019          3 
-2.108887      22            1             10            2019          3 
-32.35303      23            1             10            2019          3 
 3.804199      0             2             10            2019          4 
-5.066895      1             2             10            2019          4 
-.4951172      2             2             10            2019          4 
 268.5217      3             2             10            2019          4 
 66.26709      4             2             10            2019          4 
 69.5271       5             2             10            2019          4 
 45.6709       6             2             10            2019          4 
 150.278       7             2             10            2019          4 
-128.195       8             2             10            2019          4 
 0             9             2             10            2019          4 
 2.799         10            2             10            2019          4 
 6.561         11            2             10            2019          4 
 3.762         12            2             10            2019          4 
 0             13            2             10            2019          4 
-11.288        14            2             10            2019          4 
 3.763         15            2             10            2019          4 
 13.123        16            2             10            2019          4 
 7.525         17            2             10            2019          4 
 3.763         18            2             10            2019          4 
 118.105       19            2             10            2019          4 
 86.44678      20            2             10            2019          4 
-5.687012      21            2             10            2019          4 
 4.105957      22            2             10            2019          4 
-38.08496      23            2             10            2019          4 
 203.6399      0             3             10            2019          5 
-116.9473      1             3             10            2019          5 
 11.31641      2             3             10            2019          5 
-.5400391      3             3             10            2019          5 
-6.674805      4             3             10            2019          5 
-2.602051      5             3             10            2019          5 
 1.802246      6             3             10            2019          5 
 66.75073      7             3             10            2019          5 
 80.53101      8             3             10            2019          5 
-41.06934      9             3             10            2019          5 
-9.72168       10            3             10            2019          5 
-161.0161      11            3             10            2019          5 
 136.0508      12            3             10            2019          5 
 74.71069      13            3             10            2019          5 
 60.95605      14            3             10            2019          5 
 65.19019      15            3             10            2019          5 
-144.082       16            3             10            2019          5 
 30.12891      17            3             10            2019          5 
 29.68311      18            3             10            2019          5 
-70.65894      19            3             10            2019          5 
 142.4631      20            3             10            2019          5 
 97.37109      21            3             10            2019          5 
 123.8489      22            3             10            2019          5 
-167.124       23            3             10            2019          5 
 15.2002       0             4             10            2019          6 
-2.018066      1             4             10            2019          6 
-15.41504      2             4             10            2019          6 
-133.6294      3             4             10            2019          6 
 137.6777      4             4             10            2019          6 
 62.76709      5             4             10            2019          6 
 177.157       6             4             10            2019          6 
-86.25         7             4             10            2019          6 
-14.09424      8             4             10            2019          6 
-26.03271      9             4             10            2019          6 
-20.91797      10            4             10            2019          6 
-17.97705      11            4             10            2019          6 
-2.490234E-02                12            4             10            2019          6 
-31.70264      13            4             10            2019          6 
-57.89795      14            4             10            2019          6 
 298.7827      15            4             10            2019          6 
 292.019       16            4             10            2019          6 
 117.184       17            4             10            2019          6 
 586.7998      18            4             10            2019          6 
-133.3481      19            4             10            2019          6 
 4.500977      20            4             10            2019          6 
 11.104        21            4             10            2019          6 
 15.62012      22            4             10            2019          6 
-40.84399      23            4             10            2019          6 
 178.7312      0             5             10            2019          7 
 48.57886      1             5             10            2019          7 
 63.82275      2             5             10            2019          7 
 59.81714      3             5             10            2019          7 
 87.8291       4             5             10            2019          7 
 1.539795      5             5             10            2019          7 
-35.2522       6             5             10            2019          7 
 17.48999      7             5             10            2019          7 
 16.93994      8             5             10            2019          7 
 16.67896      9             5             10            2019          7 
 20.31909      10            5             10            2019          7 
 24.91602      11            5             10            2019          7 
 23.33398      12            5             10            2019          7 
 9.668213      13            5             10            2019          7 
 21.55493      14            5             10            2019          7 
 22.67896      15            5             10            2019          7 
 68.59668      16            5             10            2019          7 
-3.530762      17            5             10            2019          7 
-52.95801      18            5             10            2019          7 
 53.6897       19            5             10            2019          7 
-13.63818      20            5             10            2019          7 
 6.488281      21            5             10            2019          7 
-8.390625      22            5             10            2019          7 
 222.9326      23            5             10            2019          7 
 43.25171      0             6             10            2019          1 
 60.09912      1             6             10            2019          1 
 65.64624      2             6             10            2019          1 
 63.83496      3             6             10            2019          1 
 7.969727      4             6             10            2019          1 
 41.77393      5             6             10            2019          1 
 37.98193      6             6             10            2019          1 
-56.354        7             6             10            2019          1 
-34.30371      8             6             10            2019          1 
 23.13525      9             6             10            2019          1 
-151.1528      10            6             10            2019          1 
 391.22        11            6             10            2019          1 
 53.37573      12            6             10            2019          1 
 115.9707      13            6             10            2019          1 
-48.18018      14            6             10            2019          1 
 6.563965      15            6             10            2019          1 
-41.44482      16            6             10            2019          1 
-37.98242      17            6             10            2019          1 
-124.6587      18            6             10            2019          1 
 1.572754      19            6             10            2019          1 
-72.30591      20            6             10            2019          1 
 11.98584      21            6             10            2019          1 
-8.692139      22            6             10            2019          1 
-169.8152      23            6             10            2019          1 
 220.7932      0             7             10            2019          2 
-93.91901      1             7             10            2019          2 
 111.0189      2             7             10            2019          2 
 65.26196      3             7             10            2019          2 
 73.87598      4             7             10            2019          2 
 72.27405      5             7             10            2019          2 
 91.29907      6             7             10            2019          2 
 57.34497      7             7             10            2019          2 
 20.85596      8             7             10            2019          2 
 34.93311      9             7             10            2019          2 
 5.137207      10            7             10            2019          2 
-77.75         11            7             10            2019          2 
 134.5667      12            7             10            2019          2 
 47.23389      13            7             10            2019          2 
 49.61597      14            7             10            2019          2 
 65.68286      15            7             10            2019          2 
 117.7942      16            7             10            2019          2 
-174.8862      17            7             10            2019          2 
-.4052734      18            7             10            2019          2 
-10.05713      19            7             10            2019          2 
-4.748047      20            7             10            2019          2 
 5.322266E-02                21            7             10            2019          2 
 123.8911      22            7             10            2019          2 
 57.75586      23            7             10            2019          2 
 49.51416      0             8             10            2019          3 
 46.90088      1             8             10            2019          3 
 .4580078      2             8             10            2019          3 
-11.72705      3             8             10            2019          3 
 2.487793      4             8             10            2019          3 
-28.34375      5             8             10            2019          3 
 161.408       6             8             10            2019          3 
 146.9443      7             8             10            2019          3 
 206.4409      8             8             10            2019          3 
 84.3667       9             8             10            2019          3 
 100.123       10            8             10            2019          3 
 67.47314      11            8             10            2019          3 
 86.16602      12            8             10            2019          3 
-161.2351      13            8             10            2019          3 
-100.3459      14            8             10            2019          3 
-69.377        15            8             10            2019          3 
 10.323        16            8             10            2019          3 
 6.561         17            8             10            2019          3 
 7.526         18            8             10            2019          3 
 0             19            8             10            2019          3 
-.964          20            8             10            2019          3 
 6.562         21            8             10            2019          3 
 0             22            8             10            2019          3 
 3.763         23            8             10            2019          3 
 0             0             9             10            2019          4 
 0             1             9             10            2019          4 
 3.763         2             9             10            2019          4 
 6.562         3             9             10            2019          4 
-.965          4             9             10            2019          4 
 3.763         5             9             10            2019          4 
 3.763         6             9             10            2019          4 
 9.359         7             9             10            2019          4 
 221.588       8             9             10            2019          4 
 82.46411      9             9             10            2019          4 
 55.22095      10            9             10            2019          4 
-183.856       11            9             10            2019          4 
-16.01123      12            9             10            2019          4 
-7.347656      13            9             10            2019          4 
-3.907715      14            9             10            2019          4 
 3.791992      15            9             10            2019          4 
 9.746582      16            9             10            2019          4 
 9.765625E-03                17            9             10            2019          4 
 27.18066      18            9             10            2019          4 
 14.94287      19            9             10            2019          4 
-2.588867      20            9             10            2019          4 
-47.42139      21            9             10            2019          4 
 201.8113      22            9             10            2019          4 
 79.83374      23            9             10            2019          4 
 58.3479       0             10            10            2019          5 
 27.99219      1             10            10            2019          5 
 .7900391      2             10            10            2019          5 
-12.62598      3             10            10            2019          5 
 21.2998       4             10            10            2019          5 
 .7348633      5             10            10            2019          5 
-24.05371      6             10            10            2019          5 
-6.404297      7             10            10            2019          5 
 52.75293      8             10            10            2019          5 
 99.67065      9             10            10            2019          5 
-206.2024      10            10            10            2019          5 
 0             11            10            10            2019          5 
 5.597         12            10            10            2019          5 
 0             13            10            10            2019          5 
 0             14            10            10            2019          5 
 2.798         15            10            10            2019          5 
 10.325        16            10            10            2019          5 
 3.763         17            10            10            2019          5 
 3.763         18            10            10            2019          5 
 0             19            10            10            2019          5 
-204.3601      20            10            10            2019          5 
 59.68799      21            10            10            2019          5 
 20.93604      22            10            10            2019          5 
-9.203125      23            10            10            2019          5 
 5.760742      0             11            10            2019          6 
-15.88867      1             11            10            2019          6 
-10.07764      2             11            10            2019          6 
 4.236328      3             11            10            2019          6 
 16.09912      4             11            10            2019          6 
-80.63086      5             11            10            2019          6 
 161.9314      6             11            10            2019          6 
 46.88086      7             11            10            2019          6 
 68.21484      8             11            10            2019          6 
 60.10498      9             11            10            2019          6 
 113.052       10            11            10            2019          6 
-132.9851      11            11            10            2019          6 
 4.404785      12            11            10            2019          6 
-65.54321      13            11            10            2019          6 
 66.17212      14            11            10            2019          6 
 121.5879      15            11            10            2019          6 
-10.58691      16            11            10            2019          6 
 .6323242      17            11            10            2019          6 
 5.079102      18            11            10            2019          6 
-14.30176      19            11            10            2019          6 
-1.254883      20            11            10            2019          6 
 .5976563      21            11            10            2019          6 
-62.43506      22            11            10            2019          6 
 186.71        23            11            10            2019          6 
 103.614       0             12            10            2019          7 
-152.4834      1             12            10            2019          7 
-4.713379      2             12            10            2019          7 
 98.43848      3             12            10            2019          7 
 70.33301      4             12            10            2019          7 
 62.65503      5             12            10            2019          7 
 73.23804      6             12            10            2019          7 
 73.75488      7             12            10            2019          7 
 21.75806      8             12            10            2019          7 
 43.47998      9             12            10            2019          7 
-9.890625      10            12            10            2019          7 
-6.959961      11            12            10            2019          7 
 25.12402      12            12            10            2019          7 
-1.138672      13            12            10            2019          7 
 13.19727      14            12            10            2019          7 
-3.088867      15            12            10            2019          7 
-42.36182      16            12            10            2019          7 
 259.0632      17            12            10            2019          7 
-.7890015      18            12            10            2019          7 
 .965          19            12            10            2019          7 
 6.561         20            12            10            2019          7 
 201.14        21            12            10            2019          7 
 57.45898      22            12            10            2019          7 
 41.56299      23            12            10            2019          7 
 53.19189      0             13            10            2019          1 
-2.056152      1             13            10            2019          1 
-2.401855      2             13            10            2019          1 
-6.899902      3             13            10            2019          1 
-2.913574      4             13            10            2019          1 
 31.63037      5             13            10            2019          1 
 279.49        6             13            10            2019          1 
 77.33716      7             13            10            2019          1 
 59.80518      8             13            10            2019          1 
 91.75708      9             13            10            2019          1 
-135.501       10            13            10            2019          1 
-49.38098      11            13            10            2019          1 
-7.093018      12            13            10            2019          1 
 5.516846      13            13            10            2019          1 
 8.827881      14            13            10            2019          1 
 54.64697      15            13            10            2019          1 
 484.222       16            13            10            2019          1 
 153.312       17            13            10            2019          1 
-52.021        18            13            10            2019          1 
 3.763         19            13            10            2019          1 
 178.054       20            13            10            2019          1 
 37.63086      21            13            10            2019          1 
-19.72021      22            13            10            2019          1 
-.4189453      23            13            10            2019          1 
-24.03271      0             14            10            2019          2 
-8.305176      1             14            10            2019          2 
-3.996094      2             14            10            2019          2 
-6.522949      3             14            10            2019          2 
-37.17383      4             14            10            2019          2 
 208.3669      5             14            10            2019          2 
 64.89844      6             14            10            2019          2 
-4.440918      7             14            10            2019          2 
-1.788086      8             14            10            2019          2 
-22.5293       9             14            10            2019          2 
-12.021        10            14            10            2019          2 
 316.8655      11            14            10            2019          2 
 70.40405      12            14            10            2019          2 
 62.20972      13            14            10            2019          2 
 56.56812      14            14            10            2019          2 
-250.6978      15            14            10            2019          2 
 2.154785      16            14            10            2019          2 
-8.514648      17            14            10            2019          2 
-18.02783      18            14            10            2019          2 
-8.366699      19            14            10            2019          2 
-4.42334       20            14            10            2019          2 
-7.669434      21            14            10            2019          2 
 189.344       22            14            10            2019          2 
-225.4492      23            14            10            2019          2 
-259.7065      0             15            10            2019          3 
 123.5364      1             15            10            2019          3 
 121.7688      2             15            10            2019          3 
-14.60107      3             15            10            2019          3 
-2.027832      4             15            10            2019          3 
-11.55518      5             15            10            2019          3 
-25.89502      6             15            10            2019          3 
 195.4199      7             15            10            2019          3 
 69.06128      8             15            10            2019          3 
 30.32495      9             15            10            2019          3 
 127.6748      10            15            10            2019          3 
 89.37         11            15            10            2019          3 
 170.6951      12            15            10            2019          3 
 11.10498      13            15            10            2019          3 
-66.76611      14            15            10            2019          3 
 141.4539      15            15            10            2019          3 
-74.01123      16            15            10            2019          3 
-19.84912      17            15            10            2019          3 
-2.594238      18            15            10            2019          3 
-11.19092      19            15            10            2019          3 
-5.425781      20            15            10            2019          3 
-3.608887      21            15            10            2019          3 
-69.68604      22            15            10            2019          3 
 181.9482      23            15            10            2019          3 
-263.4121      0             16            10            2019          4 
-9.643066      1             16            10            2019          4 
-7.255859      2             16            10            2019          4 
 112.6699      3             16            10            2019          4 
-2542.809      4             16            10            2019          4 
-20613.68      5             16            10            2019          4 
-17374.55      6             16            10            2019          4 
-7603.324      7             16            10            2019          4 
-9997.201      8             16            10            2019          4 
-19989.68      9             16            10            2019          4 
-7500          10            16            10            2019          4 
-7493.439      11            16            10            2019          4 
-17497.2       12            16            10            2019          4 
-14996.24      13            16            10            2019          4 
-5000          14            16            10            2019          4 
-12500         15            16            10            2019          4 
-14934.39      16            16            10            2019          4 
-12441.8       17            16            10            2019          4 
-7427.812      18            16            10            2019          4 
-19947.86      19            16            10            2019          4 
-17627.11      20            16            10            2019          4 
-17443.85      21            16            10            2019          4 
-12421.42      22            16            10            2019          4 
-7531.056      23            16            10            2019          4 
-9999.982      0             17            10            2019          5 
-12532.23      1             17            10            2019          5 
-17512.98      2             17            10            2019          5 
-17498.94      3             17            10            2019          5 
-17509.42      4             17            10            2019          5 
-20080.58      5             17            10            2019          5 
-14848.98      6             17            10            2019          5 
-17666.46      7             17            10            2019          5 
-17548.73      8             17            10            2019          5 
-19997.2       9             17            10            2019          5 
-20070.95      10            17            10            2019          5 
-9943.127      11            17            10            2019          5 
-12537.83      12            17            10            2019          5 
-5064.346      13            17            10            2019          5 
-15109.97      14            17            10            2019          5 
-7014.088      15            17            10            2019          5 
-12202.9       16            17            10            2019          5 
-14796.24      17            17            10            2019          5 
-12336.89      18            17            10            2019          5 
-14503.35      19            17            10            2019          5 
-9955.511      20            17            10            2019          5 
-9962.087      21            17            10            2019          5 
-9938.247      22            17            10            2019          5 
-15038.42      23            17            10            2019          5 
-12497.85      0             18            10            2019          6 
-12499.66      1             18            10            2019          6 
-2504.965      2             18            10            2019          6 
 34.15088      3             18            10            2019          6 
 62.21338      4             18            10            2019          6 
 58.31299      5             18            10            2019          6 
 59.2168       6             18            10            2019          6 
 73.31006      7             18            10            2019          6 
-81.26831      8             18            10            2019          6 
-4.657227      9             18            10            2019          6 
-5.058594      10            18            10            2019          6 
-3.820313      11            18            10            2019          6 
 5.02832       12            18            10            2019          6 
-20.72314      13            18            10            2019          6 
-7.426758      14            18            10            2019          6 
-27.63281      15            18            10            2019          6 
-149.22        16            18            10            2019          6 
 138.5876      17            18            10            2019          6 
 60.482        18            18            10            2019          6 
-150.8719      19            18            10            2019          6 
 15.1499       20            18            10            2019          6 
-.3081055      21            18            10            2019          6 
-5.324951      22            18            10            2019          6 
 8.294922      23            18            10            2019          6 
 11.48828      0             19            10            2019          7 
 150.0129      1             19            10            2019          7 
 65.46851      2             19            10            2019          7 
 63.8269       3             19            10            2019          7 
 50.33618      4             19            10            2019          7 
 51.73584      5             19            10            2019          7 
 145.9182      6             19            10            2019          7 
-56.56909      7             19            10            2019          7 
 .3439941      8             19            10            2019          7 
-1.674072      9             19            10            2019          7 
 1.031982      10            19            10            2019          7 
 3.746094      11            19            10            2019          7 
-66.08911      12            19            10            2019          7 
 124.782       13            19            10            2019          7 
 126.675       14            19            10            2019          7 
 13.91602      15            19            10            2019          7 
 4.363037      16            19            10            2019          7 
 53.53491      17            19            10            2019          7 
 244.2512      18            19            10            2019          7 
 116.531       19            19            10            2019          7 
 8.547119      20            19            10            2019          7 
 4.287109      21            19            10            2019          7 
-39.96704      22            19            10            2019          7 
 219.354       23            19            10            2019          7 
 48.23584      0             20            10            2019          1 
 162.1821      1             20            10            2019          1 
-4.465088      2             20            10            2019          1 
 10.08911      3             20            10            2019          1 
 18.78809      4             20            10            2019          1 
 16.67896      5             20            10            2019          1 
 15.22949      6             20            10            2019          1 
 1.993896      7             20            10            2019          1 
-62.30688      8             20            10            2019          1 
 62.75122      9             20            10            2019          1 
 395.004       10            20            10            2019          1 
-104.88        11            20            10            2019          1 
 9.36          12            20            10            2019          1 
 16.886        13            20            10            2019          1 
 8.395         14            20            10            2019          1 
 20.648        15            20            10            2019          1 
 16.887        16            20            10            2019          1 
 13.122        17            20            10            2019          1 
 19.684        18            20            10            2019          1 
 6.562         19            20            10            2019          1 
 35.511        20            20            10            2019          1 
-284.1909      21            20            10            2019          1 
-2.145996      22            20            10            2019          1 
 4.270996      23            20            10            2019          1 
-4.165039      0             21            10            2019          2 
-24.45996      1             21            10            2019          2 
-1.657715      2             21            10            2019          2 
-1.717773      3             21            10            2019          2 
 2.720215      4             21            10            2019          2 
-39.23682      5             21            10            2019          2 
 81.02295      6             21            10            2019          2 
 64.4502       7             21            10            2019          2 
 65.1582       8             21            10            2019          2 
 73.26611      9             21            10            2019          2 
 187.0283      10            21            10            2019          2 
-92.03711      11            21            10            2019          2 
 27.48291      12            21            10            2019          2 
-8.106934      13            21            10            2019          2 
 25.16309      14            21            10            2019          2 
 12.46899      15            21            10            2019          2 
 18.34082      16            21            10            2019          2 
 66.0459       17            21            10            2019          2 
 64.8479       18            21            10            2019          2 
 58.6189       19            21            10            2019          2 
 201.9033      20            21            10            2019          2 
-51.47803      21            21            10            2019          2 
-16.94531      22            21            10            2019          2 
-11.66309      23            21            10            2019          2 
-28.3418       0             22            10            2019          3 
 90.77905      1             22            10            2019          3 
 69.65918      2             22            10            2019          3 
 53.70093      3             22            10            2019          3 
-185.6831      4             22            10            2019          3 
 9.739014      5             22            10            2019          3 
 14.13086      6             22            10            2019          3 
-3.263184      7             22            10            2019          3 
 2.672119      8             22            10            2019          3 
 32.20898      9             22            10            2019          3 
 2.613037      10            22            10            2019          3 
 8.549072      11            22            10            2019          3 
 6.462891      12            22            10            2019          3 
 4.678223      13            22            10            2019          3 
 4.515869      14            22            10            2019          3 
-152.9236      15            22            10            2019          3 
 56.82654      16            22            10            2019          3 
-14.60095      17            22            10            2019          3 
-4.730957      18            22            10            2019          3 
 42.96094      19            22            10            2019          3 
-358.0779      20            22            10            2019          3 
-97.47607      21            22            10            2019          3 
 119.1221      22            22            10            2019          3 
 171.7029      23            22            10            2019          3 
-52.604        0             23            10            2019          4 
-7.274902      1             23            10            2019          4 
 9.456055      2             23            10            2019          4 
 26.85889      3             23            10            2019          4 
 5.112793      4             23            10            2019          4 
 236.5444      5             23            10            2019          4 
 64.52393      6             23            10            2019          4 
 60.61084      7             23            10            2019          4 
-133.2439      8             23            10            2019          4 
-22.482        9             23            10            2019          4 
-3.763         10            23            10            2019          4 
 3.763         11            23            10            2019          4 
 3.763         12            23            10            2019          4 
-3.763         13            23            10            2019          4 
 3.763         14            23            10            2019          4 
 2.799         15            23            10            2019          4 
 2.798         16            23            10            2019          4 
 3.763         17            23            10            2019          4 
 0             18            23            10            2019          4 
-150.913       19            23            10            2019          4 
-98.63696      20            23            10            2019          4 
 67.54102      21            23            10            2019          4 
 122.4209      22            23            10            2019          4 
 17.56592      23            23            10            2019          4 
 2.009766      0             24            10            2019          5 
 7.466309      1             24            10            2019          5 
 4.720703      2             24            10            2019          5 
 1.999023      3             24            10            2019          5 
 17.65381      4             24            10            2019          5 
-23.48389      5             24            10            2019          5 
 338.609       6             24            10            2019          5 
-74.973        7             24            10            2019          5 
 0             8             24            10            2019          5 
 9.36          9             24            10            2019          5 
 0             10            24            10            2019          5 
 0             11            24            10            2019          5 
 7.525         12            24            10            2019          5 
 5.597         13            24            10            2019          5 
 0             14            24            10            2019          5 
-3.763         15            24            10            2019          5 
 3.763         16            24            10            2019          5 
 0             17            24            10            2019          5 
 0             18            24            10            2019          5 
 3.763         19            24            10            2019          5 
 82.5002       20            24            10            2019          5 
-1.658203      21            24            10            2019          5 
 69.7312       22            24            10            2019          5 
 80.36597      23            24            10            2019          5 
 68.80591      0             25            10            2019          6 
-96.83789      1             25            10            2019          6 
-9.338867      2             25            10            2019          6 
-5.69873       3             25            10            2019          6 
-12.95898      4             25            10            2019          6 
 3.275391      5             25            10            2019          6 
 15.35498      6             25            10            2019          6 
 3.282227      7             25            10            2019          6 
-152.4536      8             25            10            2019          6 
 95.01514      9             25            10            2019          6 
 57.84668      10            25            10            2019          6 
 61.78589      11            25            10            2019          6 
 65.00903      12            25            10            2019          6 
 80.66504      13            25            10            2019          6 
-32.50293      14            25            10            2019          6 
-.1918945      15            25            10            2019          6 
 4.291016      16            25            10            2019          6 
-5.919922      17            25            10            2019          6 
-10.59131      18            25            10            2019          6 
-13.4209       19            25            10            2019          6 
-11.77686      20            25            10            2019          6 
 7.362793      21            25            10            2019          6 
 146.333       22            25            10            2019          6 
-17.42871      23            25            10            2019          6 
-40.64282      0             26            10            2019          7 
-36.84229      1             26            10            2019          7 
 84.39282      2             26            10            2019          7 
-125.1021      3             26            10            2019          7 
-95.99097      4             26            10            2019          7 
-94.72412      5             26            10            2019          7 
-87.26587      6             26            10            2019          7 
-86.44897      7             26            10            2019          7 
-86.12183      8             26            10            2019          7 
-228.3059      9             26            10            2019          7 
 135.645       10            26            10            2019          7 
 38.521        11            26            10            2019          7 
 495.157       12            26            10            2019          7 
-215.242       13            26            10            2019          7 
 1.834         14            26            10            2019          7 
 3.763         15            26            10            2019          7 
 0             16            26            10            2019          7 
 7.526         17            26            10            2019          7 
 0             18            26            10            2019          7 
 9.36          19            26            10            2019          7 
 0             20            26            10            2019          7 
-365.863       21            26            10            2019          7 
 23.79297      22            26            10            2019          7 
-4.729004      23            26            10            2019          7 
-6.157715      0             27            10            2019          1 
 382.916       1             27            10            2019          1 
 95.20508      2             27            10            2019          1 
-3.814453      3             27            10            2019          1 
-13.13184      4             27            10            2019          1 
 147.8804      5             27            10            2019          1 
-15.97485      6             27            10            2019          1 
 113.468       7             27            10            2019          1 
 0             8             27            10            2019          1 
 0             9             27            10            2019          1 
 0             10            27            10            2019          1 
 7.525         11            27            10            2019          1 
-7.525         12            27            10            2019          1 
 0             13            27            10            2019          1 
 6.561         14            27            10            2019          1 
 14.087        15            27            10            2019          1 
 0             16            27            10            2019          1 
-3.763         17            27            10            2019          1 
 0             18            27            10            2019          1 
 6.561         19            27            10            2019          1 
 96.51202      20            27            10            2019          1 
 8.798828      21            27            10            2019          1 
 .5864258      22            27            10            2019          1 
 5.384766      23            27            10            2019          1 
 6.213867      0             28            10            2019          2 
-19.15479      1             28            10            2019          2 
-102.8862      2             28            10            2019          2 
 256.0845      3             28            10            2019          2 
-87.78076      4             28            10            2019          2 
 35.95557      5             28            10            2019          2 
 258.1045      6             28            10            2019          2 
 31.63037      7             28            10            2019          2 
 59.47021      8             28            10            2019          2 
 44.84619      9             28            10            2019          2 
 36.76099      10            28            10            2019          2 
 164.3201      11            28            10            2019          2 
-54.20581      12            28            10            2019          2 
-129.196       13            28            10            2019          2 
 108.2251      14            28            10            2019          2 
 59.33594      15            28            10            2019          2 
-3.980957      16            28            10            2019          2 
-22.46777      17            28            10            2019          2 
-13.73242      18            28            10            2019          2 
-70.87305      19            28            10            2019          2 
 152.8         20            28            10            2019          2 
 48.76318      21            28            10            2019          2 
 2.40625       22            28            10            2019          2 
-3.291992      23            28            10            2019          2 
-7.852051      0             29            10            2019          3 
-14.79492      1             29            10            2019          3 
 29.86133      2             29            10            2019          3 
 266.7354      3             29            10            2019          3 
 212.2893      4             29            10            2019          3 
-78.76904      5             29            10            2019          3 
-60.72021      6             29            10            2019          3 
 231.3728      7             29            10            2019          3 
 127.5564      8             29            10            2019          3 
 204.6155      9             29            10            2019          3 
 61.57324      10            29            10            2019          3 
 54.76416      11            29            10            2019          3 
 137.4919      12            29            10            2019          3 
-95.30798      13            29            10            2019          3 
 6.561         14            29            10            2019          3 
 3.763         15            29            10            2019          3 
-3.763         16            29            10            2019          3 
 7.526         17            29            10            2019          3 
 218.128       18            29            10            2019          3 
-120.2188      19            29            10            2019          3 
-3.345215      20            29            10            2019          3 
 1.582031      21            29            10            2019          3 
-9.038086      22            29            10            2019          3 
-4.973633      23            29            10            2019          3 
-8.970703      0             30            10            2019          4 
-11.82861      1             30            10            2019          4 
 1.911621      2             30            10            2019          4 
-144.1538      3             30            10            2019          4 
 107.3799      4             30            10            2019          4 
 44.02832      5             30            10            2019          4 
-72.01465      6             30            10            2019          4 
 293.333       7             30            10            2019          4 
 25.47198      8             30            10            2019          4 
 236.501       9             30            10            2019          4 
-2624.496      10            30            10            2019          4 
-17175.43      11            30            10            2019          4 
-17500         12            30            10            2019          4 
-15000         13            30            10            2019          4 
-17497.2       14            30            10            2019          4 
-12495.27      15            30            10            2019          4 
-12504.73      16            30            10            2019          4 
 6.561         17            30            10            2019          4 
 0             18            30            10            2019          4 
 289.462       19            30            10            2019          4 
-125.6191      20            30            10            2019          4 
 157.0229      21            30            10            2019          4 
-14.47021      22            30            10            2019          4 
-.7070313      23            30            10            2019          4 
 8.436035      0             31            10            2019          5 
-11.09766      1             31            10            2019          5 
-34.11182      2             31            10            2019          5 
 203.8162      3             31            10            2019          5 
 55.27295      4             31            10            2019          5 
 53.08398      5             31            10            2019          5 
 60.08105      6             31            10            2019          5 
-8.080078      7             31            10            2019          5 
-62.83301      8             31            10            2019          5 
 32.808        9             31            10            2019          5 
 52.492        10            31            10            2019          5 
 59.052        11            31            10            2019          5 
 51.527        12            31            10            2019          5 
 52.492        13            31            10            2019          5 
 56.253        14            31            10            2019          5 
 56.254        15            31            10            2019          5 
 36.57         16            31            10            2019          5 
 13.123        17            31            10            2019          5 
 5.596         18            31            10            2019          5 
 14.088        19            31            10            2019          5 
 15.922        20            31            10            2019          5 
 187.719       21            31            10            2019          5 
-12.59424      22            31            10            2019          5 
-13.59424      23            31            10            2019          5 
