-132.3349      0             1             8             2017          3 
-132.732       1             1             8             2017          3 
-189.8413      2             1             8             2017          3 
-181.1176      3             1             8             2017          3 
-181.4612      4             1             8             2017          3 
-120.5764      5             1             8             2017          3 
-118.7715      6             1             8             2017          3 
-52.96983      7             1             8             2017          3 
-28.37564      8             1             8             2017          3 
-16.03374      9             1             8             2017          3 
 7.249804      10            1             8             2017          3 
 20.19619      11            1             8             2017          3 
 13.36582      12            1             8             2017          3 
-7.954199      13            1             8             2017          3 
-27.45698      14            1             8             2017          3 
-67.83223      15            1             8             2017          3 
-109.6402      16            1             8             2017          3 
-120.7894      17            1             8             2017          3 
-137.9318      18            1             8             2017          3 
-129.9763      19            1             8             2017          3 
-115.0092      20            1             8             2017          3 
-99.01778      21            1             8             2017          3 
-102.9267      22            1             8             2017          3 
-101.4204      23            1             8             2017          3 
-113.0382      0             2             8             2017          4 
-121.8402      1             2             8             2017          4 
-127.0077      2             2             8             2017          4 
-126.8774      3             2             8             2017          4 
-129.9396      4             2             8             2017          4 
-113.5159      5             2             8             2017          4 
-95.07021      6             2             8             2017          4 
-73.65737      7             2             8             2017          4 
-34.30278      8             2             8             2017          4 
-31.81626      9             2             8             2017          4 
-15.44087      10            2             8             2017          4 
-15.77417      11            2             8             2017          4 
-18.2668       12            2             8             2017          4 
-24.09414      13            2             8             2017          4 
-20.38618      14            2             8             2017          4 
-108.2162      15            2             8             2017          4 
-128.2242      16            2             8             2017          4 
-214.1136      17            2             8             2017          4 
-241.9514      18            2             8             2017          4 
-245.1716      19            2             8             2017          4 
-166.5084      20            2             8             2017          4 
-157.4865      21            2             8             2017          4 
-85.53017      22            2             8             2017          4 
-81.95152      23            2             8             2017          4 
-96.23057      0             3             8             2017          5 
-113.3186      1             3             8             2017          5 
-115.9492      2             3             8             2017          5 
-122.5896      3             3             8             2017          5 
-120.551       4             3             8             2017          5 
-106.8064      5             3             8             2017          5 
-99.40991      6             3             8             2017          5 
-99.67485      7             3             8             2017          5 
-111.7325      8             3             8             2017          5 
-122.1849      9             3             8             2017          5 
-143.8905      10            3             8             2017          5 
-144.7558      11            3             8             2017          5 
-147.3957      12            3             8             2017          5 
-125.6983      13            3             8             2017          5 
-117.9764      14            3             8             2017          5 
-78.72514      15            3             8             2017          5 
-76.64355      16            3             8             2017          5 
-57.04038      17            3             8             2017          5 
-50.05933      18            3             8             2017          5 
-64.78316      19            3             8             2017          5 
-76.17944      20            3             8             2017          5 
-92.48521      21            3             8             2017          5 
-113.0531      22            3             8             2017          5 
-126.0592      23            3             8             2017          5 
-119.7913      0             4             8             2017          6 
-125.5587      1             4             8             2017          6 
-121.5766      2             4             8             2017          6 
-117.235       3             4             8             2017          6 
-94.10215      4             4             8             2017          6 
-84.78252      5             4             8             2017          6 
-42.13584      6             4             8             2017          6 
-34.46938      7             4             8             2017          6 
-14.26025      8             4             8             2017          6 
-36.91357      9             4             8             2017          6 
-37.64429      10            4             8             2017          6 
-76.18306      11            4             8             2017          6 
-86.94121      12            4             8             2017          6 
-102.6555      13            4             8             2017          6 
-102.2974      14            4             8             2017          6 
-99.6749       15            4             8             2017          6 
-91.94057      16            4             8             2017          6 
-77.39189      17            4             8             2017          6 
-77.97905      18            4             8             2017          6 
-72.28589      19            4             8             2017          6 
-74.37724      20            4             8             2017          6 
-93.40166      21            4             8             2017          6 
-95.76723      22            4             8             2017          6 
-111.0927      23            4             8             2017          6 
-111.8272      0             5             8             2017          7 
-110.1215      1             5             8             2017          7 
-110.1571      2             5             8             2017          7 
-113.0055      3             5             8             2017          7 
-110.5858      4             5             8             2017          7 
-115.9503      5             5             8             2017          7 
-120.404       6             5             8             2017          7 
-111.7475      7             5             8             2017          7 
-112.3125      8             5             8             2017          7 
-106.5193      9             5             8             2017          7 
-99.99693      10            5             8             2017          7 
-93.74268      11            5             8             2017          7 
-79.55205      12            5             8             2017          7 
-58.61787      13            5             8             2017          7 
-18.69292      14            5             8             2017          7 
-41.41172      15            5             8             2017          7 
-19.6937       16            5             8             2017          7 
-64.84497      17            5             8             2017          7 
-83.18877      18            5             8             2017          7 
-98.33953      19            5             8             2017          7 
-74.27865      20            5             8             2017          7 
-79.75075      21            5             8             2017          7 
-44.81744      22            5             8             2017          7 
-39.78643      23            5             8             2017          7 
-52.67593      0             6             8             2017          1 
-31.68441      1             6             8             2017          1 
-38.79883      2             6             8             2017          1 
 26.22921      3             6             8             2017          1 
 25.89341      4             6             8             2017          1 
 71.58952      5             6             8             2017          1 
 61.49464      6             6             8             2017          1 
 50.13633      7             6             8             2017          1 
 5.030698      8             6             8             2017          1 
 1.144092      9             6             8             2017          1 
-43.51338      10            6             8             2017          1 
-33.2001       11            6             8             2017          1 
-28.09565      12            6             8             2017          1 
-14.21904      13            6             8             2017          1 
-9.909765      14            6             8             2017          1 
-5.117334      15            6             8             2017          1 
-31.23091      16            6             8             2017          1 
-36.53936      17            6             8             2017          1 
-66.61465      18            6             8             2017          1 
-63.2416       19            6             8             2017          1 
-69.0624       20            6             8             2017          1 
-72.14185      21            6             8             2017          1 
-72.00078      22            6             8             2017          1 
-91.66191      23            6             8             2017          1 
-100.044       0             7             8             2017          2 
-112.7831      1             7             8             2017          2 
-105.376       2             7             8             2017          2 
-105.4598      3             7             8             2017          2 
-89.10942      4             7             8             2017          2 
-83.69765      5             7             8             2017          2 
-66.24033      6             7             8             2017          2 
-63.23818      7             7             8             2017          2 
-52.83062      8             7             8             2017          2 
-52.8666       9             7             8             2017          2 
-59.27178      10            7             8             2017          2 
-51.42549      11            7             8             2017          2 
-73.34303      12            7             8             2017          2 
-68.67926      13            7             8             2017          2 
-94.77029      14            7             8             2017          2 
-96.81921      15            7             8             2017          2 
-108.5889      16            7             8             2017          2 
-88.03502      17            7             8             2017          2 
-85.1483       18            7             8             2017          2 
-52.44184      19            7             8             2017          2 
-61.27695      20            7             8             2017          2 
-67.68994      21            7             8             2017          2 
-87.83828      22            7             8             2017          2 
-110.9865      23            7             8             2017          2 
-120.8443      0             8             8             2017          3 
-115.1892      1             8             8             2017          3 
-98.53843      2             8             8             2017          3 
-82.72276      3             8             8             2017          3 
-63.37725      4             8             8             2017          3 
-48.20066      5             8             8             2017          3 
-32.11511      6             8             8             2017          3 
-24.8987       7             8             8             2017          3 
 6.407227      8             8             8             2017          3 
 25.62835      9             8             8             2017          3 
 48.69007      10            8             8             2017          3 
 29.09919      11            8             8             2017          3 
 76.22739      12            8             8             2017          3 
 53.3879       13            8             8             2017          3 
 106.8836      14            8             8             2017          3 
 121.0207      15            8             8             2017          3 
 173.0062      16            8             8             2017          3 
 115.4381      17            8             8             2017          3 
 116.8974      18            8             8             2017          3 
 29.42976      19            8             8             2017          3 
-17.74048      20            8             8             2017          3 
-54.44551      21            8             8             2017          3 
-56.75427      22            8             8             2017          3 
-48.02427      23            8             8             2017          3 
-19.46955      0             9             8             2017          4 
-5.901025      1             9             8             2017          4 
 6.683008      2             9             8             2017          4 
-.9220947      3             9             8             2017          4 
-17.61138      4             9             8             2017          4 
-41.7074       5             9             8             2017          4 
-66.20742      6             9             8             2017          4 
-67.16618      7             9             8             2017          4 
-76.75281      8             9             8             2017          4 
-58.36938      9             9             8             2017          4 
-69.81384      10            9             8             2017          4 
-22.49734      11            9             8             2017          4 
-35.56873      12            9             8             2017          4 
 15.21025      13            9             8             2017          4 
 19.33235      14            9             8             2017          4 
 42.47585      15            9             8             2017          4 
 15.44866      16            9             8             2017          4 
 13.78472      17            9             8             2017          4 
-17.12781      18            9             8             2017          4 
-38.86433      19            9             8             2017          4 
-41.96406      20            9             8             2017          4 
-42.15137      21            9             8             2017          4 
-28.12915      22            9             8             2017          4 
-23.24839      23            9             8             2017          4 
 .6415771      0             10            8             2017          5 
 11.26394      1             10            8             2017          5 
 24.52996      2             10            8             2017          5 
 23.88704      3             10            8             2017          5 
 19.2584       4             10            8             2017          5 
 .1316162      5             10            8             2017          5 
-16.28728      6             10            8             2017          5 
-35.24148      7             10            8             2017          5 
-49.7217       8             10            8             2017          5 
-41.09341      9             10            8             2017          5 
-36.90049      10            10            8             2017          5 
-2.732568      11            10            8             2017          5 
 16.57839      12            10            8             2017          5 
 66.96096      13            10            8             2017          5 
 59.39067      14            10            8             2017          5 
 81.55093      15            10            8             2017          5 
 45.85972      16            10            8             2017          5 
 23.91736      17            10            8             2017          5 
-26.50418      18            10            8             2017          5 
-35.55605      19            10            8             2017          5 
-58.63291      20            10            8             2017          5 
-83.10278      21            10            8             2017          5 
-68.95689      22            10            8             2017          5 
-75.27364      23            10            8             2017          5 
-56.17258      0             11            8             2017          6 
 22.7921       1             11            8             2017          6 
 67.32074      2             11            8             2017          6 
 129.8421      3             11            8             2017          6 
 153.1737      4             11            8             2017          6 
 144.4702      5             11            8             2017          6 
 75.26271      6             11            8             2017          6 
 66.73021      7             11            8             2017          6 
 10.2728       8             11            8             2017          6 
 106.6339      9             11            8             2017          6 
 210.4432      10            11            8             2017          6 
 323.5003      11            11            8             2017          6 
 428.5513      12            11            8             2017          6 
 376.5688      13            11            8             2017          6 
 276.5141      14            11            8             2017          6 
 95.62602      15            11            8             2017          6 
-39.94639      16            11            8             2017          6 
-168.4529      17            11            8             2017          6 
-141.7843      18            11            8             2017          6 
-161.691       19            11            8             2017          6 
-102.1584      20            11            8             2017          6 
-122.3078      21            11            8             2017          6 
-126.2478      22            11            8             2017          6 
-138.3932      23            11            8             2017          6 
-128.9738      0             12            8             2017          7 
-145.3752      1             12            8             2017          7 
-98.29424      2             12            8             2017          7 
-111.7052      3             12            8             2017          7 
-87.44468      4             12            8             2017          7 
-93.09068      5             12            8             2017          7 
-72.37681      6             12            8             2017          7 
-96.3064       7             12            8             2017          7 
-72.5604       8             12            8             2017          7 
-90.98315      9             12            8             2017          7 
-83.08789      10            12            8             2017          7 
-83.81924      11            12            8             2017          7 
-62.21938      12            12            8             2017          7 
-30.51885      13            12            8             2017          7 
 71.22886      14            12            8             2017          7 
 99.89189      15            12            8             2017          7 
 181.1006      16            12            8             2017          7 
 180.1934      17            12            8             2017          7 
 152.1543      18            12            8             2017          7 
 66.70381      19            12            8             2017          7 
 38.05078      20            12            8             2017          7 
-23.92031      21            12            8             2017          7 
-33.61382      22            12            8             2017          7 
-31.83511      23            12            8             2017          7 
-23.82212      0             13            8             2017          1 
-36.06865      1             13            8             2017          1 
-42.42261      2             13            8             2017          1 
-49.00039      3             13            8             2017          1 
-45.98882      4             13            8             2017          1 
-60.82314      5             13            8             2017          1 
-47.89019      6             13            8             2017          1 
-57.73682      7             13            8             2017          1 
-53.29028      8             13            8             2017          1 
-58.38584      9             13            8             2017          1 
-53.41548      10            13            8             2017          1 
-55.34629      11            13            8             2017          1 
-70.02568      12            13            8             2017          1 
-130.1161      13            13            8             2017          1 
-204.069       14            13            8             2017          1 
-258.5884      15            13            8             2017          1 
-317.4177      16            13            8             2017          1 
-301.294       17            13            8             2017          1 
-240.8371      18            13            8             2017          1 
-164.0195      19            13            8             2017          1 
-125.0268      20            13            8             2017          1 
-62.97437      21            13            8             2017          1 
-81.50667      22            13            8             2017          1 
-81.16099      23            13            8             2017          1 
-80.64087      0             14            8             2017          2 
-68.63589      1             14            8             2017          2 
-66.38938      2             14            8             2017          2 
-47.45879      3             14            8             2017          2 
-17.19508      4             14            8             2017          2 
-2.385608      5             14            8             2017          2 
 25.76748      6             14            8             2017          2 
 59.35116      7             14            8             2017          2 
 60.71085      8             14            8             2017          2 
 69.16435      9             14            8             2017          2 
 74.26108      10            14            8             2017          2 
 37.56958      11            14            8             2017          2 
 3.585483      12            14            8             2017          2 
-35.02031      13            14            8             2017          2 
-88.92189      14            14            8             2017          2 
-130.7073      15            14            8             2017          2 
-122.1909      16            14            8             2017          2 
-138.3672      17            14            8             2017          2 
-92.41304      18            14            8             2017          2 
-88.98936      19            14            8             2017          2 
-58.23242      20            14            8             2017          2 
-61.4918       21            14            8             2017          2 
-51.25093      22            14            8             2017          2 
-65.51176      23            14            8             2017          2 
-48.28501      0             15            8             2017          3 
-69.3146       1             15            8             2017          3 
-55.62905      2             15            8             2017          3 
-70.54936      3             15            8             2017          3 
-76.87315      4             15            8             2017          3 
-98.00796      5             15            8             2017          3 
-112.9966      6             15            8             2017          3 
-112.6864      7             15            8             2017          3 
-106.9607      8             15            8             2017          3 
-102.3636      9             15            8             2017          3 
-79.66811      10            15            8             2017          3 
-70.01538      11            15            8             2017          3 
-74.77261      12            15            8             2017          3 
-67.60649      13            15            8             2017          3 
-63.5397       14            15            8             2017          3 
-79.41187      15            15            8             2017          3 
-65.48179      16            15            8             2017          3 
-75.98169      17            15            8             2017          3 
-71.95493      18            15            8             2017          3 
-84.23232      19            15            8             2017          3 
-82.48584      20            15            8             2017          3 
-91.72856      21            15            8             2017          3 
-92.93848      22            15            8             2017          3 
-104.0214      23            15            8             2017          3 
-93.03159      0             16            8             2017          4 
-95.42159      1             16            8             2017          4 
-82.43359      2             16            8             2017          4 
-85.94121      3             16            8             2017          4 
-81.72842      4             16            8             2017          4 
-96.41172      5             16            8             2017          4 
-97.63921      6             16            8             2017          4 
-112.6952      7             16            8             2017          4 
-118.7018      8             16            8             2017          4 
-125.922       9             16            8             2017          4 
-134.5428      10            16            8             2017          4 
-139.7316      11            16            8             2017          4 
-143.3133      12            16            8             2017          4 
-125.4695      13            16            8             2017          4 
-103.6833      14            16            8             2017          4 
-71.6957       15            16            8             2017          4 
-55.21079      16            16            8             2017          4 
-44.46606      17            16            8             2017          4 
-56.39167      18            16            8             2017          4 
-65.37756      19            16            8             2017          4 
-69.10938      20            16            8             2017          4 
-62.86265      21            16            8             2017          4 
-48.44077      22            16            8             2017          4 
-27.87439      23            16            8             2017          4 
-31.24753      0             17            8             2017          5 
-42.17363      1             17            8             2017          5 
-39.96382      2             17            8             2017          5 
-60.18354      3             17            8             2017          5 
-47.01909      4             17            8             2017          5 
-47.67651      5             17            8             2017          5 
-47.50146      6             17            8             2017          5 
-68.56968      7             17            8             2017          5 
-71.802        8             17            8             2017          5 
-106.661       9             17            8             2017          5 
-117.7003      10            17            8             2017          5 
-108.4309      11            17            8             2017          5 
-98.56621      12            17            8             2017          5 
-71.71846      13            17            8             2017          5 
-46.99028      14            17            8             2017          5 
-26.02251      15            17            8             2017          5 
-3.325195E-02                16            17            8             2017          5 
-.0980957      17            17            8             2017          5 
 10.12241      18            17            8             2017          5 
-12.33369      19            17            8             2017          5 
-31.0708       20            17            8             2017          5 
-88.91362      21            17            8             2017          5 
-102.1881      22            17            8             2017          5 
-147.3309      23            17            8             2017          5 
-149.0698      0             18            8             2017          6 
-138.0733      1             18            8             2017          6 
-122.8024      2             18            8             2017          6 
-115.5432      3             18            8             2017          6 
-114.0134      4             18            8             2017          6 
-130.398       5             18            8             2017          6 
-152.0043      6             18            8             2017          6 
-169.2902      7             18            8             2017          6 
-181.7638      8             18            8             2017          6 
-162.6301      9             18            8             2017          6 
-140.3316      10            18            8             2017          6 
-111.9655      11            18            8             2017          6 
-75.10635      12            18            8             2017          6 
-89.81311      13            18            8             2017          6 
-78.24324      14            18            8             2017          6 
-142.1958      15            18            8             2017          6 
-133.3481      16            18            8             2017          6 
-207.7014      17            18            8             2017          6 
-203.7959      18            18            8             2017          6 
-240.2747      19            18            8             2017          6 
-200.5862      20            18            8             2017          6 
-202.0723      21            18            8             2017          6 
-154.3313      22            18            8             2017          6 
-129.6182      23            18            8             2017          6 
-168.9966      0             19            8             2017          7 
-139.7945      1             19            8             2017          7 
-199.3953      2             19            8             2017          7 
-167.5368      3             19            8             2017          7 
-172.1384      4             19            8             2017          7 
-102.645       5             19            8             2017          7 
-99.57749      6             19            8             2017          7 
-36.04858      7             19            8             2017          7 
-44.24434      8             19            8             2017          7 
-21.59155      9             19            8             2017          7 
-23.84307      10            19            8             2017          7 
-23.49116      11            19            8             2017          7 
-38.49693      12            19            8             2017          7 
-38.08369      13            19            8             2017          7 
-45.62456      14            19            8             2017          7 
-46.7876       15            19            8             2017          7 
-37.70288      16            19            8             2017          7 
-42.39194      17            19            8             2017          7 
-43.22632      18            19            8             2017          7 
-36.84155      19            19            8             2017          7 
-42.54731      20            19            8             2017          7 
-41.48545      21            19            8             2017          7 
-38.91199      22            19            8             2017          7 
-35.77151      23            19            8             2017          7 
-46.82656      0             20            8             2017          1 
-30.51938      1             20            8             2017          1 
-30.91213      2             20            8             2017          1 
-6.61438       3             20            8             2017          1 
-9.097778      4             20            8             2017          1 
 16.48433      5             20            8             2017          1 
 11.89534      6             20            8             2017          1 
-4.304565      7             20            8             2017          1 
-16.69209      8             20            8             2017          1 
-53.59995      9             20            8             2017          1 
-83.23594      10            20            8             2017          1 
-125.206       11            20            8             2017          1 
-135.0793      12            20            8             2017          1 
-174.7039      13            20            8             2017          1 
-234.2741      14            20            8             2017          1 
-253.3139      15            20            8             2017          1 
-294.5822      16            20            8             2017          1 
-286.022       17            20            8             2017          1 
-242.6664      18            20            8             2017          1 
-148.5608      19            20            8             2017          1 
-117.4183      20            20            8             2017          1 
-60.829        21            20            8             2017          1 
-64.82637      22            20            8             2017          1 
-102.8892      23            20            8             2017          1 
-111.3318      0             21            8             2017          2 
-126.522       1             21            8             2017          2 
-114.7945      2             21            8             2017          2 
-113.9555      3             21            8             2017          2 
-102.9372      4             21            8             2017          2 
-112.2578      5             21            8             2017          2 
-116.3588      6             21            8             2017          2 
-118.21        7             21            8             2017          2 
-111.4327      8             21            8             2017          2 
-102.2271      9             21            8             2017          2 
-95.28921      10            21            8             2017          2 
-127.2434      11            21            8             2017          2 
-128.5984      12            21            8             2017          2 
-155.7172      13            21            8             2017          2 
-171.5728      14            21            8             2017          2 
-154.3892      15            21            8             2017          2 
-132.1879      16            21            8             2017          2 
-138.8902      17            21            8             2017          2 
-122.5313      18            21            8             2017          2 
-125.4967      19            21            8             2017          2 
-149.4174      20            21            8             2017          2 
-138.0642      21            21            8             2017          2 
-129.2757      22            21            8             2017          2 
-121.7704      23            21            8             2017          2 
-107.65        0             22            8             2017          3 
-96.57935      1             22            8             2017          3 
-98.17397      2             22            8             2017          3 
-91.51509      3             22            8             2017          3 
-80.73515      4             22            8             2017          3 
-78.80327      5             22            8             2017          3 
-12.81567      6             22            8             2017          3 
-15.0478       7             22            8             2017          3 
 58.27642      8             22            8             2017          3 
 44.56489      9             22            8             2017          3 
 64.02739      10            22            8             2017          3 
-19.06797      11            22            8             2017          3 
-22.55239      12            22            8             2017          3 
-117.977       13            22            8             2017          3 
-135.3358      14            22            8             2017          3 
-140.6995      15            22            8             2017          3 
-136.0874      16            22            8             2017          3 
-108.9504      17            22            8             2017          3 
-87.20142      18            22            8             2017          3 
-60.86328      19            22            8             2017          3 
-84.90874      20            22            8             2017          3 
-67.0461       21            22            8             2017          3 
-113.3632      22            22            8             2017          3 
-114.6714      23            22            8             2017          3 
-137.1516      0             23            8             2017          4 
-124.643       1             23            8             2017          4 
-127.9436      2             23            8             2017          4 
-91.24473      3             23            8             2017          4 
-90.8541       4             23            8             2017          4 
-54.48687      5             23            8             2017          4 
-44.42378      6             23            8             2017          4 
-35.75088      7             23            8             2017          4 
-81.01421      8             23            8             2017          4 
-83.5417       9             23            8             2017          4 
-147.6171      10            23            8             2017          4 
-169.2548      11            23            8             2017          4 
-187.743       12            23            8             2017          4 
-156.7791      13            23            8             2017          4 
-159.1588      14            23            8             2017          4 
-113.0081      15            23            8             2017          4 
-88.15654      16            23            8             2017          4 
-84.74248      17            23            8             2017          4 
-71.90269      18            23            8             2017          4 
-60.80625      19            23            8             2017          4 
-77.70313      20            23            8             2017          4 
-85.25708      21            23            8             2017          4 
-86.40727      22            23            8             2017          4 
-97.02427      23            23            8             2017          4 
-95.84389      0             24            8             2017          5 
-85.27739      1             24            8             2017          5 
-96.29741      2             24            8             2017          5 
-88.40049      3             24            8             2017          5 
-53.71499      4             24            8             2017          5 
-115.3684      5             24            8             2017          5 
-81.58228      6             24            8             2017          5 
-115.9715      7             24            8             2017          5 
-112.2395      8             24            8             2017          5 
-119.6721      9             24            8             2017          5 
-53.5625       10            24            8             2017          5 
-70.88908      11            24            8             2017          5 
-14.0208       12            24            8             2017          5 
-9.977221      13            24            8             2017          5 
-13.34712      14            24            8             2017          5 
-21.18496      15            24            8             2017          5 
-25.44568      16            24            8             2017          5 
-42.00645      17            24            8             2017          5 
-61.85547      18            24            8             2017          5 
-92.60728      19            24            8             2017          5 
-114.0056      20            24            8             2017          5 
-108.9154      21            24            8             2017          5 
-136.2165      22            24            8             2017          5 
-106.0022      23            24            8             2017          5 
-120.9725      0             25            8             2017          6 
-110.9908      1             25            8             2017          6 
-133.7205      2             25            8             2017          6 
-110.4675      3             25            8             2017          6 
-137.3555      4             25            8             2017          6 
-113.7985      5             25            8             2017          6 
-102.5712      6             25            8             2017          6 
-96.77954      7             25            8             2017          6 
-90.22153      8             25            8             2017          6 
-88.02002      9             25            8             2017          6 
-68.979        10            25            8             2017          6 
-73.63208      11            25            8             2017          6 
-39.98521      12            25            8             2017          6 
-32.6562       13            25            8             2017          6 
-11.03682      14            25            8             2017          6 
-14.90561      15            25            8             2017          6 
-10.65674      16            25            8             2017          6 
-18.57144      17            25            8             2017          6 
-35.95996      18            25            8             2017          6 
-41.60547      19            25            8             2017          6 
-63.59507      20            25            8             2017          6 
-70.84375      21            25            8             2017          6 
-89.67085      22            25            8             2017          6 
-86.42837      23            25            8             2017          6 
-140.2625      0             26            8             2017          7 
-136.4204      1             26            8             2017          7 
-172.2725      2             26            8             2017          7 
-161.6474      3             26            8             2017          7 
-148.5411      4             26            8             2017          7 
-97.76089      5             26            8             2017          7 
-99.40947      6             26            8             2017          7 
-59.57029      7             26            8             2017          7 
-73.9398       8             26            8             2017          7 
-71.78162      9             26            8             2017          7 
-68.18174      10            26            8             2017          7 
-49.61641      11            26            8             2017          7 
-48.84402      12            26            8             2017          7 
-43.20103      13            26            8             2017          7 
-54.9261       14            26            8             2017          7 
-50.81611      15            26            8             2017          7 
-56.18032      16            26            8             2017          7 
-41.10991      17            26            8             2017          7 
-34.2206       18            26            8             2017          7 
-33.41011      19            26            8             2017          7 
-34.7959       20            26            8             2017          7 
-35.3561       21            26            8             2017          7 
-49.40351      22            26            8             2017          7 
-61.76831      23            26            8             2017          7 
-85.28394      0             27            8             2017          1 
-104.0033      1             27            8             2017          1 
-118.7617      2             27            8             2017          1 
-103.3892      3             27            8             2017          1 
-91.43437      4             27            8             2017          1 
-51.12222      5             27            8             2017          1 
-47.81221      6             27            8             2017          1 
-43.72026      7             27            8             2017          1 
-66.82896      8             27            8             2017          1 
-80.81289      9             27            8             2017          1 
-114.4591      10            27            8             2017          1 
-117.1467      11            27            8             2017          1 
-133.6899      12            27            8             2017          1 
-127.3593      13            27            8             2017          1 
-128.3136      14            27            8             2017          1 
-80.35559      15            27            8             2017          1 
-69.33633      16            27            8             2017          1 
-34.37817      17            27            8             2017          1 
-34.04077      18            27            8             2017          1 
-41.78484      19            27            8             2017          1 
-74.55432      20            27            8             2017          1 
-109.5044      21            27            8             2017          1 
-135.3643      22            27            8             2017          1 
-168.1068      23            27            8             2017          1 
-170.2428      0             28            8             2017          2 
-177.3801      1             28            8             2017          2 
-154.9054      2             28            8             2017          2 
-144.3017      3             28            8             2017          2 
-112.9801      4             28            8             2017          2 
-94.04443      5             28            8             2017          2 
-74.11514      6             28            8             2017          2 
-54.98511      7             28            8             2017          2 
-48.07354      8             28            8             2017          2 
-43.38652      9             28            8             2017          2 
-58.24292      10            28            8             2017          2 
-91.10371      11            28            8             2017          2 
-92.48459      12            28            8             2017          2 
-92.59032      13            28            8             2017          2 
-233.5965      14            28            8             2017          2 
-186.7668      15            28            8             2017          2 
-309.5416      16            28            8             2017          2 
-308.7227      17            28            8             2017          2 
-306.3775      18            28            8             2017          2 
-177.4572      19            28            8             2017          2 
-210.5941      20            28            8             2017          2 
-86.47402      21            28            8             2017          2 
-113.4247      22            28            8             2017          2 
-144.9201      23            28            8             2017          2 
-190.7015      0             29            8             2017          3 
-201.7585      1             29            8             2017          3 
-217.675       2             29            8             2017          3 
-201.2573      3             29            8             2017          3 
-176.9877      4             29            8             2017          3 
-123.3619      5             29            8             2017          3 
-112.3346      6             29            8             2017          3 
-84.67676      7             29            8             2017          3 
-93.87968      8             29            8             2017          3 
-104.8843      9             29            8             2017          3 
-121.9104      10            29            8             2017          3 
-123.5775      11            29            8             2017          3 
-124.9912      12            29            8             2017          3 
-113.8418      13            29            8             2017          3 
-70.57717      14            29            8             2017          3 
-77.32246      15            29            8             2017          3 
-46.43481      16            29            8             2017          3 
-47.05474      17            29            8             2017          3 
-37.18245      18            29            8             2017          3 
-61.92995      19            29            8             2017          3 
-26.48569      20            29            8             2017          3 
-63.47822      21            29            8             2017          3 
-61.61597      22            29            8             2017          3 
-80.35366      23            29            8             2017          3 
-81.83086      0             30            8             2017          4 
-108.5704      1             30            8             2017          4 
-98.03276      2             30            8             2017          4 
-92.28574      3             30            8             2017          4 
-102.5886      4             30            8             2017          4 
-101.6803      5             30            8             2017          4 
-89.36875      6             30            8             2017          4 
-114.6024      7             30            8             2017          4 
-129.0582      8             30            8             2017          4 
-135.6794      9             30            8             2017          4 
-166.5281      10            30            8             2017          4 
-176.6473      11            30            8             2017          4 
-165.7049      12            30            8             2017          4 
-133.3369      13            30            8             2017          4 
-93.66006      14            30            8             2017          4 
-47.79946      15            30            8             2017          4 
 .1386719      16            30            8             2017          4 
-6.421875      17            30            8             2017          4 
-15.57993      18            30            8             2017          4 
-50.80561      19            30            8             2017          4 
-92.20396      20            30            8             2017          4 
-133.3828      21            30            8             2017          4 
-134.0947      22            30            8             2017          4 
-143.3003      23            30            8             2017          4 
-122.5186      0             31            8             2017          5 
-101.3285      1             31            8             2017          5 
-96.43652      2             31            8             2017          5 
-87.54724      3             31            8             2017          5 
-75.97725      4             31            8             2017          5 
-76.89432      5             31            8             2017          5 
-51.33845      6             31            8             2017          5 
-23.85265      7             31            8             2017          5 
 11.74603      8             31            8             2017          5 
 28.70331      9             31            8             2017          5 
 54.5561       10            31            8             2017          5 
 54.3632       11            31            8             2017          5 
 55.1157       12            31            8             2017          5 
 54.9228       13            31            8             2017          5 
-44.77261      14            31            8             2017          5 
-62.25552      15            31            8             2017          5 
-175.283       16            31            8             2017          5 
-211.4906      17            31            8             2017          5 
-228.3812      18            31            8             2017          5 
-161.5057      19            31            8             2017          5 
-161.3876      20            31            8             2017          5 
-72.41299      21            31            8             2017          5 
-64.32143      22            31            8             2017          5 
-86.95137      23            31            8             2017          5 
