 40.50732      0             1             12            2019          1 
 42.30908      1             1             12            2019          1 
-37.85107      2             1             12            2019          1 
 3.218994      3             1             12            2019          1 
 65.60181      4             1             12            2019          1 
 125.606       5             1             12            2019          1 
-222.8669      6             1             12            2019          1 
 336.6919      7             1             12            2019          1 
-341.3486      8             1             12            2019          1 
 462.1838      9             1             12            2019          1 
-563.8521      10            1             12            2019          1 
 157.1523      11            1             12            2019          1 
 139.7813      12            1             12            2019          1 
-284.4712      13            1             12            2019          1 
 36.40039      14            1             12            2019          1 
 43.88086      15            1             12            2019          1 
-36.50342      16            1             12            2019          1 
-13.14111      17            1             12            2019          1 
-40.95068      18            1             12            2019          1 
-19.81592      19            1             12            2019          1 
-34.896        20            1             12            2019          1 
 50.04785      21            1             12            2019          1 
-108.2202      22            1             12            2019          1 
-74.65088      23            1             12            2019          1 
 48.57373      0             2             12            2019          2 
-38.47998      1             2             12            2019          2 
-161.6309      2             2             12            2019          2 
-133.18        3             2             12            2019          2 
 11.289        4             2             12            2019          2 
 4.633         5             2             12            2019          2 
 38.69202      6             2             12            2019          2 
-504.4001      7             2             12            2019          2 
 84.90381      8             2             12            2019          2 
 8.94873       9             2             12            2019          2 
 6.55127       10            2             12            2019          2 
 28.36719      11            2             12            2019          2 
 143.7681      12            2             12            2019          2 
 129.4209      13            2             12            2019          2 
-39.95508      14            2             12            2019          2 
 59.30469      15            2             12            2019          2 
 34.36963      16            2             12            2019          2 
-99.37207      17            2             12            2019          2 
 117.3926      18            2             12            2019          2 
 15.90723      19            2             12            2019          2 
-1.799805      20            2             12            2019          2 
-44.15405      21            2             12            2019          2 
 144.0479      22            2             12            2019          2 
-33.91895      23            2             12            2019          2 
-88.43408      0             3             12            2019          3 
 28.8623       1             3             12            2019          3 
 1.864746      2             3             12            2019          3 
 7.652832      3             3             12            2019          3 
 13.27783      4             3             12            2019          3 
 16.75586      5             3             12            2019          3 
 30.10596      6             3             12            2019          3 
 1.490723      7             3             12            2019          3 
 3.022949      8             3             12            2019          3 
 8.469727      9             3             12            2019          3 
 44.83203      10            3             12            2019          3 
 96.59912      11            3             12            2019          3 
 89.22119      12            3             12            2019          3 
 290.2651      13            3             12            2019          3 
 25.54785      14            3             12            2019          3 
-58.49121      15            3             12            2019          3 
-9.596191      16            3             12            2019          3 
 13.49023      17            3             12            2019          3 
 38.42725      18            3             12            2019          3 
-8.329102      19            3             12            2019          3 
 10.229        20            3             12            2019          3 
 178.5913      21            3             12            2019          3 
-67.3125       22            3             12            2019          3 
 69.75684      23            3             12            2019          3 
 61.20361      0             4             12            2019          4 
 86.54199      1             4             12            2019          4 
 149.9419      2             4             12            2019          4 
-86.72998      3             4             12            2019          4 
-20.8252       4             4             12            2019          4 
-22.33105      5             4             12            2019          4 
-20.96777      6             4             12            2019          4 
-66.97217      7             4             12            2019          4 
 2.057129      8             4             12            2019          4 
 129.6338      9             4             12            2019          4 
 76.83496      10            4             12            2019          4 
 240.874       11            4             12            2019          4 
-154.9136      12            4             12            2019          4 
-298.9111      13            4             12            2019          4 
 151.9199      14            4             12            2019          4 
 134.1221      15            4             12            2019          4 
-87.8667       16            4             12            2019          4 
-5.975098      17            4             12            2019          4 
 8.916992      18            4             12            2019          4 
 .9223633      19            4             12            2019          4 
-4.537109      20            4             12            2019          4 
-148.3799      21            4             12            2019          4 
 86.04053      22            4             12            2019          4 
 78.36719      23            4             12            2019          4 
 86.41797      0             5             12            2019          5 
 69.76172      1             5             12            2019          5 
 102.8721      2             5             12            2019          5 
-86.07959      3             5             12            2019          5 
 13.52002      4             5             12            2019          5 
-155.5112      5             5             12            2019          5 
 1.38623       6             5             12            2019          5 
 55.29297      7             5             12            2019          5 
-136.595       8             5             12            2019          5 
-37.63403      9             5             12            2019          5 
-33.59692      10            5             12            2019          5 
-120.9009      11            5             12            2019          5 
 84.34595      12            5             12            2019          5 
-136.9189      13            5             12            2019          5 
 7.557129      14            5             12            2019          5 
 49.93506      15            5             12            2019          5 
 8.621094      16            5             12            2019          5 
 5.23584       17            5             12            2019          5 
 12.60156      18            5             12            2019          5 
-118.8804      19            5             12            2019          5 
 100.1851      20            5             12            2019          5 
-555.3179      21            5             12            2019          5 
 133.4651      22            5             12            2019          5 
 146.7422      23            5             12            2019          5 
 42.35498      0             6             12            2019          6 
 73.25391      1             6             12            2019          6 
 33.44824      2             6             12            2019          6 
 35.45166      3             6             12            2019          6 
 50.66797      4             6             12            2019          6 
 13.03516      5             6             12            2019          6 
 31.38403      6             6             12            2019          6 
 10.80981      7             6             12            2019          6 
 41.58179      8             6             12            2019          6 
-56.15381      9             6             12            2019          6 
 54.84473      10            6             12            2019          6 
 28.72217      11            6             12            2019          6 
 65.88721      12            6             12            2019          6 
 46.50903      13            6             12            2019          6 
-225.0371      14            6             12            2019          6 
 133.2239      15            6             12            2019          6 
 79.38513      16            6             12            2019          6 
 61.82202      17            6             12            2019          6 
-111.796       18            6             12            2019          6 
 0             19            6             12            2019          6 
 9.359         20            6             12            2019          6 
-3.763         21            6             12            2019          6 
 175.323       22            6             12            2019          6 
-65.79785      23            6             12            2019          6 
 11.66357      0             7             12            2019          7 
 20.94531      1             7             12            2019          7 
 30.71729      2             7             12            2019          7 
 39.92529      3             7             12            2019          7 
 116.6387      4             7             12            2019          7 
 76.93018      5             7             12            2019          7 
 80.43213      6             7             12            2019          7 
 72.5083       7             7             12            2019          7 
-114.377       8             7             12            2019          7 
-130.491       9             7             12            2019          7 
 88.92188      10            7             12            2019          7 
-138.7222      11            7             12            2019          7 
 84.10205      12            7             12            2019          7 
-137.8706      13            7             12            2019          7 
 535.4009      14            7             12            2019          7 
 9.446777      15            7             12            2019          7 
-487.333       16            7             12            2019          7 
-138.9033      17            7             12            2019          7 
-22.44531      18            7             12            2019          7 
 291.5571      19            7             12            2019          7 
-91.33447      20            7             12            2019          7 
-15.35693      21            7             12            2019          7 
 432.7549      22            7             12            2019          7 
 22.51514      23            7             12            2019          7 
 27.47412      0             8             12            2019          1 
 32.27686      1             8             12            2019          1 
 10.32324      2             8             12            2019          1 
-135.4629      3             8             12            2019          1 
 132.0557      4             8             12            2019          1 
 82.38892      5             8             12            2019          1 
-100.6919      6             8             12            2019          1 
-49.27002      7             8             12            2019          1 
 319.9932      8             8             12            2019          1 
 37.24707      9             8             12            2019          1 
 104.8589      10            8             12            2019          1 
 156.4729      11            8             12            2019          1 
-592.4751      12            8             12            2019          1 
 201.355       13            8             12            2019          1 
 2132.804      14            8             12            2019          1 
 3213.725      15            8             12            2019          1 
 3337.526      16            8             12            2019          1 
 3347.628      17            8             12            2019          1 
 3350.068      18            8             12            2019          1 
 3090.705      19            8             12            2019          1 
 3001.87       20            8             12            2019          1 
 3452.038      21            8             12            2019          1 
 3329.426      22            8             12            2019          1 
 3303.985      23            8             12            2019          1 
 3345.476      0             9             12            2019          2 
 3122.986      1             9             12            2019          2 
 3282.705      2             9             12            2019          2 
 3270.39       3             9             12            2019          2 
 3297.005      4             9             12            2019          2 
 3277.956      5             9             12            2019          2 
 3287.863      6             9             12            2019          2 
 3411.421      7             9             12            2019          2 
 3321.445      8             9             12            2019          2 
 3301.568      9             9             12            2019          2 
 449.5479      10            9             12            2019          2 
 127.877       11            9             12            2019          2 
 389.0088      12            9             12            2019          2 
 351.6521      13            9             12            2019          2 
-17.90002      14            9             12            2019          2 
-27.82617      15            9             12            2019          2 
 11.53491      16            9             12            2019          2 
-1.940918      17            9             12            2019          2 
-115.8369      18            9             12            2019          2 
-23.42993      19            9             12            2019          2 
 33.13892      20            9             12            2019          2 
 6.035889      21            9             12            2019          2 
-174.5359      22            9             12            2019          2 
 149.4973      23            9             12            2019          2 
 187.015       0             10            12            2019          3 
 135.427       1             10            12            2019          3 
 49.92383      2             10            12            2019          3 
 22.38892      3             10            12            2019          3 
-45.5769       4             10            12            2019          3 
 28.74707      5             10            12            2019          3 
 47.71411      6             10            12            2019          3 
 54.58081      7             10            12            2019          3 
 62.42383      8             10            12            2019          3 
 35.44092      9             10            12            2019          3 
 15.25391      10            10            12            2019          3 
 46.88818      11            10            12            2019          3 
-142.752       12            10            12            2019          3 
 136.4219      13            10            12            2019          3 
 175           14            10            12            2019          3 
 154.2031      15            10            12            2019          3 
 141.157       16            10            12            2019          3 
 1.778076      17            10            12            2019          3 
-15.90503      18            10            12            2019          3 
 53.2561       19            10            12            2019          3 
 24.13196      20            10            12            2019          3 
-61.69409      21            10            12            2019          3 
 185.1692      22            10            12            2019          3 
 279.5732      23            10            12            2019          3 
-67.64014      0             11            12            2019          4 
-17.03711      1             11            12            2019          4 
-16.07129      2             11            12            2019          4 
-24.16699      3             11            12            2019          4 
-4.458984      4             11            12            2019          4 
-25.91895      5             11            12            2019          4 
-13.32715      6             11            12            2019          4 
-11.41553      7             11            12            2019          4 
-22.58643      8             11            12            2019          4 
-384.6836      9             11            12            2019          4 
 156.2583      10            11            12            2019          4 
 418.0361      11            11            12            2019          4 
-110.207       12            11            12            2019          4 
 47.40088      13            11            12            2019          4 
 38.67822      14            11            12            2019          4 
 12.34497      15            11            12            2019          4 
 20.66455      16            11            12            2019          4 
-33.68115      17            11            12            2019          4 
 196.8594      18            11            12            2019          4 
 73.7605       19            11            12            2019          4 
 83.99878      20            11            12            2019          4 
 124.2168      21            11            12            2019          4 
 215.7456      22            11            12            2019          4 
-148.3931      23            11            12            2019          4 
 408.4072      0             12            12            2019          5 
 213.2261      1             12            12            2019          5 
-275.708       2             12            12            2019          5 
-345.29        3             12            12            2019          5 
 215.5127      4             12            12            2019          5 
 295.3833      5             12            12            2019          5 
-542.3179      6             12            12            2019          5 
 458.5918      7             12            12            2019          5 
 58.82568      8             12            12            2019          5 
 100.1914      9             12            12            2019          5 
-28.60205      10            12            12            2019          5 
 182.7869      11            12            12            2019          5 
 257.2571      12            12            12            2019          5 
-75.7981       13            12            12            2019          5 
-209.3428      14            12            12            2019          5 
 92.26709      15            12            12            2019          5 
-11.80713      16            12            12            2019          5 
-27.20068      17            12            12            2019          5 
-86.55078      18            12            12            2019          5 
 167.3657      19            12            12            2019          5 
 113.2856      20            12            12            2019          5 
 145.041       21            12            12            2019          5 
 149.019       22            12            12            2019          5 
-15.39404      23            12            12            2019          5 
 73.30322      0             13            12            2019          6 
 72.51953      1             13            12            2019          6 
 96.62451      2             13            12            2019          6 
 116.5034      3             13            12            2019          6 
 201.5869      4             13            12            2019          6 
 232.8667      5             13            12            2019          6 
 257.1211      6             13            12            2019          6 
 13.87158      7             13            12            2019          6 
 73.77197      8             13            12            2019          6 
 86.90723      9             13            12            2019          6 
 210.3892      10            13            12            2019          6 
 171.415       11            13            12            2019          6 
-44.37988      12            13            12            2019          6 
-20.04321      13            13            12            2019          6 
-37.73999      14            13            12            2019          6 
-11.39697      15            13            12            2019          6 
-116.219       16            13            12            2019          6 
 155.3652      17            13            12            2019          6 
-94.61475      18            13            12            2019          6 
 137.3291      19            13            12            2019          6 
 44.30518      20            13            12            2019          6 
 63.57422      21            13            12            2019          6 
-79.2998       22            13            12            2019          6 
 208           23            13            12            2019          6 
 285.2827      0             14            12            2019          7 
-8.008789      1             14            12            2019          7 
 96.22559      2             14            12            2019          7 
 15.20898      3             14            12            2019          7 
 254.3921      4             14            12            2019          7 
 199.0708      5             14            12            2019          7 
 69.00439      6             14            12            2019          7 
 61.61084      7             14            12            2019          7 
 45.08594      8             14            12            2019          7 
 244.7773      9             14            12            2019          7 
 96.1272       10            14            12            2019          7 
-23.25         11            14            12            2019          7 
-13.95996      12            14            12            2019          7 
 107.8501      13            14            12            2019          7 
 121.7139      14            14            12            2019          7 
 210.5269      15            14            12            2019          7 
-88.13672      16            14            12            2019          7 
-5.002441      17            14            12            2019          7 
-20.76025      18            14            12            2019          7 
 19.21875      19            14            12            2019          7 
 18.1123       20            14            12            2019          7 
 63.0166       21            14            12            2019          7 
-61.229        22            14            12            2019          7 
 237.5862      23            14            12            2019          7 
-66.12988      0             15            12            2019          1 
 55.67334      1             15            12            2019          1 
 66.78271      2             15            12            2019          1 
-7.097656      3             15            12            2019          1 
 215.657       4             15            12            2019          1 
 224.498       5             15            12            2019          1 
 285.078       6             15            12            2019          1 
 65.614        7             15            12            2019          1 
 49.598        8             15            12            2019          1 
-233.826       9             15            12            2019          1 
-137.808       10            15            12            2019          1 
-449.048       11            15            12            2019          1 
-15.66211      12            15            12            2019          1 
 66.48389      13            15            12            2019          1 
 23.18457      14            15            12            2019          1 
 44.16943      15            15            12            2019          1 
 70.90576      16            15            12            2019          1 
 50.92383      17            15            12            2019          1 
 59.58057      18            15            12            2019          1 
-30.08667      19            15            12            2019          1 
 54.52197      20            15            12            2019          1 
 65.62915      21            15            12            2019          1 
 291.0313      22            15            12            2019          1 
-40.20703      23            15            12            2019          1 
-29.99805      0             16            12            2019          2 
 49.0791       1             16            12            2019          2 
-19.99072      2             16            12            2019          2 
 1.686035      3             16            12            2019          2 
 18.33057      4             16            12            2019          2 
-2.008301      5             16            12            2019          2 
-59.60596      6             16            12            2019          2 
 108.435       7             16            12            2019          2 
 55.29         8             16            12            2019          2 
 53.455        9             16            12            2019          2 
 55.29         10            16            12            2019          2 
 49.692        11            16            12            2019          2 
 51.528        12            16            12            2019          2 
 55.29         13            16            12            2019          2 
 59.052        14            16            12            2019          2 
-49.924        15            16            12            2019          2 
-1.174072      16            16            12            2019          2 
-125.7573      17            16            12            2019          2 
-66.42822      18            16            12            2019          2 
 70.26807      19            16            12            2019          2 
 107.8047      20            16            12            2019          2 
 126.3257      21            16            12            2019          2 
 110.4624      22            16            12            2019          2 
 87.68115      23            16            12            2019          2 
 69.62988      0             17            12            2019          3 
 42.46533      1             17            12            2019          3 
 135.4551      2             17            12            2019          3 
 88.00488      3             17            12            2019          3 
 204.8359      4             17            12            2019          3 
 189.9683      5             17            12            2019          3 
 133.313       6             17            12            2019          3 
 260.2729      7             17            12            2019          3 
-201.813       8             17            12            2019          3 
-64.35107      9             17            12            2019          3 
-177.6138      10            17            12            2019          3 
 234.0718      11            17            12            2019          3 
-223.8384      12            17            12            2019          3 
 22.49414      13            17            12            2019          3 
 28.97412      14            17            12            2019          3 
-96.63623      15            17            12            2019          3 
 143.5684      16            17            12            2019          3 
-81.93604      17            17            12            2019          3 
-15.71338      18            17            12            2019          3 
-112.9204      19            17            12            2019          3 
 96.51514      20            17            12            2019          3 
 52.50977      21            17            12            2019          3 
 422.2783      22            17            12            2019          3 
-219.8728      23            17            12            2019          3 
 119.2549      0             18            12            2019          4 
 42.43896      1             18            12            2019          4 
 95.92822      2             18            12            2019          4 
 225.1138      3             18            12            2019          4 
-25.51416      4             18            12            2019          4 
 34.75293      5             18            12            2019          4 
 31.26807      6             18            12            2019          4 
 118.1279      7             18            12            2019          4 
 58.76001      8             18            12            2019          4 
 56.88904      9             18            12            2019          4 
 124.6359      10            18            12            2019          4 
-113.911       11            18            12            2019          4 
 135.4541      12            18            12            2019          4 
 36.08887      13            18            12            2019          4 
 301.323       14            18            12            2019          4 
 110.3199      15            18            12            2019          4 
 100.8318      16            18            12            2019          4 
-47.84521      17            18            12            2019          4 
 101.5581      18            18            12            2019          4 
-61.80811      19            18            12            2019          4 
-128.5308      20            18            12            2019          4 
 21.0791       21            18            12            2019          4 
 23.46191      22            18            12            2019          4 
-351.1904      23            18            12            2019          4 
-286.3245      0             19            12            2019          5 
-.0390625      1             19            12            2019          5 
 13.17505      2             19            12            2019          5 
-47.05908      3             19            12            2019          5 
 151.3101      4             19            12            2019          5 
-41.02637      5             19            12            2019          5 
 56.76172      6             19            12            2019          5 
 193.8218      7             19            12            2019          5 
-379.0559      8             19            12            2019          5 
-25.21411      9             19            12            2019          5 
-87.66101      10            19            12            2019          5 
-122.087       11            19            12            2019          5 
 20.554        12            19            12            2019          5 
 8.395         13            19            12            2019          5 
 13.123        14            19            12            2019          5 
-228.301       15            19            12            2019          5 
 34.0127       16            19            12            2019          5 
 34.19873      17            19            12            2019          5 
-31.5874       18            19            12            2019          5 
 204.4468      19            19            12            2019          5 
-31.90088      20            19            12            2019          5 
-63.22021      21            19            12            2019          5 
-102.5796      22            19            12            2019          5 
-155.2695      23            19            12            2019          5 
 21.84863      0             20            12            2019          6 
 360.731       1             20            12            2019          6 
 103.8848      2             20            12            2019          6 
 386.2334      3             20            12            2019          6 
-449.0303      4             20            12            2019          6 
 235.7671      5             20            12            2019          6 
 187.7881      6             20            12            2019          6 
-96.19971      7             20            12            2019          6 
 35.11523      8             20            12            2019          6 
 20.00391      9             20            12            2019          6 
 58.01074      10            20            12            2019          6 
-27.78809      11            20            12            2019          6 
 193.4761      12            20            12            2019          6 
 67.08594      13            20            12            2019          6 
 59.89111      14            20            12            2019          6 
 48.06006      15            20            12            2019          6 
-9.741699      16            20            12            2019          6 
 44.17236      17            20            12            2019          6 
 24.02979      18            20            12            2019          6 
 23.03369      19            20            12            2019          6 
 42.04395      20            20            12            2019          6 
-16.51074      21            20            12            2019          6 
-78.53418      22            20            12            2019          6 
 83.30786      23            20            12            2019          6 
 27.59302      0             21            12            2019          7 
 190.9958      1             21            12            2019          7 
-43.479        2             21            12            2019          7 
-35.646        3             21            12            2019          7 
-41.09106      4             21            12            2019          7 
-65.08911      5             21            12            2019          7 
-81.48291      6             21            12            2019          7 
-58.30005      7             21            12            2019          7 
-58.97217      8             21            12            2019          7 
-54.1709       9             21            12            2019          7 
-28.57886      10            21            12            2019          7 
-46.23706      11            21            12            2019          7 
-57.49121      12            21            12            2019          7 
-63.04297      13            21            12            2019          7 
-179.7131      14            21            12            2019          7 
-65.59277      15            21            12            2019          7 
-21.81616      16            21            12            2019          7 
 83.91296      17            21            12            2019          7 
-410.842       18            21            12            2019          7 
 55.67603      19            21            12            2019          7 
 51.78418      20            21            12            2019          7 
 22.12891      21            21            12            2019          7 
-104.3516      22            21            12            2019          7 
-179.127       23            21            12            2019          7 
 144.334       0             22            12            2019          1 
 32.02393      1             22            12            2019          1 
 29.22021      2             22            12            2019          1 
 74.07471      3             22            12            2019          1 
 22.20703      4             22            12            2019          1 
 41.53418      5             22            12            2019          1 
 29.05225      6             22            12            2019          1 
 38.4248       7             22            12            2019          1 
 .5151367      8             22            12            2019          1 
 250.2351      9             22            12            2019          1 
 1.13916       10            22            12            2019          1 
 5.648682      11            22            12            2019          1 
-.208252       12            22            12            2019          1 
-38.60938      13            22            12            2019          1 
-8.40332       14            22            12            2019          1 
-206.8826      15            22            12            2019          1 
-70.88721      16            22            12            2019          1 
-56.03809      17            22            12            2019          1 
-18.05688      18            22            12            2019          1 
 60.86792      19            22            12            2019          1 
-26.1438       20            22            12            2019          1 
 208.6553      21            22            12            2019          1 
 38.96924      22            22            12            2019          1 
 49.23389      23            22            12            2019          1 
 43.84375      0             23            12            2019          2 
 28.55518      1             23            12            2019          2 
 49.6792       2             23            12            2019          2 
 51.62793      3             23            12            2019          2 
 47.78076      4             23            12            2019          2 
-36.95801      5             23            12            2019          2 
-29.02808      6             23            12            2019          2 
 3.089844      7             23            12            2019          2 
-321.4971      8             23            12            2019          2 
 .2011719      9             23            12            2019          2 
 379.417       10            23            12            2019          2 
-87.59009      11            23            12            2019          2 
-6.527832      12            23            12            2019          2 
-47.43115      13            23            12            2019          2 
 15.26199      14            23            12            2019          2 
-124.735       15            23            12            2019          2 
-155.771       16            23            12            2019          2 
-179.6521      17            23            12            2019          2 
 64.89429      18            23            12            2019          2 
 262.9258      19            23            12            2019          2 
 65.16699      20            23            12            2019          2 
-659.5562      21            23            12            2019          2 
 742.1499      22            23            12            2019          2 
-204.4702      23            23            12            2019          2 
 97.80078      0             24            12            2019          3 
 100.3311      1             24            12            2019          3 
 249.3667      2             24            12            2019          3 
-65.15479      3             24            12            2019          3 
-206.5908      4             24            12            2019          3 
-98.08691      5             24            12            2019          3 
 22.875        6             24            12            2019          3 
 72.02197      7             24            12            2019          3 
-47.83203      8             24            12            2019          3 
 91.2583       9             24            12            2019          3 
 130.1899      10            24            12            2019          3 
 55.34619      11            24            12            2019          3 
 66.62256      12            24            12            2019          3 
-90.68481      13            24            12            2019          3 
-3.574219      14            24            12            2019          3 
 13.39502      15            24            12            2019          3 
-34.6167       16            24            12            2019          3 
 37.4043       17            24            12            2019          3 
 189.6387      18            24            12            2019          3 
 214.7158      19            24            12            2019          3 
 58.59473      20            24            12            2019          3 
 223.541       21            24            12            2019          3 
 162.168       22            24            12            2019          3 
 43.31543      23            24            12            2019          3 
 1.870117      0             25            12            2019          4 
 320.7373      1             25            12            2019          4 
 129.2832      2             25            12            2019          4 
-76.77539      3             25            12            2019          4 
 69.17871      4             25            12            2019          4 
-75.02051      5             25            12            2019          4 
-23.30688      6             25            12            2019          4 
-19.3479       7             25            12            2019          4 
 212.5059      8             25            12            2019          4 
 40.41699      9             25            12            2019          4 
-135.1851      10            25            12            2019          4 
 563.1968      11            25            12            2019          4 
 44.6958       12            25            12            2019          4 
-14.40771      13            25            12            2019          4 
 51.29199      14            25            12            2019          4 
 127.063       15            25            12            2019          4 
 19.54395      16            25            12            2019          4 
 85.39502      17            25            12            2019          4 
 85.01318      18            25            12            2019          4 
 62.73877      19            25            12            2019          4 
 74.82178      20            25            12            2019          4 
 147.2764      21            25            12            2019          4 
 42.56201      22            25            12            2019          4 
 71.37451      23            25            12            2019          4 
 232.9995      0             26            12            2019          5 
 179.5327      1             26            12            2019          5 
 38.5          2             26            12            2019          5 
 123.3032      3             26            12            2019          5 
-33.4751       4             26            12            2019          5 
 25.23926      5             26            12            2019          5 
 127.273       6             26            12            2019          5 
-415.331       7             26            12            2019          5 
-157.936       8             26            12            2019          5 
 97.91113      9             26            12            2019          5 
 180.3621      10            26            12            2019          5 
 23.01001      11            26            12            2019          5 
 12.91016      12            26            12            2019          5 
-45.375        13            26            12            2019          5 
 132.843       14            26            12            2019          5 
 1363.181      15            26            12            2019          5 
-54.11902      16            26            12            2019          5 
-56.06702      17            26            12            2019          5 
 198.771       18            26            12            2019          5 
 5.597         19            26            12            2019          5 
-913.7681      20            26            12            2019          5 
 48.5249       21            26            12            2019          5 
 57.77185      22            26            12            2019          5 
 59.23682      23            26            12            2019          5 
 37.56982      0             27            12            2019          6 
 38.41064      1             27            12            2019          6 
 55.58984      2             27            12            2019          6 
 7.972168      3             27            12            2019          6 
 92.33301      4             27            12            2019          6 
 307.929       5             27            12            2019          6 
 493.7061      6             27            12            2019          6 
-144.0942      7             27            12            2019          6 
 .8442383      8             27            12            2019          6 
 68.729        9             27            12            2019          6 
 52.04883      10            27            12            2019          6 
 79.38379      11            27            12            2019          6 
 2.40332       12            27            12            2019          6 
 50.82764      13            27            12            2019          6 
 48.35205      14            27            12            2019          6 
-7.14502       15            27            12            2019          6 
 34.246        16            27            12            2019          6 
 6.562         17            27            12            2019          6 
-25.185        18            27            12            2019          6 
-89.157        19            27            12            2019          6 
 408.5149      20            27            12            2019          6 
 276.9751      21            27            12            2019          6 
-195.4072      22            27            12            2019          6 
 9.310059      23            27            12            2019          6 
-148.5981      0             28            12            2019          7 
 234.0198      1             28            12            2019          7 
-18.22217      2             28            12            2019          7 
 58.95581      3             28            12            2019          7 
-797.8774      4             28            12            2019          7 
-31.54883      5             28            12            2019          7 
-61.06934      6             28            12            2019          7 
-104.04        7             28            12            2019          7 
 29.77979      8             28            12            2019          7 
-22.60107      9             28            12            2019          7 
 142.8821      10            28            12            2019          7 
-29.3667       11            28            12            2019          7 
-314.9629      12            28            12            2019          7 
 485.248       13            28            12            2019          7 
-75.18481      14            28            12            2019          7 
-141.957       15            28            12            2019          7 
 154.7461      16            28            12            2019          7 
-19.25684      17            28            12            2019          7 
-43.54297      18            28            12            2019          7 
-51.81982      19            28            12            2019          7 
-36.46313      20            28            12            2019          7 
-54.30688      21            28            12            2019          7 
-120.3262      22            28            12            2019          7 
 159.094       23            28            12            2019          7 
-42.96484      0             29            12            2019          1 
 43.21729      1             29            12            2019          1 
 11.229        2             29            12            2019          1 
 30.86182      3             29            12            2019          1 
 43.18091      4             29            12            2019          1 
 69.68201      5             29            12            2019          1 
 112.7159      6             29            12            2019          1 
 80.472        7             29            12            2019          1 
 2.799         8             29            12            2019          1 
 3.763         9             29            12            2019          1 
 12.158        10            29            12            2019          1 
-13.028        11            29            12            2019          1 
-15.828        12            29            12            2019          1 
-1.927         13            29            12            2019          1 
 9.36          14            29            12            2019          1 
-3.417969      15            29            12            2019          1 
-494.6431      16            29            12            2019          1 
-190.291       17            29            12            2019          1 
-36.38477      18            29            12            2019          1 
 74.06201      19            29            12            2019          1 
 9.89209       20            29            12            2019          1 
-188.2349      21            29            12            2019          1 
 35.99902      22            29            12            2019          1 
 53.47998      23            29            12            2019          1 
 22.34521      0             30            12            2019          2 
 38.48535      1             30            12            2019          2 
-8.30957       2             30            12            2019          2 
 69.84399      3             30            12            2019          2 
-61.68604      4             30            12            2019          2 
-29.31177      5             30            12            2019          2 
-10.27393      6             30            12            2019          2 
-440.7471      7             30            12            2019          2 
 107.6509      8             30            12            2019          2 
 8.081787      9             30            12            2019          2 
 212.806       10            30            12            2019          2 
 80.80896      11            30            12            2019          2 
-468.777       12            30            12            2019          2 
 6.334106      13            30            12            2019          2 
 421.6079      14            30            12            2019          2 
 56.87891      15            30            12            2019          2 
 37.48096      16            30            12            2019          2 
 49.19482      17            30            12            2019          2 
 51.26123      18            30            12            2019          2 
 206.1611      19            30            12            2019          2 
 35.79688      20            30            12            2019          2 
 175.9482      21            30            12            2019          2 
 31.37256      22            30            12            2019          2 
 109.6335      23            30            12            2019          2 
-24.11011      0             31            12            2019          3 
-46.9187       1             31            12            2019          3 
 78.65186      2             31            12            2019          3 
-15.54199      3             31            12            2019          3 
 52.98486      4             31            12            2019          3 
 72.02832      5             31            12            2019          3 
 16.35596      6             31            12            2019          3 
-34.39893      7             31            12            2019          3 
 177.8169      8             31            12            2019          3 
 227.5581      9             31            12            2019          3 
 41.2749       10            31            12            2019          3 
 71.73828      11            31            12            2019          3 
 6.020996      12            31            12            2019          3 
-31.19287      13            31            12            2019          3 
 25.26514      14            31            12            2019          3 
 262.769       15            31            12            2019          3 
-2.479004      16            31            12            2019          3 
-10.82471      17            31            12            2019          3 
-81.10791      18            31            12            2019          3 
-102.5132      19            31            12            2019          3 
-54.38013      20            31            12            2019          3 
-.1152344      21            31            12            2019          3 
 74.58252      22            31            12            2019          3 
-57.61523      23            31            12            2019          3 
