 446.966       1             1             2021          6 
   .2297244085679895115064680535    .1130779298649114250300917743    .0629313415338079406487294336    .0584097671858709611021867435    .0246660819838645445067410049    .051657419132551469239270996    .040116944018113234563702832    .0603510110388709655768000251    .0652216499689014376932473611    .0728845147058165498046831303    .0837089174568087952998662091    .0401710197196207317782560642    .0477175668842820259259093533    .048637927717097049887463476   -.0241859559787545361392141684    .498826980128242416649141098    .3349695502566190716967286102   -.266396101716909116129638496    .006262221287525225632374722    .0168379697784618964306009853    .0084189848892309482153004927   -.7529029053664037085594877463    .1243829955746074645498762769    .0545097613688736950909017688 
 911.88829     2             1             2021          7 
   .0163438988782277267756119557    .0338109287487396071288512763    .028073449654672065149559054    .0249567959689448364338574849    .0230023679764546598136488846    .021138148401927608917973933    .0318998613306022385702529418    .0191328479500487938056535412   -.0715981888527157202556027998    .2038395514433023369562076513    .1138517745413750186440051774    .1055918373510421983815583376    .2035940169820581860964570562   -.1002293274322011526214466467    .0019081174954006701851605091    .0163923587614004781221612134   -.0868156120307236317290575143   -.1007338300177097350378301272    .08327555121910820896713127    .3764648628177909818317767849   -.0296145156113365596568851652    .0433373258910913309348451004    .0180579136508047493405140667    .0243198648816951032455960148 
 1896.810637   3             1             2021          1 
   .0106668054287171313453573806    .0153726151842536298471843713    .0051485735104510593273312606    .011070699199163126582571985    .0163258468694468840644739594    .0750870947377547841113250779   -.0933857057445423847019474512    .0074272042370458301051798667    .0341267540034361374155452925    .0630837879469356855994898135   -.0414792169894395209467606966    .2476880880123406857508043382    .2085143304687193189754344466    .179596789133780042166644598    .0446867011111136024275679977    .1507995022910660744043476175    .0241083633273614966552931662   -.0874436260344526948158399641   -.0588719283948216281539125511   -.0191800906692195020625034591    .0118029705039027572682259268    .192267479360408078521335285   -.0039851537378319752642762093    .0065721162444113813771279479 
 1526.851767   4             1             2021          2 
   .0117083729975471810159027703    .0097082115765072825173604426    .0091311352557775832865116631    .0061341691462312071319756347    .0154068197767622585460845198    .2322361002317260310705721573    .0240737187423381355657166424   -.0973173055901503240032599707   -.010215726462200832623459249   -.1240553301203338097194604746    .1336239079716767292446667483   -.0077456242024311715650652288    .0504276915835013078908792329    .1144621919280262391051088851    .0849009070832741813894760355    .2570039924510890650198920063   -.0282483217639030966913764589    .0607943757254072719686612512    .0469030534252248731883610546    .0480564004875006310943346474    .0547558917027470683079086354    .0605585899027223642725757804   -.0507351739535302250463977097    .0984319521044900490330309845 
 1422.064644   5             1             2021          3 
   .0744333251280804643927284082    .077278484113694060732164578   -.0075228647622576009983411134    .0063380972433486645351123714    .0046144259529175102675571477    .0159001773199277992878641599    .055839219640988416276243487    .1625523853471178768719883876    .231476818855500636439421948    .0035287186283494999823650774    .0062472778839440719545798651    .0091972612181756766888580348    .0137969255355454853710574356    .0063640208187329070534152173   -.0233758290386129591447742934    .2609396145003939778703899764   -.0059033884538374051580738126    .0118728779814878795341177191    .0177783760440639996672331304    .0164879986988833399334552333    .0184555604491915066555863265   -.0246360108507134785357901072    .0536502966457268872229974378    .0146862310993507830998433852 
 519.83976609                6             1             2021          4 
   .1169286845005936279121566346    .0370137324135929302545443133    .0685326177871357082735332453    .0689731381454038619410152097   -.0001098971524046685883657077    .146514493442607650739372854    .1174265109788303767663385453    .2226487997841273420768440005   -.1887046670896981358712122223    .1156587547201818186321352652    .0975360742048767260363092243   -.1192806784798082163972374144   -.1093532925108276608335221329   -.0035477047357718042943650787   -.0353389855842992421195670287    .2465161543217021725710895393    .1103029120516969798638822714    .0941330063455130699426019357   -.2031706823708339361375923398   -.0088058615338932582967298557    .370096927072507332121787582    .0310633219183241572699361862   -.199896404196998895275491678    .0248630459674420634125366513 
 428.4943318   7             1             2021          5 
   .3014233571245574175410830954    .1051841218311303692255748994    .121722100222190150334212659   -.0046561105992207666351212163    .1130206548977271675545650707   -.0019861971018959462464469407   -.187827245373144046803001374   -.1800277489691638436744427432   -.1281974484218836520908209596   -.202291847446090300884582203    .0429716069350348405238811143    .0773568459138249912317743289    .0867249044903235287090441741    .0399563978549692451264299315    .0770651267690818028225782006    .0642397529142764730499522561   -.0195303680327469853359679844    .269243001454331023195112426   -.0215951934792898000243745581    .0032203063088453204131742496    .0384226086045042988360948956    .1526226723356623874015035454   -.2898526089674635924787278598    .5427913107344399182085049929 
 427.189515    8             1             2021          6 
   .102853624579245583777963277    .1296800320579029192699170063    .0429897021231899851287314484    .2853714703180390558040732812    .3398227131112990916923604738   -.1527705098286412764601678016    .019160252563783078805199608    .0782114935569052999814379808    .1249422519183318438890055623    .1491751734590208750792958952    .0816965275938478967584211424    .0750064991646623162087674366    .1071547601068813685654246453    .0076570137729152832788978915    .056478329061985521812257026   -.2510857505479740063376789573    .0309749643551059533846470928    .0509258753693896255857309606   -.0046983362875842118924665087    .6208970274001224023487561487   -.7496021993891867875081156896   -.0648794481765312053597570156   -.0418924139558996432765911869   -.038069052326810970536109717 
-354.390743    9             1             2021          7 
   .2160411678698955181230566172   -.167705029473639496277700459    .7527705090197573247560814533    .0705752915222167639971340899    .0949431402049911896259660484    .1699329375541843653630648022    .1428067211112227048210455091    .0843533319943404955134508127   -.0137615135167342675200745861    .0391792682914406711802853157    .0177488806472577642921107564    .0307484611695966336231305003    .0037862078129958377609202958   -.0193994909172895636272305228    .083406777924783436005268343   -.52045462146848457607709014   -.1065828347553649278023043621    .2886220986872673477252762215    .0212364463481485463066962785   -.0264115250888480458983094826   -.2109563849414655845003265224   -.0862161346014616414515093584    .3956339232032367165978711809   -.2602976285980472125368127914 
 1416.912085   10            1             2021          1 
   .0604210599276524626437920459    .0398168599147772813300551389   -.0403530752580178607199895539    .0185086289245673276899180375    .0439420064654187771995748064    .103151071648880741955136899    .0306905703327387457493525436   -.0049882212699173922283258668    .29691962151624954204551089    .1886948405835637995846439548   -.0644909807512863439230246949    .018545977748506534899093616   -.026492194115205108156022256    .1012793253153741009979458253   -.0015760709670282754346046812    .1098430182420245219377883985    .0145725343291147100350972022    .0099420423815497346117984448    .0019754224906621500091164795    .0297379847670647822867570503    .0630646466678982415482750294    .0572957072350752093415873434   -.077503679418472882881791498    .0270029032888091994783148455 
 23.7718886    11            1             2021          2 
   1.603168794926962597325986123    1.0782618256085887934036507306    .5437422418343320017072602301    2.1805970435180316300152946199    1.1726855391708339067346967123    5.7615489582935366776033099869   -3.9543345327640480361328969041   -13.642416278191712542351388943   -1.9863322933458471616765022195    .0348773971622936176808434144    .6757544707659449489427609046    1.0252887521944722557718867991    .8223507323688198673453315779   -2.4522628799463581534703978042    .841411901955488719562651829    7.0000033569061904488312300101   -3.833134654686207809336612826    2.8608501051111269299823321568   -6.6029208970800914825084616962    2.4480213153951932956643587838   -.1318069865092670844839816387   -.3614884010519887763566248582    1.0474720969372202089151637704    4.8686623914264851468301092409 
 150.616252    12            1             2021          3 
  -.4120862733989689240175754739    .3316906996198524446086999961   -.1138000698623147255051865187    .0210268942291831827019570239   -.1365191984726854044940648238   -.1628174229166185864192132467    .1612256292235979952548547019   -1.1002451448599318485232257672    .5650710920624953540870211005    .5221127797018876820809483428    .8129461354542270776994238311   -.5085973723473081776062253893   -.1606064397353348030463538556   -.4717889275322028329319999279    1.0135572886251345571924070983   -.5398556856932012887958465465    .0087757926681112739414070667    .0431754867993926711175896211   -.0109024755177150471119145894    1.5921728021754252655284504092   -.0067009833706391790973526549    .3392669736596552674806965718   -1.0374046487360474220272059353    .2503030682240054678827089656 
 569.287       13            1             2021          4 
   .5353753027910351018027813739   -.0645175456316409824921348986    .0271215397506003123204991507    .0463195892405763700910085774    .0580298513754925020244621781    .0696046106796747510482410454    .12376706301039721616688946    .1511592219741536342828836773    .0176996312931790116408770971    .0441847609378046574047887972   -.1829077424919241085779229106    .2502110534756634175732099978    .0408808737947643280103006041    .1094476599676437368146470936    .0711098795510875885098377444    .1374457698840830723343410266   -.1657123559821320353354283516   -.1718007964348386666127981141   -.1021451394463600960499712799   -.105932772046437034395656321    .0340123522933072422170188323   -.2143897542013079518766456989    .231196039958755425646466545    .0598409062564225074523043737 
 920.3016      14            1             2021          5 
   .6007204594667661123266546532    .0828488943189928171373384551    .0389350947558930680985450857    .0901106332967366350335585638    .0168619396076242831697782553    .0457045929291006339660824234    .0446864375765509915445110603    .0916362635901100248005653799    .3269829151660716443392035828    .0744039997322616846477285273    .0345329835349628860799546583   -.1334050706855230937336195004    .129378347272242056299804325    .0837996695865790084467961373    .0377723563666519758305320777   -.0536715789693291851280058624   -.1164304180281768498500926218   -.0684287629185910358082611179   -.0712267043760436795937331849   -.0629652496529398623233948523   -.0599890405493155721993746398   -.0634141133732680677725649939   -.1473966795233214850435987507    .0785530308759650097315923389 
-203.255374    15            1             2021          6 
   .3564238847628205884485002596    .9235716444082801963209100685   -.244500497192266119369616274    .3302832229173925802325895698   -.1056341073668241608214501625   -.1311778354258913715117810366   -.1605219550062179413765463343   -.3062745588217510057077260845   -.2346258259326516011330652443   -.1840453182802438473287304079   -.1415221621643322454047389665   -.247571855098896425734849205    .5369894918497948300250108024   -1.4047510497803615268740692682   -.9169499252698725692733713402   -.3430802769328008026001811888    1.2202240714186479517141819827    .5118782246810359857939106692    .3869271372869088322358453361    .5893069277469632857038259662    .3842557688044203938243718958   -.0469266116427504642509476773    .1122860840077960251127234648    .1154355210307994119752031747 
-848.890736    16            1             2021          7 
   .0808223922000722599474804494    .0905219679532466944014335433    .3275379129593893930773206129    .065315590863038938853492212    .0725464154435065009355927286    .0326166711754526674443529326    .072831717178734767109061725    .0413200056408673070971056044    .0867521188262796638647732869    .0619794371274656011795609936    .0191696637857996367626751907    .0557258761273606359629303341    .0468459464964640631912844906    .080416874757836914361143411   -.1370671101304137685865852116    .0048840160743608350556908422   -.0423990844447146846941206342    .047046113600184229127928662    .0322361981813405017533375461    0    .008462797030688764637431501    .0296635938314680818945820137   -.0480331546461828745884676494   -.0291959600322461287880045848 
-841.222573    17            1             2021          1 
  -.0597246217737906564711263401   -.3299315887473219290324488237    .1333276157818936701309844666    .0067566398982020659590645578    .271453723817275645074731013    .0370853338953375898057362281    .0116628289764164471606493612    .0734654323166860621083214799   -.0673568587180553463346019841   -.1770221161195587650974743874   -.0362602371584244209290850782    .0419154824557947281806951702    .0431361582114844176916778956    .0454077211263801880884620532    .1391831410116000299007668212   -.0618764660752868313722722702   -.024546416920745183094367583   -.0155999142452873765193174387   -.0111254741615213409162761494   -.0155987254992502442038012216   -.0156011029913245088348336558   -.0077993627496251221019006108    1.0873651389761268329636228152   -.0683163313070059521572063188 
 645.20039     18            1             2021          2 
   .1010292011757773426020402747    .0844002589645055856212362178    .0718557067208220379408016167    .0847415637798979011776480792    .0225833713460712570245036585    .082630886196457506791029683    .5008330822614660849786529112    .0849761730615196931297577176   -.7087425970092795511174443028   -.4144927748726252319841282179    .7320206362553500626371289081   -.2863141480742130363560381605    .0986407804248227438300215535    .0915019750685519579428648516    .0972395723443378575763105165    .1029745347798069371904750399    .0940481917563627015166559338    .0830531736039403199988766281    .109607791774583397260500726    .0721451826772764350002950246    .0611826970532364371323458127    .51851968037403077205207517   -.7457848870798109715959719119    .0613499474171117596503622696 
-45.9556357    19            1             2021          3 
  -.8127636454390293637043519344   -.7525090116422869981102230732   -1.1158542193770589055304918783   -1.5047525498597335255662669464   -.0805273160436337952779097341    .7619228733680644091275186081    1.7149585420706083280227586973   -.060906566895776832872752536    8.315084628456135141657935982   -1.2430891038680594293247911703   -1.528276324115781951853186964    .3610075183880004514876072098   -3.5157516056295136833456968152   -1.2634946533880718355507374692   -.5742949607375358317587150688   -3.3062517292084809524242964612    1.4290116761457398357781829139    1.0061238256356009889772888073    1.1414232270102184659802236181    3.6859701192208728384536306175    .0191038528055874548592089218    .7922786714927327183072782518   -.5194377063094352973992262716   -1.948975542079162229932987305 
 6.305531      20            1             2021          4 
   5.5681448556830503251827641479    15.854445882511718679996974085   -11.495905737359787779966508768    1.6611003894834550809440156586    3.0556633533321777341194579806   -7.8402611929114296638934928716    8.64605058638201921455940824    1.3886191345344269975042545981   -3.6204706629782646378235235066    9.049207751099788423845668192    6.7076301742073744463392535855   -55.826448240441605948809069371    3.778208369762990618870956308    27.734904483064154311508420147    6.1675265730990776193154866735    41.399051087053572490564236382   -16.825973894982040370588932161   -17.579042906933611142344712919   -12.483692491560187397381758967   -17.331165289648088321189761814    27.838749821386969630313450207    6.5815614894288839433189686959   -24.774884145363808377121609584    3.3469806111491641227360550602 
 80.251254     21            1             2021          5 
   .2778200824126685920696018034    .1928574225145441341016303621    .3420532219970045577107119099    .4717240929344231804776533461    .3886597211303389726470816269    4.3085208363223831991460220671   -6.539003116387439877263475534   -1.2557971991316173078117882121   -1.4607871423417259000089892676   -.3700657437701845755581588794   -.6037921849794396982257747648   -.3489529272651614889407211008    1.444700166305189449126863488   -.7253342109769399989687388561   -.4293400823369065360648445444    1.8786398029369111166786253583    1.9542996798529777491078207949    .1166336914810078855590219188   -.04689023301741802065797003    .09378046603483604131594006    0    .0817557318169757197812759412   -.0466521806624978096915470006    1.275170105130070615469759513 
 700.240492    22            1             2021          6 
   .4887425161925654536413184172   -.0604591429425649381041506523    .011437197779188124984923037    .0018039288136453554302598085    .0475966476957176592409911651    .0208445386503013024845184189    .0155819752280192331408335638    .0311967249103326632530699182    .0203131926281121143734144412   -.0076905778250824146856106116    .0781246594919849336561930783    .0187303078725701569397389262    .0143449573607348602171380858    .0115201778419863214651117319   -.5613898431911875213294577658    .2909923123954391372157324487    .1680038520251696612825983219    .0329588195251068114467165089   -.0064978376029131431605357663    .2199328684351489916410032455    .0128011263307520925253776955    .0325264966253908093049837512    .0846723671044147501255897095    .0339127346551675849102425228 
 686.986602    23            1             2021          7 
   .062883613558448989955702222    .0527723683321556247759253972   -.0117339042370436214125759617   -.1087417131316921956507093569   -.0713928042515158104932008558    .2871612043461656913070336705    .0148022537417694792248655819    .0170891105675449548286823795    .0943147505517145442088257785    .0691866040205541009954077678    .0811543483347292411970503029    .0732556935659132403283754288    .0808295385067786227365173564    .0302171686311867840473546819    .0713096439688644757587281156    .0888504372898963755919071039   -.0629824073337604915910718154    .0924298229618166556325359021    .099277976894227698490108254    .1035027172189305665672938408   -.3444710556378507073126296574   -.0174746930508551606367426653    .0068616578347768127215965705    .2908976673172441287290199584 
 1655.871419   24            1             2021          1 
   .0680441722147992458344375832    .0301239271525828540192950815   -.0052685980927604862536732993    .1237815313726361261628853563    .1274911189224409217247320578    .1963286498394474673881668103   -.0135777450724874187830884954   -.0045450388922981948032524136   -.2946907558164695878478714174    .3182139590996829688018185427    .0779426461010738660499822299   -.0137897059747487555372800356    .2545316593812167247751741043   -.0072227588825844695614013735    .016419143230589210381195667    .0041173915569588075606491279   -.002091280132180359832637464    .0074176713596624980456891381   -.0267056907273064056672385865    .0892948560518635293867585017    .0182981115878539117414405955    .0273588453065750994763682191   -.0229418598353136983518404456    .0314697502487661452896905155 
 125.0079364   25            1             2021          2 
   .6117385199872797836218021114   -.5706512886649011190300714379    .8658042290505325068305023232    1.1670395032614905240528392564   -.4446944058185412938310051169   -.6417522143818062418635365938   -.8787434075265640494166256791   -.5194299007722840867565909199    .2238256290422213545155361832    .2720881647959113098358449504    .3854638464378330462544936467    .5856112188409823234231070788   -1.2986751455565984368973232647    .7072832537374803028905931128    1.7737505824470197397802976612   -2.0833325267178796497595811845   -.5432702271213557925751024557   -.1948597081232996019603120174    .6092249995737070658499407082    .5411736402361730370904674817    .597937636221951104858011239    .5739479593553229793176555469   -.0051051446682388399141672416   -.7343752136364359663167753884 
 750.391636    26            1             2021          3 
   .1005666326483415121647224757    .1074861927165723366351594036    .0960351322465966291767143311    .0988390147781444621538931972    .13549498038381653816834387   -.0065655822421773368486745766    .0081532945018059876136465892    .142801698285453704070870001    .3657809959918050046069543344   -.077157296566669087980079778   -.0702299272429523721397129219    .06984085041161093112183889    .0187715311901477537257624764   -.6898531049192024842878179415    .0708976319133706335714008411    .0503991358453787456660830905    .0159252841139076875318477031    .0536555820566208976241840734    .1025304471810504028592344278    .0951215559657437333163452264    .0789945638466578004342255222    .047904025412138255762754797    .152763962843530414829943547    .0318433986383078502223604209 
 1031.654923   27            1             2021          4 
   .1960063345716230348468952152    .0632081314654861584952665418    .0909936238437355859930307336   -.0036136375806350899369478412    .0058050127678206213532506935    .0591410738607990920235253896    .0363891250485507546014976948    .0800781716426704823663212433   -.0610503653846277433990396419    .1841507230417200267651899723    .0645565668473042317852633365   -.0977817269622043959363726121    .0539357383554113083992911843    .0508058061193393830196456107    .0208956788935906623885707954   -.0379112522298311176672395911   -.0917438068581775187244465851    .0334920613760304810758897527   -.0177738016765127189724077922   -.0214181985733615308885604959    .1781302990980832066460269293    .0672638383755379026093204617    .0765215657290087879510850742    .0699190382286383952049439307 
 76.3207732    28            1             2021          5 
   .6912129920612491908035334212    1.8148558274826282813392671446    .3860657952558583355651852856    .1259141200629241004597159925   -.012187714576245933525212242    5.3054624975942984812423257787   -1.3766645120938056743901016978   -2.5479301616928587405872874464    .3110298678158569808619286892   -.1315665392132059794174097806   -.098333424640933800183250764    .9579959286890453043785463117   -.7927483889798957120628332418   -.6648382592643859640562446503   -.7450148578945476406677703836   -.9687953475817249713083357494    1.4014782020054272720601840024   -1.8587508230328043898800543074   -.1564057791804446761029407391   -.1988292225530021228872980024   -.2474073467589031186597045639    .0213684811044340939669620643   -.3489461503516319197877308717    .1330348157426686028385257502 
-302.941895    29            1             2021          6 
  -.7685988760319862658811188859   -.2522883472422987253050622133   -.2613208714496223772548857925   -.1483724791514887698183838191   -.263991614629597533876917222   -.2224587985758787176002843714    .1974066016851185274324635752   -.0279131250565393076451178864    .0320151493077575156780477656    .4361856256296277541935888399    .1281726319167575022926426205    .1301938115888527072163458937    .2499455877504166269244470132    .2404649908194441049495646682    .1762549877757911298468638681   -.0439908121654814366299517602   -.1593722122851314441008563705   -.1327171007496338530529097007   -.4514066963237290108058510692   -.9681064416659835048565996459    2.015333006350937363747592587    .4761936278242400246423493192    .3453246372542827065896580597    .2730467174241449833143745272 
-1381.072504   30            1             2021          7 
  -.1175189568468883223816611441   -.03808782656062494456844244   -.0207156828603402562563797157   -.0357367045227916578665011203   -.0703148167230472933953943956    .0506237288755695913847546993    .0867521434631356617031020118    .0452039482497726998408187844    .043041273957619823846699362    .0395923674112912467338499703    .1828614350575760937747262543    .1227922498701777064703621092   -.0051392348913203763268897865   -.016832975772573921289218571    .0161962242642693290489258774   -.1044718503786822186997939103   -.263902871821999578379847319    .2300711940030050732224265613   -.0027246940251878332956804707   -.0027239699502409324630215069    .7805672742580356230160672289   -.0513856367384459925501492715   -.038900289336293961870085859    .1707536710179844403013326518 
 1277.8199197                31            1             2021          1 
  -.0178335692288707400716223159   -.0004501379976413588851333666    .0063240953403647272943666571    .0081601873935789451600298135   -.0633353328996472365761007787   -.0737528962783158591575992631   -.3870459306316916543212970857    .0556823218225496880239313427    .0299697159275705412217013821    .058941333468711616297712345    .033997646562122222956609306    .0317668314401688537083149057    .0374451354704452726336693685   -.1690948753175865834015766283    .6362169562913568344492603076    .1606113638048336334758735723    .1953209494954471243871625802    .0770347358672499179384955709    .0900432824892986366551474569   -.0969156906155248442086091859    .0615424276829733005765726286    .2291427731606679225568813928   -.0697744483596188847235107005    .1660031251115579240097206946 
