-1600.875118   1             3             2017          4 
   .1051515499911717660915009612    .1141673688003438629246032169    .0563870966479722623810560094    .0655528959255146596637902145    .0593816462827926843947611409    .0607435701302467242169979183    .0514850902942199392719901091    .0541203426962127348149588768    .0421788116017179548667330839    .0603226003791258875697011114    .0585624256045186405352075689    .0713258634081662327392110794    .0405720029437049442603679721    .042919956233587984343948058   -.0054170696405314483749756176   -.0193678630215302028324735321   -.0392135147171423523867899857   -.0324982376295513139457765   -.045262681133132584549296493    .0158496373106849674953846088    .0151973753145684159481077024    .067956331369502864620074631    .0760392229420608684855579097    .0838455782657745074653599557 
 368.1254      2             3             2017          5 
  -.2316463085676782965804587241   -.2395606225487293188679727071   -.0577498863159130013848541828    .0097365001165363759197273538    .0109684580308775216271411861    .1154811105128850114662014629    .1152783535175785207975325799    .1674888774314404819661995613    .1295433295284704614242863981    .1612369589275828291120362789    .107507659074869596066992389    .1099834458583949925758994082    .1061564890659541558392873733    .107702701307760888001751577    .1120278578984226570619685575    .115356343246078646026598545    .1150947476050280692394493833    .1181613656650695659685531072    .1158553579839913246953347962    .0853383113471659385633265186    .0432538205730981888236997501   -.0268841297014549933256439246   -.1047540050211150874131478024   -.1855767355363145276039088854 
-1478.147594   3             3             2017          6 
   .0579793319340206563973204965    .067406475783906055595149181    .0689299231102357698658879663    .0674982392861101528133326583    .0639026984743717006652314045    .0684113686687771992544338573    .0618511509751170355725654281    .0607963983872641611186764885    .0488236291781292849704425389    .0348006655145967784865196621    .0115627560261076337414787281   -.0016546196130398058206357978   -.0198453051096330506221424056   -.0249461895075140919926295263   -.0283439219263783478444710711    .0097593366579602875570489208    .0032881669054761523361110311    .0484133927427006318287861043    .0502023345308777061135614851    .0669369962794121356192526468    .0449870298946615205193101982    .0880054877659260324175719627    .0609818940719393411264450497    .0902527599689750602807529922 
-1495.708467   4             3             2017          7 
   .0886836592334407103413154644    .0818758486041250711192236635    .0571070979970590752830177032    .0574483142241916586008067306    .0397304028900706891565654285    .0468629492621572489901536407    .0539891641864991862749146288    .0605213662937698673868642344    .0631372771389145315308293966    .0690030191558713694170723712    .0667879885713049186075109649    .0710663891695412860158663527    .0791725143052225564488965349    .0735884047114911464895785737    .0708910876279742287505550371    .0557060495666766857982893267    .0336145252295345868360321317    .0070008495846804616637902605   -.0063276843106886015909676601   -.0158305782994541275134735197   -.0298512918694335371439733917   -.0116446489301046391682958896   -.0138716872022627922985475752    .0013389828594184190039755923 
-25.082315     5             3             2017          1 
   .2044231164467873081093192554    1.3639953090454369941530516621    2.494824740060875561127431818    2.8294397865587765722581827076    3.8943367069586678901050401448    3.3213182276037917552666091627    2.7291017595465171376724995281    .6302221306127444775332739422    .4470763563889537309454888833   -2.3349957928524540099269146409   -3.8182599971334384405905116812   -4.610415745117625705601735725   -6.0977146646950251601576648726   -6.1613770499254155766722489531   -5.4292356985389905198144589126   -4.0282884574250821744324636701   -3.2586390052114408099890301194   -1.8911691365011562927903584657   -1.8126915318621905513904916671    1.4868563766940970161645765154    2.0248896483438629966970752102    5.4064586941037938483748409985    6.2730055020838387525234413171    7.3368387248146752004350475624 
-1295.706067   6             3             2017          2 
   .0979339398277279194062768867    .068779217964408898611725031    .0295376945240467103562616876   -.0173724740304083179074903568   -.0043400946736479238851939404   -.0152069906144847896278315412    .0267729702619351862616538941    .0011123742002205196126476114    .0326480527315459425104320361   -.0167727469628341255578916727    .0239198617567328254240550685   -.0036996785938488624827902423    .0557390999698081987911228944    .0751030673378794945474311806    .1118492100106836962120977705    .0821170037787590293038274397    .1170267731716965094676831516    .0783552709875518395639340631    .0786698485066212165849185609    .0606877609071193767899521613    .050075099324204985759320366    .0226290906145768629792176469    .019336553743249548278915329    .0250990952564552589997249739 
-770.36491     7             3             2017          3 
   .0732886834110863123295685937    .0947218766753018384495212795    .1273338241743124047537419637    .1634126871121375453095338935    .1375945329597112620303539007    .1591396472095282740746849438    .1253117434956895946883146586    .1569114823778772581944315195    .067743869590321812555039663    .115988304815181677992057037    .0326863278339092573673948882    .0273134195585310343379996371   -.0375779057745504010560397929   -.015796410041573674481097536   -.0808130006856101480530830513   -.0558505449060497836019036745   -.0545105306003618466993778312   -.0563390147144682381755939533   -.0558506747146621722425025823   -.0370627083728411253830343856   -.0274868957881272136343801018    .019679076504146586842850877    .0236924472585336214236445427    .096469762621976122977875511 
-758.292899    8             3             2017          4 
   .0937801607977341747466370511    .1461493311438750529562851676    .1369990410526051886449222835    .1645958971323559763415376517    .1088756733827729013192302095    .1086967451610014351459725327    .0703804691701326349885811076    .0608943457876162967998464667    .0360721035843433369669468578    .0434720673811822151851642224    .0370885973442301745726884355    .0292281518516501365786889691    .0252142675016662657683676924    .0374516364816967645110441684    .0123320988661928640848316845    .0025442187346660093146935825   -.0125110165379512541103197117   -.0386429835208044062140162544   -.0573630585982844605274353229   -.0386002295928133173775111403   -.0215456323295993307198304649    .0137985731025551908801403664    .0065326182093128106689549786    .0345569238938633394745794659 
-1176.635207   9             3             2017          5 
   .0071559366487662815617245082    .0162816987678322972363685188    .015939128702274162020718797    .0347915477596277637135160107    .0195815405343382692100594267    .0339152693737133772506604929    .0194868722808835686998102888    .0190153327614987811596223977    .032961804788151303380130797    .0536016002451641751698833877    .0610112884375046581450796245    .0794539203347159405540378327    .0700931941432209753689615715    .0641923338267065809462898385    .0609930754859692040474529163    .0707359167096552806106880329    .0479819315826404640295622227    .0592351304680958777396162004    .0339495960705177165415210969    .0310111152402394500167289317    .0209602346192586773412772783    .0429004076197084250599004896    .0426633247937480762463705542    .0620877988057686939500187844 
-2023.999978   10            3             2017          6 
   .0364900498037456006335984259    .0336207711164313066015260599    .0288827522902275446566235091    .0338071347548206346867855549    .0372165122622348170796274584    .0456158206539269043411027152    .051366601348846457349121572    .0623252477130214672363993474    .0529106725118748988444900072    .0546296448625751911939991138    .0399420656515441918646107811    .0258321643124049480597375777    .0071860672717853161952949389   -.0044956581516326478932402439   -.0128670505351161619429622346    .0167658104589169121028518114    .0300626930145154379048120721    .0598044966974797071860442481    .0746387853962713827657956625    .079658647110914148438790151    .0634277180807360660949572402    .071545949394274153495074791    .0565646745278768970421401852    .0550684294523248260628192556 
-1313.703832   11            3             2017          7 
   .0822998284441329086417706362    .0821305361009253720438260851    .0471811899228744885019106803    .0616609528166467280275087148    .038210766214770392783630093    .0488288367876207884883447611    .0322622260570524087502243047    .0376377831864313234339412355    .0101083818715693599346979754    .0218175050584765288254103228    .0083433721764465401970449607    .0110747564600237841127040269    .0200669963486869086030039075    .0016964721771474592151452292    .0150552883520857386065689728   -.0110222179819294308033958753   -.0116390845695576839879386148   -.0235299686634392035479729041    .0522601048483506288501105628    .0476461957979582113299339147    .1213563484528223557773712881    .1260110505637925245847954564    .120339071980418795033247646    .0602036075966930725981166202 
-1523.486173   12            3             2017          1 
   .0401437906584794452217191209    .0011252842529080176955436011    .0113879996467811723290251352    .0368999935780841510794597806    .0579288552558461585722576821    .07084429246080200558538315    .0587636642764594359072007147    .0344577068898675196574954409    .0132856276339831277221575414   -.0066879569900763385530247277    .0006564536112793456905237039    .0177312931871289126560389203    .0482889056059716532786674658    .0643792255802770584121343384    .07288526930398337130165736    .0652705431544471260521246621    .0619099744202273111145590949    .0435413338011305994307832815    .045664634988452894872449886    .0441640371881471614773887416    .0496012378315165713026789643    .0533795720901498460793710138    .0577856508055094767177778646    .0565926107686439763966272636 
-803.328221    13            3             2017          2 
   .1124992595025489587524399943    .1072277902707964245662919391    .1066864673237964087408800244    .1048439203283012759986182534    .1044306521381376940322877067    .087035421104669494736946382    .0824187776169262700407483879    .0591570279217166951738397847    .0464158472530495103818841191    .0118710842600909946122756716    .001457802638306665439555123   -.0276352796026071639776240352   -.0330531024628350508303628985   -.0189697306799831696688270584    .0042294132226185042738589412    .0526319863970022285573358439    .0413021093155396566106694763    .0988668864404304302412898799    .0186219898777837160036731736    .0398925111333789430011820785   -.0212527701052842758277752575    .0085792367550846940804784698   -.02716214796093911905529832    .0399048473114702141156323201 
-1171.52153    14            3             2017          3 
   .0184021714052493768509743052    .042253410400404677155186384    .0516840864205030871263629274    .0552183620560520129749557398    .0626576875629421851086253618    .0576597256390157848827584074    .0553655381817865523990839503    .0465997667153415439151169505    .0379739926760031460966833448    .0335609965273109406704629662    .0332681209879258471673158239    .0362838999638359185767588923    .0450459668462089638250182222    .0571624151030327201925175033    .0635384140144654447793204449    .0706262991171831046075610749    .0555940188312202849571189699    .0461246239324342592320945224    .0242957464042508890126842142    .0087349653744733142036237268    .0023406227967487716593650652    .0105743169739270604783507479    .0343025535348035814587206093    .0507322985348805326693398456 
-2903.40359    15            3             2017          4 
   .0331397158601708555440616508    .036777146783096730964640021    .0330168634943376921291193967    .0375871616250223070089956044    .0323925135051582684031881355    .0390009506050104456886753384    .0375494472678529683845985738    .0513615814603301499671976365    .0273556560560703859982483524    .0775675489193701796035872505    .0505935518251529061448876971    .0918611180748729459275759868    .0853201741753029932707357436    .099410946860474192635409671    .056857958214483023353980216    .0656983068619819403061356689    .0240542204468377060868757829    .0173771328842367381656368345    .0153179599808926322916064177    .010919146793505204696671192    .0150360460221102089358510437    .0145213810939732288475953837    .0222808603746336209496799582    .0250026108151226746950464437 
-1372.532467   16            3             2017          5 
   .0612440375882197619446185385    .0631248965566364267286946444    .0673928538843081516701200191    .065347102641616418681045306    .0471209254097739314169535051    .0388227610502127378819957634    .0316452477768600573293396636    .0236182755449529194998634593    .0358001804557676813046929549    .0304689185906157511682381208    .0337495550114371174288586064    .0150633959466111485434172975    .0173920403152109916537223888   -.0013966467432205376020442072    .0183694015305213177153936133    .0158106861016060758874565843    .0370703580595153965126567749    .0410786202553269000375493486    .0458962840694682087982986853    .0513404612963519791186112612    .0581261514158411525575955647    .0650794295564011601628655681    .0674460693832170018896900892    .0703889943027482496703664497 
-1275.603214   17            3             2017          6 
   .066723177760823672556221703    .0585526119566519060213029535    .0423091047495589016287944223    .0282354885944964387648524692    .0203812123665596220424700184    .0274914954863072334654685183    .0207264686305501892534428813    .0313522258027173644295944836    .0208094803373551236599502641    .0078443907087866587956088358   -.0073861502515781525774675572   -.0091023602579289205208916948   -.0154816166839792863676494311   -.0032399487196651105333448932    .0114984815333022514632830017    .0311091956844191519887468706    .0488326301755461083371023868    .0731729420054597008878342321    .0890218045499531016390179776    .1004429109254345293614163001    .0903247175418295865159210864    .1007950580469453097505287408    .0795551460565699076390066229    .0860315329998847117987898077 
-2713.72864    18            3             2017          7 
   .0367307506471980927319247366    .0390831266017813778167591584    .0312700019999051931736254956    .0335178133359715730457117481    .0270705990706572636533032278    .0268881674182426729298917669    .025849375271360956709363542    .0273552848673918995821188665    .0269957463396192774823646332    .0271884516795312297695321519    .0326505674495147753608850146    .034021025035133947659556705    .039012117291137849361386406    .041168744123214913632632038    .046977099375713556975247164    .0372810304275669950551872423    .0583299294066484112427689159    .0637357020339365987602946181    .0730996080728248495767063873    .0800814041598499693764517295    .0778926444170924916059403788    .0520180602877080591226689489    .037820767517860591986087452    .0239619831701374533895916727 
 581.918342    19            3             2017          1 
   .007053298897390658292740324   -.0117344917785732899273348562    .0057357600871085792308639758   -.0328246570375332833210471307    .0480685484218677540843007145   -.0196894120240671155885304609    .0958240976016528449622232392    .0995430042657084694539496059    .1621865357871809443669331873    .108731441223414813757494518    .1568909302398307974282755982    .0698914212949829995219501089    .0697420876278204683226843535    .0705542290674178474339961602    .0729751872987017824573056678    .0724941919771966905968397882    .074102665078049730901934691    .0745838322449715805658519697    .0750648275664766724263178492    .0732906954838691095940742834    .0656150480989650606338852952    .0386176519591472165694340667   -.1635808035760453826698592017   -.2131360898055349490942837475 
-2519.595266   20            3             2017          2 
   .0967205738510861291640480483    .1042902816757395828509228514    .1076350252199592757926701074    .0700685552089777580968037904    .0704385749548395920823261302    .0337203443531156404387370364    .0360843549862424610540604183    .0225679341310526180358365541    .0234143280058059928105929375    .0055066820402574926889071239    .0094941954856014561189447798    .007962957491919656591385261    .0213266276235335647753197517    .0134024501695503661896465875    .019249686905865142231141182    .0021475810313734729806402168   -.0036454501736629314654379891    .0262050103407362093368848233    .0294569850172118873952512022    .0677229403875217473122526497    .0743527750381159828707187292    .0740026791271166009564966376    .04216054119225353394516181    .0457143659357867677466893605 
-924.261866    21            3             2017          3 
   .0482908054977570609842730437    .0517911987510258267000707351    .0623420505807171319561938954    .049024234004262164376691919    .0447484436191160568773265822    .0418422975377846001059617448    .0397215673939749019137829495    .0133272078543160407745308839    .010385902906006077719103906   -.03025869726837783438314007   -.0543670921072059030508568012   -.0502208429315420874455941256   -.0281940010278429035608399752   -.007318454053799510538282881    .0379117664473674174067893438    .051715321986463953063276117    .0489119606282663619057069266    .0496564466070917611567888705    .0669128439407019741740594543    .0783365220003569854087218178    .1046307800391280018470436386    .1268454366806041092254692243    .1300387957367052077424992453    .113925505177122605640423555 
-1937.50153    22            3             2017          4 
   .0494973389775852202810905651    .0416818716008962325825879477    .0349392601511906935113491239    .0325967226462009555161486763    .0309215239690675237815167041    .0269726599906220461152358419    .0265254603437655091813011368    .0297886629281784360707059674    .035959218055430387195616821    .0405447008859910422883640252    .049019543225857478419642848    .0528973001636803868743267521    .0549034921278229906739738162    .0569105098977650871842150236    .0573606772842135510468474314    .0545972214019361316323708916    .0539239316110372310260833704    .0536080608927312692238235291    .043848352470720371508558241    .0415212110826049257364973539    .0347407983724276078378116171    .031503402219248828154473767    .0291000028268364773884849526    .0366380768741896167689735966 
-2432.313536   23            3             2017          5 
   .0289113960676490680846171963    .032955759532475010655863077    .034065591780680695928174944    .0324451181280602798076111188    .0350073823706254291058634309    .0439213524156451514316614813    .0473827071609899555317855206    .0676662352792991240418768117    .07253238424604154322315131    .0790919004284158208129957141    .0742776362200041631474931692    .0727009069278147535663757454    .0542287406815631847883611005    .049942862300462895586171667    .0432006394096718951943537595    .0390346797790463803100752879    .041066646434187339900574397    .0445294154708844246632519665    .042936364269774799296269673    .0291393683219629132549464215    .0242039643033915180250840819    .0066374584366083961965008774    .0011280412493662988026885692    .0029934487853789586442526791 
-1660.051872   24            3             2017          6 
   .0083611423438700835970022026    .0234952116002312486775112049    .0345012291278570360239923876    .0447213675983252648625668969    .046234229962664684733417776    .043580770709796229789137577    .0301290404496468650107338333    .0177274821927974067547691666    .0093298952046240636991372279    .0014865933056819564250339281    .019528257247132576348794961    .0249462746908670092448773793    .0477914222670747965639473704    .0400443029047709179053894046    .0657329459642330983739284022    .0499064585856507500748747687    .0727432690729799074615904532    .0673447630677410542988141036    .0812696893847423100282495269    .0629709840777794683273607971    .075478725763576621538245523    .0441597044263927675628680596    .0453548478032137058425605631    .0431613922483501768551964863 
-1185.907526   25            3             2017          7 
   .0558327681951147344350355358    .0783614219174792554609354929    .0917355675842131387232633179    .1008114017146392576312902158    .0743652249998453926668140565    .0758150092050263285031214145    .010765653914907358468015996   -.0042100044822550523218452026   -.0295707373729914249654572139   -.0218530276870845998830434946   -.0196118495667595586200875497    .0195237398299469093680412312    .0315032657951105708726229974    .0364749097645915437086112227    .035636260900160608306992058    .0102206788761031945757295076   -.0056629187797227960251598909    .0209000360117454891672556938    .0243577255112216903158433957    .0708048209148476219384410922    .0906372526048038588803086827    .1015666039377171470956665469    .0735877191827518598612890496    .0780084770285874718363158444 
-1954.391007   26            3             2017          1 
   .0240069156233075114635952682    .0317151172810323927160804829    .0414635810898407393255059119    .0642405227768222124243534242    .0624490184220337031053479464    .0797155735172700781875834737    .0561386639659256270820529825    .0502192548207933910125692673    .0240371245220327602540999617    .0368767200329222554593958997    .0373944874583635453660271575    .0623546156135173006350207791    .0862276276325497848547969705    .0759713381141238540297888303    .0710039083801412518472563766    .0383446197468099585867568413    .0237384125458166314618126975   -.0028727378400181105622535235    .0106588394673267139117571676    .0059488710080827751168627845    .021817256550648874327326456    .0292552615086813075987511439    .0333741660529447984714350459    .0359208417090306433240766544 
-2192.73921    27            3             2017          2 
   .0363697924661090910122412596    .0312968727366351970328473307    .0277455110587455587114712105    .0198402937301422178700402772    .01565141893914507051661652    .0171089566095732834548984054    .0236218606224494886466685658    .0338383103935100426283707491    .0372189130507681303332009099    .0581521958555208213748318935    .0515803701070315607664077845    .0682213367270428844112291858    .0634546047999935204332849049    .070278398496828083810294978    .0554562072158138678060123712    .0618430132418711115217390581    .0471552200683272316729356976    .0482214663366192097235311444    .0507530031352884869514418908    .050743152442647295024199435    .0446769910225667009438847039    .0405578190030176912830413609    .0285563826808204884519760104    .0176579092595329656188343529 
-2049.34536    28            3             2017          3 
   .011558881417624992207267593    .0106997534080834476820441821    .0187990422463493415282624691    .0315672903468061625298724662    .0411653943969697718494846569    .0521999376425260015715457545    .055276139498517712017070661    .0516087244562819807004125454    .053875057935574119142124488    .051936097291088116060633138    .0486276651779180840461170488    .0523739444287711467041358027    .0529328546165591142724718688    .0502620017155136799392367912    .0506115767622495800317424292    .0495979847925681008690502025    .0472565883185252875093732371    .045873092859272875314680977    .0447476163802864344934032983    .0448964151166790159761066334    .0382267876996583923756023241    .0424152715772611406015040823    .0273856964743121676670446605    .02610618544060333491081269 
 742.84607     29            3             2017          4 
  -.0394891097694035050895537483   -.0624541232344407502889528648   -.0508162882250962167707234421    .0600773454990480060021048506    .1140338132232428718374992547    .2513446695625649604634779854    .338130078550459316558005079    .3492470519498070441430752942    .2323077511872681779147058017    .2072312235561803537575422591    .0774232944383753689374704506    .0329992995722518933162021036    .0556340023445234084633442296    .0563875905004114782487844352   -.0014500944993893553209482551   -.0433982372687251344009937348   -.0548557792060473578328280043   -.1440653781745119820045625334   -.0758041703040846672312609798   -.0798223917372276062522616563   -.037631793623139178753412534   -.0607871830027989513359073166   -.0107134618077739847233761363   -.1135281095314941896374305379 
-1852.72578    30            3             2017          5 
   .0341926801493527012939821024    .0552130817761924811128822313    .0483638112921384404766041524    .0485626858390236249640786021    .0413210313293098345077273119    .035425447580267383120237038    .0288450080291968517866686132    .0353947738558482194812445477    .0363487574507653258864892569    .0415102606279921252026837992    .0486261490893703654299018822    .0466703604674837525065366122    .0427378087220225326599600725    .0386962608141610681317339903    .0330273484940658622454101114    .034146240465224162854796569    .0313756469670325416425090172    .0395301726734757261271552016    .0418445140866987882038323016    .0485544115438389376759252521    .0476539490911601607875289564    .0506094485283191773798278988    .046290590289082068043550406    .0450595608379778684787340736 
-1680.80773    31            3             2017          6 
   .0504514695443481807404586365    .0496321610800778504273061619    .0516312892016506849358671143    .0530711742978478567563465454    .0544653611272956247053909016    .0551739609146133567579439916    .058148804444158523711691878    .0585974280353886758957254439    .0427853934251004426306392582    .0422709086422395261116510929    .0245797715363910183825725266    .021051688047626958498102576    .0215775007174675475820187952    .0369909710017813875713196536    .037923808215708289252096669    .0560228979908368222461708931    .0466343345529473499030135945    .0442604223387287729810714281    .0330513889295356822282105997    .0268637091525037191493639787    .0251350700296934022310808863    .0317665483368523061230804787    .0335828060476613824235565599    .0443311323895446387553203364 
