 989.642631    1             1             2020          4 
   .028103084011141391502969722    .2338774551032856627212131487    .0579823849564944620903260179    .05582083700676795116761699    .0294924744405033618645718992   -.1341615607907254755277412862    .0211408435172797239774526245    .0530381052268957884050570978    .0283902381727530894937770723    .1230178411746290262631178022   -.1292290731966254594381959279   -.1774329384159280422106229981    .2508118508892327618412792486    .1160873596198181563583026366    .0760508668911616439854034542    .0812980842576495676447875253    .0511257179259489681381763353    .100141199353809971429979758    .0867091183342525186750973746    .0345507246039403894677208989   -.0071107577418014442831737712    .0547940825317982891139215687    .0115330217620748393164158265   -.046030959634357141997453018 
-823.8731018   2             1             2020          5 
   .2128214886697008561082264477   -.059279602518029433741127146    .2063459768604864531335279479   -.1285426114393385333362512261    .0005411037197670530867184575   -.0199568234040870103328332742   -.3671616409603724727404372701   -.0104830695177818948913280324   -.1033958504214878107336214044   -.0377753199273097084136410387    .0904721853852857512965111346    .0248741704944930148950276119    .159072677228652302142679323    .0211522380836635781037219924    .0719063407587510584266534431   -.0949142165573246780321090463    .0987689121324824880937750261    .2823784384897611182091392318    .0629736786971772453125134908    .0782525972254044038994258618    .1002310183687077135256948135    .0589862320954826443879903836    .0595877810463067602482079237    .2931442954896091013515353488 
-372.081639    3             1             2020          6 
   .6505365345372497673823673949    .5381292141642065815561514445    .0308389578986992153084984664    .6504303750392800220921409132   -.7151172541464750965580432739   -.1116567055328414095703335686   -.4542446664507409353784318285    .0708364166284485755020015916    .003677053250133635322972763    .0032978004593233905852580917    .0639613125333497039341949362    .064504607280554362425822361    .0763900634183134201900244801    .0179928899958430896935497535    .0312995826165988265817115474    .0852428248952106986391768716    .0505798137488853622255732968    .07949365649832562686599002    .3291108379577956008734953998   -.0753166162009945349654837443    .1407490037421599295847006307   -.2848455524030843134401480101   -.1393080834069321007264214938   -.1065820665233094181247680432 
-320.40945     4             1             2020          7 
  -.1754438578512587565691336507   -.1596818383477765715087367117    .2755004573054883368764560471    .1106524791949800481852205046   -.2870794541172240706383660032   -.0999716456552701551093452456    1.339598441931097849954175821   -.286277293007431584805004971   -.2640214575444013901587484389   -.2387570029535645718314487915   -.3811498069111257486319457806    .1701043773833761769510855563   -.5149813777340212656024970549   -.2042849547664714633104610367   -.5171476683974208625869180825    1.3712298435642269602223030563   -1.0166557197361064100949581855    .3698864062842091580008017866   -.1123669105265153696309518961    .3613189311363943853715925045    .2401864551747771484268020185   -.1361043814406847238744050776    .2603160112786935591319169893    .8951299657360293212325666425 
-9.93952       5             1             2020          1 
  -18.09916374231351212130968095   -5.4097199864782202762306429284   -1.7942496217121148707382247835   -7.8866142429413090370561153859   -.9634932069154244872991854737    15.250122742345706834937703229    28.378050449116255110910788449   -6.7820085879398602749428543833    2.6546553555906120215060687035   -.4755762853739415987894787676   -.1844153440005151154180483565    1.0291241428157496539068284988    1.8832901387592157367760213773   -1.4172716589935932519880235665   -.8446081903351469688677119217   -6.415500949744052026657222884   -2.7143161842825408067995235182   -1.185883221724992756189433695   -11.42466638228002961913653778   -5.3107323090048614017578313641   -7.2754469028685489842567850359    4.8601069266926370689932713049    15.640342793213354367212903641    9.487974268375132803193715592 
-144.2109469   6             1             2020          2 
   1.4524826617028474694801411085   -.3821847868332664002499521761   -.2628934267125320428778073574   -.3638062236452869445793785298   -.3831700795801376157526637806   -.344564272464395003566820072   -.265859429011210521356059413   -.0975438432545234192620088815   -.3093680539448701172074475852   -.3296934873672894522822109006   -.1917729589500393191024807008   -.3371018015276619752921128625    1.9070466279560917299545170659   -1.382780602212383087819528075    .159275287304836357051893125    .1327164158576092117733678094   -.0013374234352246667066298834    .0801946055317108523888348451   -.2431909695754171627313543421    .6714542278620874931651946597    .0224619425198434779849573264   -.1913260441950540995997024412    .4697268234912338683215455678    1.1912348104830313682657054934 
 2162.647009   7             1             2020          3 
  -.0521902555203358200931440125    .0187884614691643373964964987   -.0883339718432986305256069646   -.0040977843185318459892961663   -.0089186260724622952094536663    .039270948817149290034691926    .1268709127556007916223002993    .0310060678977870123602774233   -.12117650217969529025436994   -.099103968011452765012933278    .1019102974654704733647080359    .545377491144695634422880521   -.0183774327639245355921142839   -.0361306952428314666307154151    .0122914326237139516465583311    .0786119969151193087748144848    .1559065804991941706192700262   -.0179826572890333394209503193    .0486252261984378237474999786    .0657480852900483677593082413    .1153461933278451176032861311    .0517883868860264842231587689   -.0120776205692844994474084328    .0668474325205977246007418125 
 432.48144     8             1             2020          4 
  -.4214957756337474274040522988   -.2960286573222656676318872782    .4950367349868239432425123261    .2546046831512584678778354049    .1863688531928676523089638251    .1733997879770285633529152141    .2099439920473812702806390952   -.7947025426108459128326986703    .0064719540334493891807241485    .019411237624440022212282682    .0303430362237047675386948397   -.5445167774136157149310268667    .398272582518223209763637487   -.5810584611445984826539608266    .7011514760032245545612315756   -.2487505590991372947703836724    .1992340758021893378823377947    .1574907353249656216460988476    .1717096345221196081848044161    .224468846570618151844851423    .1717299590937359069096699271    .1415116681076533596447514603    .0465620212511316092547231622    .2988414947933950645373359837 
 895.739605    9             1             2020          5 
   .0489180893145837846479948824    .0742370546404498883355727025    .0165908484084501321117759441   -.014057656856648646232405901    0    .0073246733351708837302108574   -.0010762056233965450260514047    .0042009976772211607189122781    .057463184292269850008474282   -.0050228280349399086802687484   -.0136222959573167472035581144   -.0167493431308086461131748216   -.012158656309497445968128204    .305624534710620504493602245   -.0010762056233965450260514047    .1151819116003026348265576579    .0241578689601427191555295805    .0870412668646040274170974052   -.0698396159450826113689591742    .130572545131573142844342581    .0051916773290380523031579027    .2508496875048859763212100016    .0031247920538246156928608733    .0031236756579497230112985793 
 442.55245     10            1             2020          6 
   .0085029469388317701099609775   -.0085029469388317701099609775    .0085029469388317701099609775    .0085029469388317701099609775    .0148253613780694243134344867    .0085029469388317701099609775   -.0021805324995941159064874683    0   -.0085006873196612062592806796    .0233260486977306305727151663   -.4010891816325951873049171912    .2001367521522025242431716286    .1845249981103934686159798686   -.764878377692858778660020976   -.0138081712122484012911915864    .8469484238534890045236445985   -.0725566201249140073679402295    .1226499819399937792684234377    .1211946968093838368762843817    .1134195280130072717934337501    .1542730810777344018771108374    .1783631748056077872803551308    .1828217197758141436116781186    .0950209630519501134837237936 
-71.2769598    11            1             2020          7 
  -.8235302145981821183119541527   -.4265176304559499463948797659    .0153519174088005925303228211   -.2517276276982846285764281433   -.4963856497145379087843755087   -.3372353431943094744621809753   -.2815340336667950868465632845   -.6691135555419691174875278561   -.5862501728082964616007654131   -.543653939628328535976642483   -.3179717550186533068151428086    .0016509654779074906615194887   -.2856923198904451589698695314   -1.5649362755227952357193551344    1.2474172614752853137263017775    2.5788698131313956519228531967   -.0222229455976319573607851888   -.1932863023150434651394881744    .2042059599741794823297163132    .7970599497988128275920096132    .3880248270634012086469490524    .7949226532526714193553468592    .834703390365423526383346109    .9378510277033448892975931894 
 129.61273     12            1             2020          1 
  -.4423785379723118246178442503   -.4846506203518743876469541225   -.4574701111534337715130296229   -.3137576841410562064389817266   -1.5224044736963722621998626215    2.0082379253951367276964230288   -2.3677450509683732454366172212   -.655530440567064670268113325   -.5187535205839735032199383502   -.2691630675474546365931803149   -.833536181206892255104880516   -.5493754355764283338527010426    1.3591195864788898436133549536   -.0974507673744700848442896003    1.7799871972452088618147306981    2.8421112648425814347093838699   -.9266227167655522725275518848    .7543920261536038936916150134    .6931594604943511335653527242    .9615861034637569936224628553    .4262622969209891651846234548    .1241679733155840479557833555    .5529279415687023952045451091   -1.0631131679735470427943304643 
 571.806602    13            1             2020          2 
  -.2430101357941299180732439322   -.2709255182751457633572408456   -.0809604153538611993850326338   -.1071849464235461905352397453    .0656900600108845892618777424    .204279033490417796890005128    .179702367269974263081348613   -.0148459286239580703547035996    .0131600439268800187794963585    .3948747692143645448850553845    .3702370683715890359726906406    .034424226532452663077156986    .2654428953235485728092380437    0    0    .057863934911335633721836601    .0016335628108050420865899691    .1676481168015615181721878755    .1975125848581930154069819572    .1500999283670390360410704037    .1876326709498187990491232558    .0579133397274066450880187634   -.1004730791828108343526960537   -.5307145789128191982645209123 
 731.709507    14            1             2020          3 
   .0768450723437163158247717014   -.2838213772176667919117251541   -.1728714726129696166432343485   -.1517488824974362400897437021    .0113243478740259144945071761    .16389536947754869064452377    .094783516322413998647143449   -.1112008238537209548652208505    .0684225495514847806945331927   -.0222382924430145473017613806   -.024990969537860603470333207   -.0982642419049504026739398372    .1203036712764755699695999713    .1326363386993685733264635579    .0074525818618344123824538472    .3509947561744609121226027749    .0445733582630627211462485481    .1484958155668735899040327762    .1079796958275683576706623275    .1465097815108749161024635969    .3026470175410745346513585753    .0405334216875222314147135989    .0377950945497281887851704515    .009943671539585449174709165 
-231.270876    15            1             2020          4 
  -.9425311296005987368681908742   -.0049214324764351219044113449    .1152282140359082654229233775   -.0666177266522741929684220161   -.3396441495729016912618085124    .4675210379710759602951475827    .5149718894998261692060179683    .0325419271555835677294706144    0   -.1405753744799237064333167485    2.1311031830916747165345627004    2.4895495271959794885716608779    .27626941664717004833760391    .2357583926823540029311775513   -.4008157948949871232381201341   -.2398305439894645445974788455   -1.400255862739932718549481345   -.1732698500264252901433209428   -.7949725584988920092126083355   -.0755738478717916907099015788   -.4174454287966635280094671324   -.3837871483653652957149693159   -.2984591107788254323903715399    .4157563704649088629733040835 
 1520.081608   16            1             2020          5 
   .0076713841800525225485130664   -.0481567237013764329421450378   -.0010131291582602978247467882   -.0144301857772362442793268768   -.1106295866715071787119471549    .0105032650325968551551608537    .0285259816129556117884428742   -.0884486722899682633355037607   -.0510014525483292341762219387    .355930824471892432764701933    .0942134943586528809576913189   -.0601783940536960960322335536    .2055075190410434858705296565   -.0135349443685920841692073153    .0584421977954752018813979361    .4132449183609884187217927315   -.0449988077219075201125649038    .0538253009373954612047381603    .017395046332275602403052034    .1412944534488440439047796176    .0065063197580639367883201176   -.0148898518874783991202661798    .1081301813895770785485354021   -.0539091385414617818334921923 
 805.030044    17            1             2020          6 
   .1118680360704649676403878412    .0864019306091885435272028183    .0416915992765109770238587518    .0645526218397881309383777483    .057963190750182734794926486    .0518171468393047949400507095    .0711796540105278356542926738    .0788893538487614506968636813    .0028167619542904910515364567    .043543964925612142743830316   -.0213598363541323931010952431   -.0026250958156786506218890882    .102442437539635477256796642    .0899022595981523392684708299    .093500858211448317076722667    .1044979881521042958739562272    .0149184121630123906282434348    .0824921883288122349878410252   -.0386322227745328719681920343    .0366906927513378618699105347    .0078874186712961982323233641    .0007029774903655645428309009    .1154005129279373826699069134   -.1965428510143902157271536564 
 1086.76087    18            1             2020          7 
  -.1261842451136467583710480853   -.0363418219134076846178681424   -.0157385129260312804600703005    .071147040838892184257609496    .2735909142551295576183194745   -.1192839230584369494275221742    .0773702958222998956522974553    .0883498317343722543120272632    .0796392586346985422837316548    .0684714660364979832223808353    .0533347874404053579882757464    .0530917164877311050038082435    .057822168367177224553548749    .0581371226588237392095282194   -.1297053509112818903757548797   -.1451728750594415494551253028    .0195839587047332685064378514    .0859766325594700515854973689    .0716044275683205266674719343    .1458713727887534265012688578    .1751324557719859751667356223    .108693000696648196396692126   -.0591489459866180128476653746    .1437592246029248366294233616 
 216.84218     19            1             2020          1 
   .050059356532940224083709175    .1189571143400236983413466882    .1500316958628621055184005252    .1204275385905085440480260805    .0637974585940798049530769336   -.7226836586867001613800414661   -.1607481994508632960616795127   -2.5262884739491182020029497951    .3684432613617885597719041563    .4466161057779441250775102888    .3749599363002161295371592372    .4160391672874714688811927642    .3530095482345731812878841192    .4617413457105070609417411317   -.4873521378543602540797182541   -.0497362182947985488801117937    .2366194621360106230254648796    .1639859920242454673717078476   -.3558828360792166911437617903    .474986462504665835770512914    .3193927030248450739611638289    .3784524302421235573263467467    .5258677071038485224599752686    .2793042386864031711911400264 
 1457.70769    20            1             2020          2 
   .0549319390638599155637300644    .1251597293830562147888511173    .0136722747205923020135813374    .0191663666122252534731431649    .0214082907115623434764208454    .0316084838655135310427017093   -.1219606655158689599833283448    .0045009023722719058990489376    .3439825442644128467210048127   -.0331655655874326902947188267    .2726063687020818282161905862   -.0488271966240364692046043881   -.0157775253281403763466460138   -.0897710157514501415575299599   -.0672392281884717230242504929    .085666008937635500845852024    .0632072538493639969752783564    .047274299554528658622909508    .0611207518566359487340016708    .0604501510175884439492803938    .0474608733113015271257847312   -.0297938059172892200356026111    .2055423059474976083853958402   -.0512235412574382453864944624 
 1177.77249    21            1             2020          3 
  -.0915084202722378071506832359    .0372736673447008428597275183    .0129116872138862744196037386    .1867170458362463534871662693    .2207905195680024755884729486   -.0968712556700997490610431901    .0114699826279691759484040929    .292486794287409446963734057    .2433918285865209842012866169   -.1261611230196079719946591722    .098985416105278533038244084   -.0187819380973994391735198366   -.19795419062640867082911743    .2294922001446985741702966759   -.3024665655079106152326583889    .0385700637310691473189359347   -.0241513706946916377712303333    .0955881555698418461107034348    .0712684246853142239720678142    .1614321964677575377906814584    .021727736228581803604531466    .0201892302646668203296207063    .0361464292649593131522370674    .0794534859614525382571977038 
 54.12639      22            1             2020          4 
   1.641548050775231823145788958    .7878424923590876834756576228    1.3131339444585164464136625406    5.1461218825050035666520527233   -2.037396175876499430314861198   -1.9047030478108737715557974585    2.0942279727134952100075397602    1.7998599204565462429694646179    1.2289216036761365389415403466    1.5433711725463309117788938076    .1738687727003408134183713342   -3.2423167331129971904647621983    .9789865904598477748100325922   -1.3273015251894685753104908715   -3.9887197354192659070741647466   -.4288104194645162923298597967    .3920854503690344026268886582   -.6773607107364817790360672493   -.1650235495106915499075404807   -.3033625556775539621245754612    4.6263698724411511648938715477   -1.7549707268487700731565508064   -5.8752283313186044737142085404    .9788557855050004258551142982 
 349.1011      23            1             2020          5 
   .1376932069248707609342966837    .1096160682392579112469138596    .1443215446757400649840404399    .1187242893247829926631568907   -.6001699794128405782737436233    .1293738404147108101349437169   -.2960953145091780002984808699   -.7661153173106587174890024695    .2861031088128911653386368591   -.1829307613181396449338028439    .2713316285740720954474219646    .6497238192603804456645940102    .0500014752173510768084087962   -.2976673519504808205989611605   -.0598565859574776475926314755    .6345875163383902256395067217    .0999539674896469819201371752    .3136558435364425949961200351    .2236337840241695027600886964    .1604203767905629629926688859    .2687944266002026347095440261    .564058090908335722803508783    .7365743046928239412594231299   -1.6957319813658564811167882313 
 1994.80008    24            1             2020          6 
  -.0267601252552586623116638335    .0652561132842946346783783967    .0622919565954699580721893695    .116389608326063431880351639    .014295653126302260826057316    .8204030150229390405879670909    .3047708419983620614252231231    .0060950970084180064801280738    .0218257260146089426665753893   -.4657300294473619632098671261   -.0457138241141438093385277987   -.046099592095464523943672591   -.0583053916861683703160870136   -.0399236248276067845355209731   -.0633715635303162811182562214   -.0643251929286066601721812644   -.039839175262114487182093957   -.0889142735546712029407979571    .1851044140724117075431438723    .3006218046672626963199239495    .2632595142065564785820541976    .1009909724888320638126302862   -.2348234315290382382579411166   -.0874984925807702995480128515 
 531.479127    25            1             2020          7 
  -.2502762446209858397693951206   -.2676234922016043726962771202   -.2588368818480429241767758078    .9656078177459638974683572098    .5806596803565533063728389845    .1581499737806260075383920016   -.005740400412752239656629074    0    .0018147467153493687438829559   -.1262155493831839608632457169    .4395640169703221477595299806    .0944418086244053004926381615   -.2686359496484986135683179897   -.2733541029542633383606050817   -.015796669282931218482264121    .0511976832535137358272961866   -.4678230759568475019339752923   -.528454996126310713985951136   -.465201900581883058598461196   -.3296381571726334230996055655    1.0328652097752091024263310344    .5877083108853680344063634318    .6424950344286992102325779579   -.2969068623460729060767046831 
-985.863401    26            1             2020          1 
   .1029643659527634701189196494    .2986793096298337988510032943    .2675379770995271991033167484    .11313149457304988239440689    .1017380297293336686103433106    .0909161045121300734846936467   -.1439941880954357489126427161   -.0074621788297829305461761431    .1116599925388649253650506496    .5913105197015017296498665742   -.1975527236353913497190469291    .0237527734331624711565897759   -.0501662095882997486383004495    .0168693350246399906674291888    .0164201145752848573389732722    .0556925735799781454712913113   -.029830887291453473887504624   -.0339897798883802970184507336   -.0417483801084933469398566303   -.0193477311163516861297907133   -.0272489778733554994806019784   -.2203389432853081438206265251    .1319280134226222279652310574   -.1509206040604402150841179264 
 321.809472    27            1             2020          2 
  -.0099254132581902374831279049    .2842204719194840852913117486   -.233973597893352250365085587    .1530757615487464582770267247    .0861249354400606331438249276   -.0326962719108528912411875807   -.4742191056452185472029859954   -.1651967223637220970301334076    .0736466824693090450737261083    .9679730620234820185777502534    .1055213191487415261661409394    .2033666367657444215936565099    .0167433977828968315761693926   -.4960885675857297326537361834   -.3504020540451960345032976531    .5993148641690695791576948984   -.7093949055669809495228282156    .2687364342091211038064162387    .2704343021948092317183255563    .2413157994305400681307478731    .1991364008079911333374301674    .1833109809769676387896997637   -.3028908359788738598719679699    .1218664253611528252344293955 
-384.307145    28            1             2020          3 
  -.1135756921719475186962761257   -.1387198773002255786839456238   -.0643444451182399952517146149    .0230160045554188174149091087   -.1473850037318457870461919203   -.1013250482241229212639281011   -.1326282133005879971344274643    1.1314751902413888245559420968    0   -.0755749675171925309897634092   -.036655576622183279990800067    .2835549674726968711445632893   -.3088592068721490983468444231   -.3093202963999016984188519316    .1307636890279518482540833322    .8723618708676363537295149691    .0176085458936757472984271474   -.085619797675112181429777997    .4642906131760834162997411875   -.7591584070080195880823397129   -.1036260202760476909686391597    .5005355807267127443076812949   -.2877583761811141970831689845    .240944466437125440381807109 
 923.06579     29            1             2020          4 
   .0148283038417012507851688448    .0907159824436782561295008019    .1110408392450553280714693153    .0285372941835489320864117389    .0201545764143203703822671188   -.0252713839606167183381370899   -.1078241779494395518655284582    .0424208441307309200571716562    .0539181719647523715508945467    .0349995421236442962532497277    .1269529228247100350236140806    .1884925233769090283369726008   -.309428648634026400220075321    .1768541330082225233371502155   -.0261066332010852660892134243    .2890323776380012956606267469   -.090088605710325371282582144    .039365460613592883774839061    .0291466765332078875981310065    .0355716356902361206561452137    .2018362093128811544407901846    .0815815956086943705280205434    .1194574657565849125445327142   -.1261871052549786294214196802 
 353.504356    30            1             2020          5 
   .1090090103444156710759173785    .1144083497517071614246247082    .0824818973376384646304047241    .4229167122342334022045261587    .0654558270846314550081527142   -.61750045309201225231861075   -.0683412795060437671099023176   -1.0440222128408511039677259309   -.0402208905171171356089315063    .5724670617637311377288940677   -.212452912461423813402740644    .246295833480479092031329877    .0272950695973884972438642312    .3265560891702279334854928916   -.088341202788460122963803026   -.1678561777043562088383431405    .3386945534555166839301974542    .0746418807919866198197569028    .3175709099324365892679410151    .1865501481967594198471489274    .1963929972053866289557122176    .4555904255957739881428787825   -.3543317016438688523543964477    .0567400646118205117676117123 
 679.267319    31            1             2020          6 
  -.164552153288564144803203759    .0523427066274036363583686557    .0671140488064611275667746353   -.0926391690573884359067773729    .1506164026124742798055915303    .0032796852397958512707424984    .2865219546945405156463886937    .0515656487810508074804052217    .233126186952621520129396951    .0081339788408103879350627201   -.0590311043655553815919708629   -.0555160081240416631909241022   -.0166104855693786145480671947   -.0413211694643592885704545429   -.0650452462000457289775779718   -.0384267714195742133149791651    .1792387129403468327319895689    .0794794457055278998340857909    .0541642280894129105009982086    .0508180491456854558315648923    .0897717265270051951373211877    .0815597607162372550415604493    .0571581745713280812204068366    .0882513972382057144132971308 
