-401.1077365   1             3             2018          5 
   .1147469266028480106366634491    .1288284051833540238882926657    .1641231120955952940089950122    .4978936625422082827365260755   -.4713995338257455924189086291   -.1306951854318072969903935024    .4152275930982946772456481901    .1642351268884089449618481742    .0766176445963415118521405034    .1590194708199052650284644909   -.924335948329433431409269265    .2302650175883605775327646915    .0164072003632370725913435479   -.031599490228231985248681435   -.0002659871408389052600584781   -.0987463127627806301362626547    .062642072724019871902919529    .2566744309106588374168644339    .2797253450632458693551028029    .0131386645542799197541780648    .1378007576774824935345020452   -.1023569137764561666588547588   -.0025150075857487231488490624    .0445689483728020788250241092 
-1302.749804   2             3             2018          6 
   .0421001406652293766148208148    .0450654299234882095595387248    .0554404996095474369382442064    .0410025162437099856205389995    .0450225206865584759665793817    .0471004561363956267384708046    .0293049362838361248373674674    .0623227267052423214181500656    .0509214354101718214497616612    .0462959271341406396404263055    .0657278548322084414606444262    .0338721601527103357752644882    .0482065165599518293997762904    .0467964837245141508384368178    .0950086498727272117094864671    .0753295066318044903731952509    .0462865546514409608001752576    .0516468778528405750579564086    .0227926497542578022141847891    .0515273153708338612039430405    .0240653039468812693062589016   -.0123737266745349669613153133   -.0077995713135413375199402448   -.0056631641604146424419650114 
-1304.281443   3             3             2018          7 
  -.055898947570934657543847306    .1980861580041662833042392676    .0581423437456665554966421461    .0386448877813252764342212603    .0754437629455715563684516824    .0486429446194305779140031819    .1117643747692268592676741779   -.079693765910614125022094637    .1061619796426100037674154044    .0577213686540198670909097646    .0028820719793066932410538022   -.0785867962394984408284646583    .093929880439156106279126138    .0598161465983534659551236136    .0332581056280504023087599813    .0467361015731326325402607143    .1288724154607173997797958397   -.0967546542023445778642424494    .0099488266659330213287409319    .0435343232894558632465339768    .0492982786384702093779616858    .0539952863532384091429567322    .0429815668243008192519380957    .0510733403112597991628406539 
 534.6698      4             3             2018          1 
  -.1184320116827245526117240959   -.0951576655348777881226880591   -.0638322007339857235250616362   -.2716708518042350624628509035    .0274620148734789210088170306    .0243816463918478283232005997    .3447265957418952781698162118   -.1575419258764942399963491486    .1034096184224356789929036575    .0963716297423194652101165991    .0893336410622032514273295406    .1174837254694392688721150886    .1174855957826681065584777745    .0893317707489744137409668547    .1156826138300685769048485626    .112248718741922584742957242    .1122505890551514224293199279    .1052126003750352086465328694    .0278414640213455108180787469   -.1070754323509575442637680303   -.0453866105772198093103444406    .5723437156914417085086907845    .1513643186879079386941248599   -.3478335600776404427555100363 
-67.84157      5             3             2018          2 
   .6036726449579512974124861792    1.2397550646307271485609781731   -.7843699666738255025642832263    3.5886684226205260285102482151    .4179732279191062353067595576   -1.8404187874779430959513466448    .6588873164344516201497105683    2.1852810894559191363053655745   -2.7344738631490987015778084145   -.6627942130466615085706300724   -.7453099920889212911788450651   -1.0226325835324860553787301797   -.9813599537864468643635458319   -.7453099920889212911788450651   -.9259072276776613512924302902   -.9259367081274799507145839933   -.9813599537864468643635458319   -.8704545015688758382213147485   -.8149722950102717257280455037   -.366574653269374514770221267    1.1978340123909278632555231254    .6081062098061704645101815893    2.42236286689709568926544595    2.4793338361715390725774772017 
-418.52193     6             3             2018          3 
   .1631625611589815616113592901    .1277952388301372881464060916    .3163208197955122686163661723   -.466737310515604283866319741    .4088677025837092933218577101    .1020255975594875040359294912    .0889080292638428767639487852    .0456224360811869523778598651   -.2559392765870118203841791516    .4022654201178896408128482061    .0889150300917325885408203102    .0128667331721422578740378073    .0446360122634433994892454023   -.0274158154627644004222192132    .0726200177849700731333242203    .0434530157117453797462895194    .0735014291843679493688658083    .0374247772392715478493564244    .1098604319252756958279342734    .0551699644508472949075810675    .0503842415139393054027061378    .1119867243276833785030093883   -.4738437481639253646756336042   -.1318500323268603869813942605 
-301.099695    7             3             2018          4 
   1.0141949828278637080651974755    .127216767854912639483078852    .0926932523129922134261876287    .097339321449661382088082155    .0944706038310666505324756307   -.6750790630990177522431565399    .0157422610474580520581397467    .8366498013224490313748076032    .0783131978928108844480895273    .0160641610746234731323789617    .3681142885249352378121804474   -1.7949566504874739245418365502   -.2485890927255837970875393946   -.1461409650381744823753474742   -.2086186105236672524693191735   -.2054170131258352818989072706   -.2336169752679424002737697891   -.1961210887310928694231988511   -.1836235669385184863770785288   -.2211161323162416355154394959   -.196124409890219251135408822    2.4679201352229865261072416563    .0875996237724518452268774301    .0130851710095554895862647752 
 4638.550596   8             3             2018          5 
  -.0089663913628247507855792288    .0725489553332016732409487336    .1521367042128519233683486591    .0360450956693628355972771629    .0756168101955096147451832171    .0681977254431138256360629768    .1134330625721173011001473616    .1445696853190043332234033047    .1110338432966831003604299156    .0154664562809481533140530176    .0457638858532782941751488443    .0542091532248967194406776284    .0473979738820984071033726847   -.0050429222482065171376649569   -.0073596135890893276784255217   -.0019933153274156934516706089    .0756689169894310666693437098    .0948496283255805193334146398   -.0484299988435439284362179241   -.0054562474799401756918983923   -.0046535958923493005701818155   -.0111077650084125545668619457   -.0104179029634109438956306256   -.0035101438828845750936808365 
 2458.61104    9             3             2018          6 
  -.0089762429440648733115588711    .1592899786214252092514804619    .2298635248949341738903116615    .243310954952841991631177252   -.0590796582447624574239282681   -.0101703277147897294075438627   -.0015915840026489102562559062    .1347496999769430792110979864    .0933055681715315164288857989   -.0204315156739880253689904524   -.0356782706059922353557803922   -.011244161662920052616374813    .036116286210119677978831495    .3510111953292131967324119719   -.0123918747228923205355817486   -.000466909560448406674363587   -.0172015781723651578494498259   -.0114870508350112997133536015   -.0032249733166414155530677191   -.0135487230220848597507314536   -.0064157891359667855392042818   -.0117818717677278468577933336   -.0153388069061952963491126274   -.0086178698685091725611058836 
 951.67474     10            3             2018          7 
   .3027652073648608136851462507    .5638702777799902517114198071    .5339953648449259039911051963    .5372560377088499795633957879   -.174485034666360903936569757   -.0472891715083243672097464728   -.0459043811544267740047403171   -.0329923120582143432744679133   -.0471188296959526318834521131   -.0310495474535764183464615232   -.0612468814712892348072619853   -.0646280471834315997501415242   -.0378711533312316348755878505   -.0656819051433476105502180293   -.023027604998741481779793798   -.0346315906209720350463436699   -.0595142201630779860774701239   -.0575973677729430960834370785   -.0249077746878098288076869625   -.0292209500065116785594204171   -.0150621104012910965778076657   -.0574544828204644792820706789   -.044629386716726347071059173    .0164258641560665989726700112 
 4324.09025    11            3             2018          1 
   .1453655367160757109544603053    .1189040631147788832575823319    .1196271978828378986770685464    .1181018596917582837222234203    .0305541495115648892850929742   -.0207844366800623553127735944   -.0070935383460139390013887892   -.0074161541841084376071937906   -.0073694599690651692572790311   -.0067461357912222114235474156   -.005732329476703220983882101   -.0071193958081702850674774885    .0032605424921461803439463365    .0812043643168641080051462848   -.0227610883005968712147023296    .0130092104344954409774402835    .0151740588670645808098015531    .0130096729595317766552166667    .0145267550787127997617533538    .0143035867486808352346484905    .0602501300707125620238846772    .0341939440325048719785624271    .1857477188409746998226968089    .1177897477972389683587200799 
-8176.317499   12            3             2018          2 
  -.0617652384538351450336701266   -.0647287975381005932729618919   -.0648048097526551298616590085    .0077371004743562246053136054    .0043341039538073348978690388    .0033318104395202131570257898    .0058969199772265350479878668   -.0506112929262606659937387052    .0260572072973018974981465553   -.0002235579770750778669095321    .0095694865090023089867782543    .3429461980094273733877662375    .4543738670195199571224478449    .3994409464162125487930492607    .2878600299325289202544457111   -.0342708071248787497702821288   -.0350862108810092331763057432   -.0097099764056019077543896635   -.0723148287810881645411994048   -.0633686620001447671277619499   -.0666757498185064058261566293    .0052364576112946271486270717   -.0821990951405934389339202445    .058974899159551338259497792 
-7737.613001   13            3             2018          3 
   .0105240582579506033374956071   -.0606278318571078920776849537   -.0965485350460731836748525438   -.0502736438162164941802831837    .0259574755126732914255761704    .0053030824874152942919973777    .0049949422380009258361718367    .0076840299446762160443180324   -.061408576513013951910878206   -.3659742351593476909275059775   -.3563870407635549825555303706    1.6103971597428823127051091451    .2641708754025083865783274006    .0404197392606195555062498531   -.0429634824017479961324315398    .0090772283378508038153561307    .0022724075238355281501109544    .0344856869897104330509020763   -.000330859012937082920412654   -.0040411429204276379652965795    .0191834096614571690699112027    .0116950718507509910548962592    .0021049269326205734336131087   -.0097147466525251719551591464 
-491.685327    14            3             2018          4 
  -.1138065891480223081784175349    .3945126879899753445357542671    .0570731084680100693751229229    .0971353167917496142812494382    .0865352241841457270088517407    .0644536622505312223807728149    .1021240359283692840400746797    .0640509656697565026177809858    .0224777909632434485888166437    .2767829189257055051390622442   -.3657784565126955679928191146   -.0375447648857741894746434034   -.2867970473318598746795630938    .1173434244052599112846822862    .0703480622678821570772641747    .0274933362003702827601361389    .077952051638099828836258927    .6104463231216171720332829863    .1314877553789600884307047869   -.2288292812935619695643266572   -.0365298271347438440033009161   -.0129204242045644774752450565   -.0308628286562637245426687301   -.0871474450161902024788305306 
-589.30783     15            3             2018          5 
  -.2008592012089844453619426709    .10663537255223640928035862    .0631198468888492453935322733    .3325392774774433253330436828   -.0361835341641396483735843116    .0478153836849579955521717741    .0617063072112922714772006338    .0578340016286564527744353914    .0833149289735383288560751009    .1016155003404587378382533964   -.0561743766411520444247279049   -.0252530837745699051716316072   -.636983560866652662666980006    .2530916651828637674812499946    .7016996533034356594243792756   -.0885034227357881873044177947   -.2352062758100465082909215715    .1231309110554326081158636565    .0766474628378855919833951638    .1251940433236734696024656587    .0420730028311349604840648393    .0798411757060821676168802984    .1525384280062934171432950416   -.1296335058029010067624589342 
-1160.709664   16            3             2018          6 
  -.0029945731545145470590309482   -.0037132963855464203320357639   -.0528340134505850034862809585    .1733947827283705634762424103    .0335132645195241520794299168    .045195608882257053388331227    .1870113661774422858600408793   -.5627117790586432129507969704    .2108657380834902741018274144    .4531630228590911430543581655    .0278511939743787641971420684   -.2790835727891380768240075582    .1741770627663181065751857133   -.0565292097025221287379580222   -.0443926690697390454397043773    .328274168655495919089719925   -.0160720898417539151289430463    .0117953011201946880662828702    .047475248728522691097366447   -.2133979820124940391639575424    .0029154861934534560746105755    .5375806882228215858121777471    .1282334459825777757976864747   -.129717193429002069547686647 
-592.098433    17            3             2018          7 
   .0788348311673373403438816397    .0557578911883389497164908052    .0320909141808183099852925975   -.0152880019528779938520796592   -.0350873247455461514453965799    .0787523617715772607018536055   -.0215542033025444605424247086    .3252621342438175309273280917    .0274480544014545635522734106    .0804697282487150240439835787    .0323407881743203329842286544    .0741870397755300257651585442    .0461241889488331072816738902    .0818023782880033394717665128    .0600877793574569382452663914    .0920723091999806052518298085    .0693668783953697779841954083    .0471558417382266573233778513    .0374108066588988929143137928    .0196607681277210878887767636    .0355767535024028682068814055   -.082692601890402233170578244   -.1215812033740004848146591869    .0018018878965687112365656269 
-1861.99937    18            3             2018          1 
   .0958969712218538505735369825    .0232346695154896856919989183    .0259350356278584562571575951    .0413716251687023932773940734    .1188007920754559653798379105   -.026768548262183354014776063    .0124006969991617129279694654    .0173813216703719937348850983    .0158856659548708655041059439    .019951225869641405947414472   -.0588700521418543766746816891   -.0231359369364340869782356586    .4599182007242032525499726673    .2747270532105496899281979886    .0194355382622927525480312058   -.1375940315167775808645950294    .0890344017678158505499386931    .0268469532296350884372211146    .0211497708508891708164219196    .1270575617863930856217206991   -.0143296933553742287249001593   -.0401819953354764024436807409    .0124827754372441060492947428   -.10063000182432929609423015 
 29.523169     19            3             2018          2 
  -1.2365901506034125266159605021   -2.0499161184221111222850094446   -1.0695633656400503618022848428   -2.023561224067782154415740397    4.1918298133916450500283353728    1.5546085178051177365139900801   -4.4592062593280551962426526773   -.9551142697452295856179937865   -2.0608234840914266351284985701   -.8833106635673155547766569368    2.8238838452606493564427314696    1.905418757722113097005270674    2.92184080916245813584578268   -2.7219997961600937893896146447    10.471904286426704396130374758   -5.1808496574334550603290588487    3.2031747675867722736675050026   -8.525571899141315080369590405   -1.9280738460021009262250946028    3.7863550488092927964474274425    4.2387082497817222805587028953   -1.1433024009041847777249115771    .3263872519918170031137240044   -.1862282128317593548307771432 
-421.59129     20            3             2018          3 
   .2106659746220089129450468486    .1211671379643540548477650001    .1081948585797396336152959896   -.2600407138392256633195624132   -.266262379376955344594524237    .1092766171710995262734199276    .0484967324633295910833451991    .1237168822913775092459808645    .1112831813958964854326093881    .0754355717358392295059036917    .1515046717402534573235609303    .032439071499793081588568872    .1435154886620167129164362006   -.5313608352772183694781739917   -.0259236854727240688487658272    .1204125682957064886231401982   -.3827690557838611893523701593    .0680162296521828048202798497    .5765370532204306213252176059    .0724468714711824335839575813    .0776297584326279606013682114    .4027170485424402387440214906   -.4725526943405306120057651096    .3854536463502365051232438886 
-270.705128    21            3             2018          4 
   .8601425533394402488009019172    .2376452580536265275329398267   -.5768084304631273922524289972   -.2840545377478035805808599237    .2338231287587577579985850878    .957766119598591423801916305   -1.1192765435902640159812561807   -.0938809699977312583454274276   -.2319048422311379339662896966   -.0310378309494011506128542936   -.0576754497240259150170217684   -.491161733737086798001107685    .2702316004889275684500516739    .2793115910238685984552165558    .1328417391487316043750748601    .2290269876232267014904867262    .5837240733762531458214563265   -.2637859154260276886960190869    .2704606689238631637594984902    .1328606527172990974888366356    .1258495553878092771112928455   -.0042478027974409114259556989    .3377103369833466915336749735   -.4975602087596951617407114652 
 867.570369    22            3             2018          5 
  -.0042453098118661081196976657    .1854651861675096005958682067   -.1359070159760147363907952924   -.0404992969509773563970117564   -.0182405376733192693905847308   -.0600987445665055902802508   -.0362368185029611125411776252   -.0834364134444061447654167175    .3720573126212889366211168976   -.2021196277163311002845003804    .2368857989431863595608807612   -.3012589057199578009100953977    .0668924874265732328163457597    .2734828303016881850191451156   -.1319754616930675740955371425    .8107884099485652212264524677   -.2110908884671693991429990851   -.0274214528873565067550157421   -.0965305789506510912200137624   -.0735491693585030680087692114   -.0125428903393080267820903413    .0099370544546571530038043519    .5020029677846224367766529841   -.0223589355896962405363108938 
-1728.589513   23            3             2018          6 
   .0739047639935554786626777366    .0925522796458154840142200955    .2224820277502169481228363787    .0880521944945989036553873852    .0583220592522477023728189192    .0627111868866232095439074899    .0433198971975945338273031626    .0588113020676413186130442526    .0297413814056848324753200096    .0497797940765362030748360788    .0757478852065672574747362823    .0619532857249261814768397244    .0607959837831088357412706344    .083743016437008778729065447   -.0109413425557441756850459384    .0035608644815375551801117516    .1405620583560719542558048598    .0916624790376129049210539784    .0694982811688502937249972776   -.0792421213769101467411251152   -.0075553275672337137452019241   -.2743758402056208702684637888   -.0616502062511355754129233804    .0665640969904461059865286826 
-2334.852473   24            3             2018          7 
   .1829380249670275420437666342    .0164357279287512397790796095    .0258585845136606196189424084   -.1220744793497708923556473454    .0017234176662261436163979856    .0128132249664409525200866941   -.02006722075240939644583703    .0623692510271932714097435825    .0663617088410364846207565937    .0393866041060145387609677898    .2043944983756581866061222447    .0263878856212428458643776591    .0279272676770957597028444032    .0114773204345403624993826323    .017178130294658663858116915    .2458150596823596400302418593   -.0253222765393965856788417313   -.0132020975014295903225573944   -.0082882367189286652630407968   -.000503578283251988572213316    .1470092453245974312142332943    .0032927082498372478542459072    .0634686352622502501039173793    .0346205942065959385349140215 
-1428.76086    25            3             2018          1 
   .0682317263366243109431203204    .0629824224048242754914212866    .1140954407163701278883017554   -.0760002622132300012753708833   -.0099560748045687645726801335   -.117422729511221353026146027    .0681828518174832980797080346    .1412110351343191190161802165    .0957726403563434681434372439    .0444517986026016978096670425    .0813900375182450056757573832    .0383366674812186554438508345    .0227910708584220315217761494    .2813976861040272337807462055   -.4931042833858144742290882744    .1392277081274468842882496095    .0514172049757858008512355245    .4382921015907448640495373033   -.0157950715419233978735951655   -.0509944610324781713295253623    .0335241196346882010751610315    .1243721080097336932928019879   -.1412440707537299139059562424    .0988403335740874088614101593 
-2820.9827     26            3             2018          2 
   .0449365038644157583809358349   -.0354334076561334459796580816    .0510719899133021978475798522    .0361893038195519596770302774    .0338442770315464891011206839    .0369877489854865114911906408    .0242483940082298271449874542    .0342214399258811477291229046    .0903824401333620372787114221    .0579528190654979911787477463    .0143144656647486707380374931   -.042124682295995647190604891    .1872354623089322738491093901    .1768511377258712008407566626    .0382774414036640494108666459    .0380892800228799701607528469    .0270918995710253735338398211    .0298592472757808830234939052    .0342809794615188529869396221    .073307468351365642901673945    .0523516503663776456339133168    .0329675825378156342468885045    .0019507138416694295927444007   -.0388541553267944535781803979 
-2570.3738     27            3             2018          3 
   .0492127254020407459802150178    .0538687797082276515579173737    .0524487916893644029518196925    .0529016830159099816532521457    .0605148947596649172194332202    .0511461795945788118444095563    .0479716996804122419859710677    .0572947794597034874849720301    .1265484810030354339901846183    .1061884851144996887223173532   -.0464108372097474694147598299    .0069734293121101685677001532    .0252656403516095596679362356   -.0044125099625587531276579305    .0707997801720512401737054743   -.1034570536005307866116593625    .0199516506120627279969940559    .0286963125752371114271395079    .0275852095909163095266532829    .0255732882120102531390570508    .0337862376281613203495927324    .1044350047452242160264783278    .145176238568880526248750279    .0079411095771362126395779478 
-1443.128096   28            3             2018          4 
   .0705261717806649923334317787    .0885077356293117308971025674    .0890301424773868445285954713    .0854240176888635671049952311    .0648652675112216788273242793    .0421325938899882661559656864   -.0321106907477186280212231416    .0583828353377162715845288345    .0083673791907104551306580618    .0690188419697983622376928624    .0740307809792651975365601918    .1458376429530757330636850133    .044499687988889379920990742    .0980434795720310056246039575   -.0472325361753611094548324836    .0144786384922548136710935465    .003546238212799648798466744   -.0692813966252376254754865503   -.0125818560738491782506325759    .1712804987201912254918776108    .0422401934859149190869886577   -.0555516937285101543750971362   -.0236458704494656308042664565    .0701918979200582343869771073 
 19.2218       29            3             2018          5 
  -5.3075674494584274105442778512   -4.0848952751563329136709361246   -4.5627412625248415861157643925   -5.6201448355513011268455607695    2.0635445171628047321270640627   -27.099028186746298473608090814    33.373997232309148987087577646   -23.883762186683869356667949932   -19.931364388350726778969711473   -5.6140996160609308181335775005   -9.051134649200387060525028873   -5.1203321229021215494906824543    2.5350903661467708539262712129    24.267550385499797105369944542    3.7275905482316952626705095256    10.734790706385458177694076517   -3.9915096400961408400878169578   -2.1612455649314840441581953823   -3.8410539075424778116513541916    11.454494376177048975642239541    6.3774464410200917708019020071   -1.7665879366136366001102914399    33.965237386717164885702691735   -5.4642749378310043804430386332 
-515.75754     30            3             2018          6 
   .2560837016556267892855235815   -.1180554723446214669009007605    .0804584844266164291073670004   -.6017647361975551535320259206    .1670536508298065792697863419    .152090631578551425539993075    .3244894878318211305257893079   -.0205335437267674264151329712    .1394688868726960346522515211    .2082257488664150212908181623    .124339258326693585516946587    .0988779921666293041493877142    .2592307230253967784940187205    .2471959983367378400323531867   -.0913780339498284407049095201    .0920023970953483297597549422    .0256515493694963722682561267    .1035292668721818395519724249    .0852238243574684337140277193   -.0755818906690147467354524764   -.1071995961513233524419245524   -.1072015350468749327445605546   -.1217917240725167100804769621   -.120415069452983663602862694 
-84.12916      31            3             2018          7 
  -3.3023936052612435450443104389    1.1256988658866913683674007918    1.3923733459361771827984494318   -.1960805266568690332816825938   -.7302932776221704816736551274    .6187501456094414825965218243   -2.1735757257055698642420773011   -.3045708527221714801383967224   -.3951762979685046183748892774   -1.9633763132782973228307521435    1.0020631372047456553708607099    1.8932888430123395978279112736    2.2691989317378183735579910699   -4.9884118657549891143570196113   -1.8017308148565848036519085654   -1.4109982793124286513736735277   -1.2116262660889517974504916012    7.1556295106239025802706219817    1.1028545869232499171511994177    1.0110651289041754369115298429    1.3295283109922885239790816882    .956328103121438511926185879    .7150231857776780369612628962   -1.093568270502165955300159897 
