-1756.988438   1             7             2019          2 
   .0123644069193356866017122874    .0418915847185557859658493666   -.0065711360133606069865327139    .2041766993118938213525113704    .0514898322853960636023263347   -.0039146825620715894545915048    .0588877523393241589447499825    .0288318516527426346103251933   -.0463000371775924002978555742    .06378351591634093610353058    .0148350094037442948728157766    .0763566208510246326390452889    .014572662771273171007628452    .0157940709226226564389036691    .1126211167474967755024008872    .0468022203342467299719362183    .0996814755362664486697094588   -.1237633073143763055314994623    .1486241425112895364425841486   -.0154344555794965339436115288    .104987543463846060892519089    .0102806538787251825956523454    .080591936143406767256142866    .0094105229393660927437474691 
-1655.44379    2             7             2019          3 
   .0175825541017010308758354157    .0776787474010216921952994852    .0570366088962766896482785441    .049224135843355937805656331    .0542307026927202402927857792    .0523179225553771294161549273   -.0481387048484442954115645328   -.0083675749570452041745253096   -.0032981856786572016437960724    .0129933556970847074185466605    .1936658930594073508228267902    .1482139722786963367690062131    .0668116916249992396298759259   -.0375386167596786841068158527    .1117513026522030083546358285    .0912897199608329800192128541   -.0070131405669775112086409168    .0155677167389658092830805207    .0104785678044677071155644614    .0025979625680917864326882401   -.0275296148835110855681786695    .047569733551629681126171007    .0712015114690182262244011317    .0516737387984644286835012381 
-731.91517     3             7             2019          4 
   .0421278056034827096151047122    .4307440437393858088772774036    .1569852692081788658650154771    .0955287618919006693084391187    .1223493154268137385374865232    .1712985399660455186357183989    .2064061604297667446898251883   -.2849171714804053043469504806    .0397861954412011982208266021   -.0803575911672933353738248109    .4238166015878588771428251719    .0606573026762104138379861699   -.1088924007409219295181434756   -.1075780407721293712220775531   -.0793643886353660356568371168   -.1075753082150216943857031956   -.0845056948334600032951906161   -.0658764867518731713130088559    .0603063876924425545107911891   -.2451976777582024977020219433    .0297599242272844269643980736    .335626190122552043838632283    .13547572733053203419735104   -.1466034649889822614279193038 
-633.3983      4             7             2019          5 
  -.1299036640925622945309452204    .2364006976337006272356588264    .0736162695731895712381924612    .165954344999031415145888456    .1265055810853928720680178649    .1406360105481811365770953285    .1404363573441861148032762323   -.1421554494225829150472933066    .0201040798499143429971315048   -.1251680814425930729526744862    .3078438953814685009416665627   -.2856354366596815937144131899   -.1243088274786970536548645615   -.1035888476492595575327562452   -.1183678579497292619825471587   -.0976510356911283153112346528   -.1198882283075278225407299009    .0599148276842549151142338083    .3082030690641260009696900039   -.0728862391957793382142010801    .1631197936590609731664893954    .0802413110360416186781682237    .3275933958142925233616825306    .1689840342167006131844686037 
-1152.428369   5             7             2019          6 
   .0291902307378897924370690323    .1111833962497672599380447914    .0889019246279939503988381945    .0147688311550060427226431806    .0545870890479614703063596658    .0400190946705165672644075634    .062361099338747708318520229   -.0140612557239121557931727729    .1112693885792393227695698977    .0755143680431212987607388551    .0163386293729810117161390358   -.1003828985053386862606815956   -.0330823164593581781220451716    .1558394472324899874102283575    .0381357585271315027823651224    .0524660635111456545547777989    .0553942368282674582440793767    .0139871079483986566109949694   -.1755264842842479522473470106    .1294404962708792879429714907    .1408333084865251178140686677   -.0342199489884303603081468398   -.0035446550170789834140224988    .1705870883503042261535996603 
-428.6302314   6             7             2019          7 
   .0322680226143283648937693665    .0238017509093503477972365903    .1605256581535653203578491221    .1595197795000887097950972947    .0612324751669394264755540059    .152324813363596079751457307   -.1348807334731546422602612532   -.3535681547822807161893527606   -.0750556951965847736049352304   -.2369237924919730708476574338    .2565892275978180105566860863    .178013575362570657912768026    .3647806163585502056120253398    .461045174892439936283971593    .0091708603640970341505407871    .0315543538677239460809529824   -.0008936761150720830840584522    .1614443987629566905065483442    .0907306278257068360390969847   -.3785222975758587615105862549   -.0678083295829795732882130068    .4812819649379495447319957749    .0992231225993734234771010135   -.4758537430591509136375862265 
 1175.71035    7             7             2019          1 
  -.0504191529827053066259049263   -.1275068302324632933613283238   -.027511002178385177947952912   -.0242379681356041477392794918   -.1563948127189660276444789314    .0375583237827242058386234331    .1100464923184524147465402512   -.0323030242950570265882238767   -.0676348898348985360212232545    .3712154953811540401936582424    .1180767014596749956313644768    .061389269899682349483442074    .0581878011025419653743798377    .0590085814928821541802366544    .0581886516521692609068211401    .0613875688004277584185594692    .035629532392906126921481979    .4641814201941830315604519429   -.123090691512582159372842129    .2723170719727014396020244272   -.0806809432272157849082471716   -.0536311430787353364712660733   -.0847077683716912077877004315    .1209313161188042616108635941 
-741.87246     8             7             2019          2 
   .3969625722459086835491911912    .1065583833641701701664461301    .0698191168870185584190576369    .1584343756337848152497802655    .0793231494265200247492675493    .0496618650596626811028946943    .0862227855176077030814703649    .0750884457956560350009488154    .1808194901856850165323565185   -.06780542844251153358624473   -.1149766362805811662020719842   -.1112037505745933741764723279   -.1200494758896967276558561023   -.1048341921197613940272159449   -.1162760510074737105081377465   -.1048314962385852684166224475   -.1010607672375383768794975891   -.1301942115495162065997166144   -.109903931465524411028817541   -.0784176568570829546631236318    .5924778498988896285488209119    .1261094528296683233126082076    .1416930883241035797446908866    .0963830224941899042862434872 
-1179.226036   9             7             2019          3 
   .0426089727211552170986835301    .0767059132334150736135883621    .0563709738172707713180104853    .0625526131107234135050932678    .0570384539915297460409871751    .0555316605984435709999876563    .1758399099661669953155613671    .0297098850690572778364266035    .0056648817072081675103041907    .3525074814409881296074097197   -.0015544093702490130568996358   -.0707786272113822290131321354   -.0723338845954720762288189505   -.0691445045400948050302376465   -.0635781416888593867511927968   -.0747083233498077208329209583   -.0667700657857591604261356387   -.0524215783173227019895954875    .0649687063049208319888215223    .0487686654164070712563541126    .0682489680036202999846248307    .0775746355722424025583505688    .089695271958869809078740524    .2075025419469283156159893335 
-269.210771    10            7             2019          4 
   .3025680944987152835723649408    .1225624066876581249418137137    .0153534012946309640783280547   -.1402627757416139935946322148    .779370376677833592326809242    .2500382497697315387132114413    .1450801164266937893060749787    .2415915966452917294308406405    .3354151086324848421462304716    .3865937444233982748037967619   -.2267850568282054361041891597   -.3272454503687001438735153728   -.3028667823992822337706539981   -.3551938120633367971744340051   -.3412233457776472101110694416   -.3620063180904451999062102905   -.518051337552166514169672654   -.3524752729897274429632683605    .2840533078076582604490219301    .2883319627653382412399836706   -.139169097361264196966324204    .3295748519660827389406347341    .3037216516125203623446403636    .2810243799643514263402187574 
-1518.70457    11            7             2019          5 
   .0409412938027835130567889185    .0748289708511247845919104596    .0699544875933309399338937921    .0666271781877893473383042497    .0574055887643769979568837407    .0913585187934214223112530701    .1227309798639770999042954088   -.0364221265232644950821475437   -.1426412379861344593175221696   -.1677357170262548166296753818    .082123279578990138944534815   -.0345649845512745115397921006    .1505789898294702570098936359   -.0536075294749392898712354569    .0323874774407243668200721882   -.0085026148304801637621989904    .0097609306594764510387955177    .0730005046340250362188611838    .0297034992131484795624207544    .0310580286197466305115549893    .0474798795133671060198363662    .3464432848845644811617311456    .0107433139547344616208009435    .106348004207296222200740464 
-1249.4979973                12            7             2019          6 
   .01955394890811802984231962    .2263076856553838031509744461    .0832365479774586910416330925    .0872201477997518996103476188    .0211159041927341550929911202   -.0625813808177121757760499613    .1471250857522282801021020892    .0685689454365962592007429382    .0891553249710838892274549466    .1836343079347166873606320745   -.0916696147152760226356867007    .0323016444101666748625848318    .028609929809608987358078417    .0300472270312777715406106958    .0439571092700302001516461334    .0293770298786536518444726282    .067518131427420415922262479   -.0290901946850203246820362071    .0184023104076086861287840817    .0306111254941184690444641499    .1449601363038535219907550947   -.152063789146178889997969587    .0006826960121931201433867236   -.0169802593088157805245007254 
 220.23447     13            7             2019          7 
   .5427542745692806398562404877   -.395973573074187705494058219   -.4153975533439429350001387158   -.2164507672209531959279580531   -.378482895978999109449124835    .62874444677075300701111865    .0096621114760100905185278217   -1.0188137215759186107424509887   -.3413176874628208744979838987   -.3217673418697808749011905357   -.2704526226071695316359877725   -.3020662024432415143732949706    .1896615911214988280444927626    .2421236330534452667650073124    2.2238299027395666082607323004    1.8799232472555272569275826804   -.2806423989850453473518473289   -.3549994240229515388758172143   -.2410694384035341969856035706   -.3232328254518922492014987481   -.3459137436569307247861790209    .3664795524515304075697142232    .0573430217349718234389012764    .0660584149247844808308163568 
-599.88431     14            7             2019          1 
  -.0379744387713690994851990711    .3468605471611684592984270584    .176335333724597664506344565    .2102268685773761944198873946   -.1241405530343008971179792984    .0484110344542933619984159946    .0372378134043879227313013071   -.3473854817106318383289604624   -.0408444588257359156468019642   -.1173777823927416938109283105   -.2509617229362108170490406725   -.1594024021064995015455563424   -.1531278589366673050675387726   -.1359178738980521094142302205   -.213932916498516188896489058    .1871925938519712242515561042    .0985374663324666717820974514    .0495562719418349181361319485    .6038144254848072289138550732    .0796808971383165530700411218    .2017577355873835073299383343    .1933242761425115452677867171    .1507126599127088354752935612    .1974175653969012791816475413 
 621.709289    15            7             2019          2 
  -.1944991045485247687846594166   -.0748904042834721100652559174   -.0828117914770290652678345297   -.1031061480569256863717215588    .0294794372937220180411362649   -.1413748218904285986951049078   -.1600073084962383439633632368    .0447316141033241020145027944   -.0771884397564470039629727971    .5917217363628613887414508294    .1115907406041668455753119687    .1205933405315422269651821142    .1387497364543961317586168477    .1145422808697973306298790076   -.0875329369576139628822563724    .3275532529480993487295313678    .7386053387405636784686998621    .2165240288053666188667803546    .0208778929793342688820594411   -.0205276167266659578573547741   -.3112708840353196009590263658    .0149152492395847088589985665   -.0983451447192387051498598407   -.1183300479848548635727397021 
-74.330659     16            7             2019          3 
   1.2475596375379908847572574326    2.991647094101506620572272876    .2512659009252157982347499435    1.4176519005434890601467693163    .9793260409543792689904713478    1.5738700769490016226009781509    .5679528550930780796656195393    .2347053051150804407640190571    .0154438157207781515834536056   -4.6362134365040406812483661688   -1.3200071319157818848343588613   -1.1099323093583766020425030807   -1.0462842795460753280823193025   -1.1605305423163273717242302399   -1.059253356007512324086888561   -1.0086551230495615544051614018   -1.0086820298471993904964571887   -.424508008196187255651803114    .17931510603181925240296874   -1.886136916934908380134232363    1.8417030313157858589683699697    .918286490639078014900957625    1.1243835467676937991361007576    2.3170923319810739199823319204 
-888.307974    17            7             2019          4 
  -.0252449495629541652634089717    .0701089282352879115323578081    .2781726689757262046147071961    .0548708234380883763180088261    .0852585389490154458525664434    .089438823387169099080945546   -.0846385062395038232539833083    .0201247208437194553428606282    .0084507132883172790251233296    .0437124073367825019659229131    .0511917052767557392206860906   -.1076473506923624666235406325   -.1150299254208878687832199962   -.1107971591843438748642821482   -.0652058201607452867466885983    .1247169937033572097597763994    .1735200003957186136888150911    .1817222232882939312666802651   -.0658841209501514617721983885    .2552544912762428945617007374   -.079724399727160391335178986    .0492476385222677287370607347   -.0020206077762845794289807872    .1704021627976515271042698081 
-147.38236     18            7             2019          5 
   1.0056020272711062572210134239    .7042029995991379158265616048    .8018971876960037822708226412    1.4064878591983463964072769631   -.1299997503093314559490023094    .8086259441089150696189150452    .5675308768294930275237823577    .469077778371848571294420852   -.429964210099499017385798409    2.2717467680664090329398986419    .1694578645639817410984598157    1.5553089257086126182264960339   -2.8013325339613234582483276832   -.8542134893212457718820624124    .9589003731518480230605616574   -.4831650137777682485203792367   -5.4985277749657421688728556118    .9007048061925457022129378306   -.7036730854357332858559192566   -.4682851462006715050566431424    .470015339691941423654771168   -1.3117621403266985275578434217    1.2397962686986420898674712496    .3515681252491817881054421981 
-1042.625531   19            7             2019          6 
   .0168861777086101299393559546    .2161975640322201164283593589    .0831537665463133570628053228    .0462446185772521620708326967    .0372252633817385390690188269    .0509184442750807720245630547    .2201431800541627059005904969    .1025936895074939422330336164    .063049309695064430567833467    .28904644192911098011468127   -.1291937478941324716131471751    .0358783752054504408639883958    .0574304179397655667037372788    .0736937258061446799541301468   -.0302576131717610893608551007    .0640510403921808433060517487   -.0512926246384043323412535924   -.0028131912300160238450941981    .005404400556540754803365735   -.0601939700630638019547979015    .101273464787234334471711685   -.0826287841976890934200612818    .0170196484474923144769989332   -.1238295976467892574558487385 
-1048.46804    20            7             2019          7 
   .1182924946381770492498750844    .0615853869994930889834276684    .0564434944531070303296989387    .0486498472571467223741030771    .0662918442416232353634737402    .086067726012897827577080938    .0564355781412278432445112967    .0225547647594484615859153895    .0749968878402817123543412921    .1300716805826527625963686981   -.0687861882752286850822844347    .017778453218278355914406318   -.1109694292636712130967768936    .0933761032906639672106743473    .0126679874762801544241634681    .0506549632166184102283174984    .0306229458362889153969824393    .0678703663680582957969801349   -.1421637992894852569850388573   -.0446927213918699896660655484    .1430369780274847481283263532    .0701842471039937469147843553    .0916520450160788878218929783    .0673783437404539293348417182 
-1059.141662   21            7             2019          1 
   .1045579679972970414603518826    .0525424520596377031196417992    .1157371146825871910607553836   -.0474205687510760954279220866    .1689946741043220335524862018    .0593064764173161191349679907    .0724689460851366264166464259   -.0914475971203935135166083194   -.0901664276142882952705527696    .422008515042249371925849141   -.0360650528352079875033751623   -.0743403860172200458676697773   -.0707856207435261856406891111   -.0743413301779833111691908877   -.0690559182252241532540148534   -.0630208898344705091961532149   -.0093301570078356524889491128    .0836061720325377966295126251    .0243766824838583301805759766    .1750284278780452694532943413   -.0210605916095103055251168092    .2011735612379300399949709466    .0761653732397508124838544969    .091068176676067719447334893 
-888.43948     22            7             2019          2 
   .0573265271822454355585368629    .0169879551052819039514092733    .1173285320458744134153065778    .0449892321309269146841605913    .0331674702254339260114825154   -.2355918492050803505490323325    .231710099150478994922647967    .0655231800369789960257056564    .0764172366585960362770011076    .525760066403172447942092803   -.0326921536625094598452558637   -.0854757152394893572266734477   -.0886239319306251451139924579   -.078087479858504261877241205   -.084388415517059192371775284   -.077001305705144935702317056   -.0886239319306251451139924579    .0716728617237946247053316451    .1527151855070645892503561413    .1460590202497529713560230349   -.0679155658413559019236740808    .0378994751561468204902375568    .1647046346927311244655629216    .0961388726219145506680995311 
-87.43309      23            7             2019          3 
   1.0706289804008985614027824019    .7800719384388679389004780684    1.0812956513374970506017801727    .5180635843935059369398931228    .2712621731657888334954191828   -2.0354959432407112684682652758    4.2700343771448544252524987965    .5568041802022552331159747414    .5349012599234454598367734687   -2.9002200425491081237092272502   -2.5470105197014082425772667991   -1.1367206626232699770761847717   -1.1256722140324675703443627579   -.9755917353487106540555755264   -1.1686879647053535452081128552   -1.0075933493829395712767328708   -1.0075933493829395712767328708   -1.3621501882182134933124289671    1.6491570868649386633824791049    .2022919469047702648962766843    1.020814087664064028847659393    .6733441537980643255316722765    2.3754770648046408973993713364    1.2625894841415303977018311946 
 93.400325     24            7             2019          4 
  -1.0630065794738936936247277512   -2.1931433322100324597371583022    .3642126512943075947540867765   -.4911548219987457217092124679    .0314976955379973249557750468   -1.4090111570810915272511096723   -1.0640207087073840481818451917   -.9063126921667563790597088393   -1.6510745546120958358549608901    2.0109244801878366054936104344    .0299677758080606250567115264    .9132516401843355470122828802    .9938295182591709397156808609    .8027059863014395292521733731    .9432087093915358431568626769    .8729734077477781795727156196    1.6977028720189142810798570562    4.4351205416041111205983490957    .1133184493737039994239848737   -.3791433273920620725891478429   -.5039368974358493934576780113   -.7660761351740478419106143367   -.9797167194011369874783626288   -.8021168020560956292175642858 
-413.60838     25            7             2019          5 
   .2397310953902819860661430506    .1767953057430799637086656707    .1866363055796886900599064265    .1994132710754071278729894206    .186291583357184397472797819    .1720200398260789590384991716    .2100475817245288888972704083    .1562090690715695847361699973    .2037966203682817064779973752   -.8519077877484010357817218307    .2062264792604057006775346283   -.2062288970063904411221068587   -.1994640437410866772090062585   -.2062288970063904411221068587   -.2311897065528507908858132903   -.178932544838670821901625881    .1110446553331438787579690721   -.1382394621695043993064163739   -.1773655069561211501565804832    .4049405381970258919802350233    .1751767940485151678986774881    .3201895957717297700786429907    .6981217353478186297869496745   -.4570838240753245860250703818 
 42.6797212    26            7             2019          6 
  -5.1517909165723416206383278811    3.3535340900961649205899686149   -.3076374360196148610267866511    1.35807822474716634278295145   -4.3478939126715757459071686719    3.1724996366658552586796185538   -6.0372465600829651155265747144    1.8448105513866383925675690684    1.8448339817177624862272999103    5.4506916507224044378246781987    6.5723226889307796134338384572    3.4434807882484480709306976448   -4.5320750595718511863193708023   -1.0264727315041598725345000614   -1.2494270932585192238790913189   -1.5746028350344519120242050691   -.2154606623812716002465358185   -.7805685947170620224201464559   -2.6456264667445859510441225656    2.7196124233351365003762020826    .0192888373413273374428697065    1.8328285143530881359178138211   -1.8006460173409005305311132164   -.9425331016454718546755642818 
-1139.54149    27            7             2019          7 
   .0706895805961395929515475562    .0735908790824281439721865678    .0498804304176761479742172442    .0958063404957725584875369479    .0669497255426829610214543395    .1647121246985048346067680256   -.0333167509328686224491922624   -.0292563897783133811126087212   -.0688770708998054998418706106    .1633910670510118942663509338   -.1603796804274322648840104979    .253911597374133345508990638    .0280180496104621868572771317    .0591229460192800878184786409    .0468977132197266463724809177    .0217034045859971276693049588    .0357441395135160897037632215    .0347080561322958060965380032    .038055841213820130410521516    .0593748982320950858928357229    .041089543830475185243145469    .0807577967169936041556503572   -.0863242987317644748503189647   -.0062499435628271858710471349 
-751.7599918   28            7             2019          1 
   .0012996844879448398440295929   -.0095764859510045557069242269   -.0666034645979413771723945046   -.0804752190325327179775038409    .3069846793089208927492169317    .1877910523835886846140087446   -.0150869960143042557695207211    .0641418012742933521991133979    .0650654072224331425241456964    .3021288742117920194432991373    .0536527621048641178832150775   -.1147493893542420356294358468   -.1121807503989067698082307019   -.1097424721984253911182933478   -.1047342248308245232690766878   -.109743802410209614456367509   -.0872805160100301043980084815    .2934565584845479668688056405    .0397946423410610662933658928    .1490246903559679431187308896    .2480338166886736416504254836    .300683732129411784959530484   -.3352302633139408310821469816    .1333458831188627242400158811 
-1500.763787   29            7             2019          2 
   .0400134788167033510650667106    .0404767829062762426582991638    .0405073673329512447784029586    .0482680623209893590003048228   -.0772288757257973469478444978    .0523099508930248461545534347    .098060734990269324775491801    .0220014903651189979039652827    .006164179253347082527918166   -.3698949860122124601877803705   -.1563150723865380688320140017   -.0455854549480810466810657392   -.0480928448735283882486165026   -.0487338518116842061035152096   -.0499578952060628312588675222   -.040570008769807823194763694    .249833453637297819473571826    .7473501224613437450966425804    .0494399922510923432882645908    .0761418958731844720344388214    .0731622797345655835710806633    .0594052980037690634922016545    .0900742682965603833563182852    .1431696325972183122779467759 
-648.44306     30            7             2019          3 
   .0302075713478990738215318397    .0558135204654669293553700767    .3572725414009365756802146976   -.366243105447068860602810677    .1186179554454634767777451423    .2360318267574642559980517025    .0097604591527280745359507742    .0084788431539386048792009587   -.0303882965452664417443221615    .2189782091275678083438814196   -.0112005809731389522466321098   -.3859136066627037383976320141   -.1171082006799486758328479913   -.1315443178619260725837670311   -.1257365604313815927029892185   -.2445241683980702947148512932    .2686602891547640281630896011    .3864311540322445582191904406    .1456576310647846242660072574    .1340809322564112259910685142   -.030410133466460416740368846    .223478527166286581893559012    .1566567772349973180374542061    .0929427327050119096039056999 
-311.92259     31            7             2019          4 
   .2522457575131060562173454638    .1649548049726055429329437153    .6659084871025211736027198287   -.5319486479001088058418596742    2.3527455962711774097541316261   -1.2604101549682567075375977097   -.1113040899025620427170728481    1.0836412970282145964484329269    .2017102063688301639198366492   -.3774850035709180280915210405   -.1772523112224734989536987366   -.324503589175763127640098141   -.3096537509514780574244398266   -.3034663183580259448345821955   -.2914024277626061004430618507   -.3275940995488656336176228852   -.4027601848266263754734788526    .0578929214456702222176341893    .1204913693490426583082680866    .2328458480676247270196108592    .2501418701351511604209236657   -.1995828195707146442968430084   -.2149862887455506188250103976    .449771528250005874855040156 
