 46151.5451    1             4             2019          2 
   6.61783034655377E-02    .134392465267105    .200741962977367    .26290065604705    .320812703475988    .37611408363769    .426796424918068    .473076320146863    .512746875442638    .54418859600109    .568479706151268    .587619521066154    .604393192623577    .62117431246901    .639781320872289    .657839568192485    .676223297234744    .697051207379295    .72184439985304    .756958507278665    .803256726988757    .861731797279524    .928475736855666    .999999869180978 
 34796.0732    2             4             2019          3 
   9.31284088023904E-02    .182243352314357    .261604647191195    .328077047750032    .379917403698947    .415921348489978    .436865308859765    .449679451230793    .457723782302395    .465664440127471    .474059980459232    .484799507222125    .498320193713698    .514810694932094    .533338737487194    .554389177634274    .572507410566805    .594422879626831    .622897940786893    .664714014338836    .725601250279874    .806808947715543    .899911452238956    .999999917016498 
 36586.6769    3             4             2019          4 
   .092223218919378    .176040671353306    .25172377238024    .316838647955685    .371123798986989    .412596668915427    .442149135936557    .460425458864235    .470457927473047    .474147688478644    .476591371741936    .478980550447997    .485235976022736    .492429349756687    .503273781456085    .513609788666677    .528676641971138    .550270856417955    .58687229479565    .639769901799964    .713751750640682    .801906492633661    .899827533086231    .999999969421929 
 44561.3423    4             4             2019          5 
   7.86864542776015E-02    .152782216887181    .221821922478029    .281742855931654    .332857306216626    .373035199587109    .400676126302977    .417257859678522    .427285688566994    .431361223969458    .43474214104576    .440811723693857    .449474027976599    .463692577588153    .485653088498301    .515966113034369    .554016452885779    .600669400518148    .654454502232308    .714670126897187    .780726366129909    .852426247772613    .925723558713356    1.00000003253941 
 54146.147     5             4             2019          6 
   5.89023797771335E-02    .114454307628297    .166061327589708    .214379289074807    .26101852567529    .303453825971218    .342427989382144    .37381472319951    .401793759847307    .426529584713572    .455095069483891    .491164659013041    .535266546181947    .587136724728539    .640565907325779    .695461607014254    .745694795236307    .796048822504397    .84052220857931    .882691139939283    .918837236816684    .949632941449186    .975378656098097    .999999882263091 
 31321.7047    6             4             2019          7 
   .039475183919697    7.87888478301957E-02    .116222602630645    .14838068928006    .173570889096994    .195586778778519    .216557519731477    .240921162999072    .272173172438312    .31044579148497    .353961567344066    .404970930040487    .457172463491028    .514360243248111    .565413318144686    .612498216971249    .644721778385517    .669453592491567    .687994549331633    .715673351425218    .755810941202539    .819632249992926    .903045603848471    1.0000000120723 
 35983.29849   7             4             2019          1 
   .0901255342364251388005535787    .1802020735203589169348549069    .261667840223615920097935413    .3322866580261636264463536122    .3908449361280331029485896361    .4345860623184909138661901476    .4633218937567165760961898966    .4812871728480609338379751189    .4910375296725611549126217973    .4940658790616613090825070717    .4952125221358493641531638252    .499487561013754078441072899    .5036708906782603297688955141    .5159718752620668934122498229    .5299150105791204801803037818    .5490636164300122781767803411    .5704799410122115239135766066    .5989028494980533398009783177    .6363774573463234498489135035    .686941193200212368857794504    .7526130492880226222974035085    .8281911678631104838438061713    .9134332142767381968267134256    1.000000041963912797478505979 
 45986.14619   8             4             2019          2 
   .0674210878030525392891158467    .1321968136856392662200598288    .1955810335321338654666682779    .2503036447638449087442436976    .2975411321372133445131380338    .3334273747717149159091124091    .3564884505056630404279589405    .3692266346879109940915011909    .376867849034252809171961622    .3773071117616955499005688696    .3786718706119087384217268327    .3844479580209850152698781737    .3979294095311534084435093212    .4241686163351884912537394776    .4643248406113067245046306412    .5155646203107066667636321016    .570267399482644057588510006    .6262697004660655170243566783    .6807467594840001529599799674    .7349217710126189637114272828    .7931538739798017416775406463    .8586307675546490494031980983    .9283922123764291890970479255    1.0000000828510391859822859403 
 43432.325     9             4             2019          3 
   7.76483638536361E-02    .154158934780287    .226202938278114    .295029708215597    .354083348886745    .399098581456899    .429454131369896    .448774688552823    .457606900865312    .464019085655097    .473042058104189    .483845278617366    .49821511109525    .513730628627411    .529049495033365    .545929203867741    .566480483214403    .596330397348058    .639297701582289    .696152721504087    .764725369439697    .842312850365482    .921789585147698    .999999982012246 
 39781.400107                10            4             2019          4 
   .0823827716265652650725594533    .1589565722420942141326328155    .2308467770188931223883130283    .2942985910126353210708527263    .3505050089362356288069999477    .3941819533204595865080370285    .4256697842321620930173059784    .4439464159757508154714178673    .4522565810054082016324544241    .453830180723659063345394587    .4539732123913403317662672631    .4565163606899895279243847756    .4623002194627106265111324127    .4750534156457360607194880397    .4892366771318172700532297029    .5090964607964193993872293148    .5337562263492004751123778742    .5674827919399352778541460398    .6126810503009730079332524283    .6730793769947891894593341795    .7460667528083691737722779592    .8276940960206712615892898442    .9142011066020924752164605859    1.0000002486840577101561489795 
 47261.9687    11            4             2019          5 
   6.97339532539537E-02    .13610383429182    .200222554617684    .256973659556579    .305896225023314    .342910410622611    .368883824791878    .382299408028045    .390599016998312    .395065147606198    .400011935230705    .410729003934299    .43019344351815    .458503608698065    .496401127091644    .543146272054786    .589712477555976    .638974924686644    .68776163253648    .739151475639863    .795554516463678    .860325064072077    .928415289966539    1.00000000105793 
 60888.592     12            4             2019          6 
   5.43896302908844E-02    .105874790051497    .154680315182235    .200849662035213    .244541603874048    .284980197419412    .321117181472598    .351857590683818    .378932397652585    .405380291208737    .436226811224753    .47170239906147    .513796343615566    .560008689723027    .606542640101614    .652795339108843    .697943433619717    .741816722929806    .78597799978689    .831941299857944    .877397333826507    .922930480967601    .96484213177815    1.00000002874102 
 30626.9       13            4             2019          7 
   5.27335786527224E-02    .085248816642294    .102031273531703    .110923084759129    .122245126271758    .137027882606875    .159988033395479    .186517063533201    .221558830839883    .261351754273816    .30877516731615    .36267992251093    .421640295173524    .483095602334059    .538586419842524    .591242846872357    .629941849015898    .660860721600129    .684687495918621    .715957941078758    .756098307880491    .818366000864436    .902465183792679    1.00000001275431 
 41298.9441    14            4             2019          1 
   7.53594596933351E-02    .147566776429552    .21774741406161    .274414126531506    .326436468028549    .366181638989228    .396086638954469    .415389942514898    .431961898815229    .441752318236025    .451670379767046    .461267467973836    .471069332148494    .486838642322577    .510571798659496    .543944086121321    .585282584364548    .63108675935555    .680080899377643    .729555955523812    .787745766104829    .851114185931451    .923466217323944    1.0000000293591 
 47877.4938    15            4             2019          2 
   6.81206713765869E-02    .1320704907399    .195538668049235    .251349484764332    .302142836826497    .341946654445079    .371772695459573    .389516018928501    .40033680808236    .404569004403484    .4091406494266    .416036749087313    .430136822384696    .454276149175231    .488962331934446    .534124511102751    .582325900431739    .635142951746881    .686412923074725    .739925801395018    .797206923375968    .860810659877314    .928532491267327    1.00000004790873 
 45094.1748    16            4             2019          3 
   7.52102885456837E-02    .146436272109419    .215794051685363    .275990036938208    .329524507502186    .370076252135453    .398842006792305    .414562795980025    .426046705468818    .430397019650086    .436854859022722    .445949844377128    .458176686922653    .474203043224887    .49434886002726    .520230069785532    .549945746193697    .591141953744101    .638967473410779    .699383570935198    .766367953777258    .842517444320768    .919785080949081    1.00000010838429 
 44724.416     17            4             2019          4 
   7.73826329315569E-02    .151946418791695    .22197672289058    .283299491196822    .33629183787861    .37932222175355    .412435339289841    .434590725706737    .452005142238749    .462564600969301    .47090216267441    .479642975173225    .490601536026764    .503793741194407    .520881329814346    .544033183267278    .57231903856777    .607356134901795    .652774340795752    .707685360343777    .771088184807153    .843902159616796    .921365440523583    .999999956679144 
 54034.4984    18            4             2019          5 
   6.36890163624499E-02    .125228030044274    .181774442460865    .232089972253263    .274475328871564    .30818296110527    .330288015880333    .343746467881527    .350750384568204    .353582921040866    .358252608485397    .370403193772407    .391726521398596    .425688476109737    .47036410856874    .521968474264582    .577354314466071    .634903486144881    .692799441486071    .752357312527583    .815072237836301    .878333833575477    .940019251663859    1.00000010190249 
 59688.96      19            4             2019          6 
   5.07252276465258E-02    9.87530981702898E-02    .145626084476091    .191737243866998    .234924620063744    .276132479890335    .31595964704989    .351798855475116    .388532151977937    .42287473470806    .461181454765672    .498919406013273    .543737943226855    .591990820517731    .646044472147781    .701497304212538    .756829393157462    .808892190343909    .852386218071148    .891287753422073    .92098467099276    .948981630145675    .973370824144029    1.00000008114985 
 32008.4276    20            4             2019          7 
   .047024240486912    9.55480555245433E-02    .141482209106548    .179678204401237    .213383805149023    .239509843841681    .267168132805671    .291776611571979    .323821944005772    .357239321100312    .400728081414721    .446987504862626    .500176133691116    .557432599895191    .612678914345514    .664036177342557    .706995871670841    .737274396466292    .757132813964751    .777436121620045    .807639226825063    .851763958564463    .91709520247177    1.00000000419811 
 38596.3717    21            4             2019          1 
   7.67497521765919E-02    .155506326530396    .235303752496248    .304944315287154    .365728850119479    .413335231569837    .445388924585753    .463871120494469    .474949315313491    .479256968035806    .482819226049168    .489476769749059    .497669786066316    .509685872639293    .52456547926628    .540981266964532    .561760877658482    .589726994095277    .627759380164742    .680104812157771    .747717779891082    .825752914133377    .911659122999896    .999999883084865 
 39111.0751    22            4             2019          2 
   8.43298214645281E-02    .165869113015957    .243808918110001    .312317276420893    .371216733617098    .416014426675144    .446517495421009    .463027365025693    .472453343608675    .476142106548741    .479235060390861    .482779502796767    .489618348537803    .498794837366923    .513006065384278    .533520505215542    .559794682683116    .593996951390375    .63722165050188    .690300995139354    .754770176258208    .830206569401489    .912911174359408    1.00000007734382 
 42292.3302    23            4             2019          3 
   7.95423654008517E-02    .155676994858367    .228053641789522    .290725387875708    .346437344758199    .390651829628319    .422874907809525    .442018911637671    .455659553534721    .459435679634176    .462703762596179    .466114038524295    .472622541704973    .48305093412363    .502611957271037    .530073533802945    .564908639968365    .608483972304865    .658018432204996    .715696776031509    .778076677866523    .84959664565846    .922937366903468    .99999995093673 
 47448.5547    24            4             2019          4 
   6.57564411693898E-02    .131441834995582    .191709256603289    .247210465546066    .293796797111662    .329570575116748    .352436191078018    .36473627265985    .370721290971693    .373791680529312    .376733065235494    .383732051800516    .398637422168941    .422894409376499    .460256297200766    .510595398006401    .566141536366965    .625114453565221    .683556285698624    .739601607796707    .797695200924634    .86122725001042    .928036038787921    .999999999736557 
 54217.993     25            4             2019          5 
   6.20840035218451E-02    .121357097841117    .177309788272225    .228743107246703    .278268906793083    .324372288238796    .367735789931859    .405273597894891    .437390724987275    .461596322310842    .484935769212722    .510092568577741    .543061148480266    .585413432884725    .634720029082412    .68882827733498    .740077840141556    .787738952269959    .829256534818616    .866124412678832    .898975231571187    .931575110360503    .964470526417309    1.00000005706132 
 39787.6949    26            4             2019          6 
   5.29732644057057E-02    .109717741291542    .169360670932585    .2251888709881    .27496951878739    .313609787604836    .339712245745103    .355357933713194    .37259770258612    .390380613041307    .417637661229528    .449401613785749    .486301321108954    .523665456333083    .567638300937358    .610674828262041    .658708238508057    .708048143689395    .758466919646179    .809367648158853    .862466125487958    .913638608874273    .960238089999278    1.00000010854487 
 37357.9586    27            4             2019          7 
   3.36380806528883E-02    5.86175964185146E-02    8.08178316516571E-02    .101969087079446    .122511519498217    .142544731439936    .166094793047491    .193434586895829    .226883314254155    .266541107003234    .312677240303958    .364726265073207    .417739488882297    .474202420016601    .525401140695627    .568860546625265    .603627862243522    .633481723071854    .66261598321783    .703291458841249    .75766611548737    .827642210554299    .911080233817969    .999999958007609 
 58519.61      28            4             2019          1 
   5.71039674443639E-02    .11156241244922    .163245007608347    .207643486009433    .247580636057298    .28186324795654    .312950483340115    .342055110084038    .375216570030969    .410995608726288    .449910081423988    .489530714308844    .527987741523739    .559493105975501    .587228833954122    .612205103660978    .637793013957202    .667852248588123    .706632918648979    .75377810585631    .808913736886661    .870328713315075    .934349119786513    1.00000005607095 
 49282.7298    29            4             2019          2 
   7.66926875872854E-02    .150556611827791    .221663445426678    .286601650843416    .347129953802803    .399196082199367    .444072033348486    .478537746997428    .505623886739833    .521521316796559    .533163920589074    .539173132981059    .546202606430093    .554627607093307    .566289273407903    .580927229552532    .60198481696371    .629722213307673    .667846306324127    .719057435029705    .780955861717506    .851553615009979    .926769492154836    1.00000009283171 
 51131.0866    30            4             2019          3 
   6.47155628955722E-02    .124178962264367    .176959601690726    .225403654712523    .272476423863052    .321357600118946    .370584930151866    .422110580694172    .47360124151459    .523038242490137    .569972867176462    .613917207584828    .652680624456942    .684656340869744    .709137151898509    .725999905945672    .736255867091234    .74872603589946    .764175220461675    .790299937245026    .828306262099855    .877670571546195    .935657631931687    .999999987043107 
