 46625.0987    1             12            2019          1 
   6.24351476573925E-02    .123287670481382    .181644345706768    .233210988389018    .28004584232789    .319784343158935    .35669922815091    .393464272642387    .4378731514889    .489301326803411    .550514250171443    .611832317418773    .674326404294561    .727021165399699    .770245269609477    .801716047493321    .825237529202271    .836568855751291    .845071183597301    .854871347167786    .87153543722686    .900665988831462    .944391683802484    .999999977613988 
 42118.853     2             12            2019          2 
   6.70830688115486E-02    .137338962443077    .203866404923824    .261760957475801    .311318657362892    .3538905223897    .390625157663956    .423021298205818    .455660148496921    .489302158896041    .525786293966742    .568572164628391    .61714935700825    .667732869604141    .716360328963018    .757118826633289    .785593029889727    .802944782975215    .812758715052141    .825412824187069    .847310029133509    .883133413111938    .935068755018091    .999999780383383 
 38611.4985    3             12            2019          3 
   7.70514772444502E-02    .154023904304051    .227580866390099    .28842391320781    .34007940888224    .379257874276752    .409434356023181    .43442051214679    .463879434208569    .495534411125613    .534085862239975    .578812459357152    .624453463891721    .667287105630593    .708991003758246    .742644555497503    .768722542505699    .787641675979631    .79991867173324    .813564218279433    .835476105000172    .873999077308538    .929415292895198    1.00000003884853 
 40655.2417    4             12            2019          4 
   7.35944942894043E-02    .150636542373883    .225491036205671    .290734847797314    .348681975736477    .397631474687248    .440289311067483    .4754733600563    .511398491990149    .542589023413062    .570625892841513    .599527166874524    .630131740260322    .660165008163019    .694995426167888    .728372695143761    .755252108887352    .774296057361159    .790101503150699    .805598476647355    .830910499481793    .872500693127105    .929662852520933    .999999915908752 
 41683.0871    5             12            2019          5 
   7.39457200297402E-02    .150340666249202    .220717072208227    .280610992026908    .333783201432134    .3797515935426    .41955429830376    .45889321708852    .498018516933454    .535477082997171    .578141878585811    .624582186281376    .670367814479845    .718240713854781    .757857445031345    .786465842611499    .804133380004621    .811354159364794    .814240615590106    .824267632788887    .845565520745703    .881884676465098    .935001431161993    .999999972110991 
 53691.599     6             12            2019          6 
   5.45110583998788E-02    .109741466709135    .161689106701544    .209929384593994    .25311316918034    .292036256075881    .327928760908201    .361856612917227    .397200974937439    .438772087975998    .485539690180395    .537474607410183    .592761349638702    .645162689348291    .694196271049778    .738933178470807    .777009796960973    .811993229029182    .842793482226149    .872166894419553    .903528367864403    .936691944697903    .969194556279652    .999999974972807 
 38296.524     7             12            2019          7 
   3.25501854936218E-02    5.39284318434488E-02    6.91366368157525E-02    8.43166770052355E-02    .104927324648071    .133730621837898    .166122774084862    .20109176808465    .235227829113812    .274160101482056    .31609138134508    .366667961782576    .421030659132079    .476218256942849    .523750465332702    .56322731633555    .59385509602647    .62194628576147    .655701848097232    .700482093280189    .759470037019548    .832147008710895    .915242272542803    .999999985311983 
 38189.8037    8             12            2019          1 
   8.61528620182951E-02    .164675315383986    .241761806633743    .307597365519124    .366274983669594    .411380486856561    .447125287347968    .468713489927548    .491220980339839    .516683028603784    .549451561219337    .593548123635027    .646543596841662    .69516469195677    .740363530347892    .774896584176472    .796849228764169    .807534549791362    .814807228899163    .823393914253741    .841778238915771    .877176420587362    .930336163753311    .999999923572532 
 39756.8098    9             12            2019          2 
   7.18773715650187E-02    .147679299270637    .220669030634533    .283064910618155    .336879860885807    .378978436866745    .41481479458709    .4431527071527    .475448668057491    .508760227379964    .546799209917995    .588194339193433    .635449313641861    .681218005764134    .726681915194815    .767101189636951    .798611809454088    .818693176590089    .830247113099603    .840994485742163    .858171279722499    .889373972732591    .93723045576836    1.00000006791289 
 50957.1899    10            12            2019          3 
   5.47188551266026E-02    .11348220705161    .172127367508643    .223305054089629    .269451039203351    .308744650097454    .342728407841422    .374741991573695    .412143139981116    .455056881421065    .506247983061856    .565410658197422    .629416131593826    .690801835454039    .748530364038972    .794935815573692    .828867637871844    .84746397706087    .858910242688834    .867060389793983    .882098825150286    .908268080585425    .948406476124187    1.00000010621661 
 45508.3358    11            12            2019          4 
   6.42792769390147E-02    .131721596904945    .196904216460603    .256340786210974    .312866144802531    .366392439168255    .415380631211744    .459493814935878    .500002791178204    .536604816638889    .572145395077818    .610995635029352    .65325150105522    .696200363404082    .736959508443506    .7712223762531    .795150083938029    .809880644163217    .820025849390652    .832943554925601    .852971994143983    .887859747471803    .937236690409804    1.00000000302142 
 40326.8642    12            12            2019          5 
   7.67956314826265E-02    .15718824920901    .233319673322132    .298373479703264    .35451280262048    .396255777549088    .428234959237793    .455254837295284    .486403234583759    .522013850028662    .566109717191946    .613629122227907    .660169612506097    .700327493322677    .733303146497813    .75842258738035    .77605579072957    .788113800406157    .797895731562981    .812258152686962    .834593604943625    .875128483210951    .92987351127837    .99999997721742 
 50918.765     13            12            2019          6 
   .058542266340194    .120405788759802    .177407045442874    .231937608119521    .281539517528557    .328169474947006    .368788364110461    .40469217549267    .434496964490891    .463159653972853    .493613301255441    .531245010434758    .577213873473267    .627434492040901    .680580304603814    .731417484300729    .774371779981309    .81305533308791    .847145478930999    .880235947273073    .91154171011414    .946656389226054    .974166584264171    1.00000008898979 
 33659.4627    14            12            2019          7 
   2.67018963548399E-02    5.12819149695329E-02    6.85665311483493E-02    8.91369474478421E-02    .107674392765374    .125878144889587    .140039832761316    .155265065234538    .173221597456976    .204113945130094    .244635973636249    .296871644331462    .351653207102813    .407786660326355    .452518056636641    .49241109748166    .527152500324225    .564222313681644    .607859048931729    .667011074273625    .737316631041321    .817695738760263    .906980275415983    .99999994763731 
 38241.1335    15            12            2019          1 
   8.13778685088859E-02    .161087330462498    .236331028374198    .301994891263487    .356081698609627    .396479875361174    .424459374803508    .443162878036813    .464425925767211    .491808192201599    .532933993706018    .583998322447738    .64338540355701    .696891372626938    .744155852002922    .778124663606663    .801893500522154    .815167512947805    .825234388972806    .837017349067333    .856264764124996    .889495914948494    .937514909501833    .999999982021976 
 42477.9709    16            12            2019          2 
   6.13050242734023E-02    .126915025817241    .192288582423643    .25108386717043    .305772416188434    .35640645093908    .401236696151251    .442950183385525    .488933530882828    .533805134848732    .580292236104668    .627219225294963    .673244230414146    .711706032196561    .748907438028661    .778851313669976    .801928164840849    .817300011233587    .82944923135441    .843372256924353    .862026043421486    .895341013834773    .940767041205351    .99999994938553 
 45450.4626    17            12            2019          3 
   5.95735629782952E-02    .125132394038878    .188192120740098    .245422054261721    .297542351087093    .343788141732247    .384704469295105    .420872753187885    .458552942415486    .496938827843196    .539200412959603    .585090089586349    .635650545130535    .683031801047609    .728289651390699    .765425635486271    .794350585168741    .813015136671018    .827112817026641    .842738173664926    .862619021918382    .895521258539402    .940610183552895    1.00000004936693 
 42782.7587    18            12            2019          4 
   6.67927732664537E-02    .138563833809208    .205494670596125    .264863513742395    .3170660418618    .362495936286479    .403533660000401    .443464592943021    .485343959729857    .528161660847387    .57332633909545    .619945220990974    .666734750630398    .711271437876562    .752743359207456    .785874951946472    .812176252322878    .82765151008717    .842078777051841    .856641448299125    .88071620192178    .91313571239505    .955825313574274    1.00000007055997 
 38048.0014    19            12            2019          5 
   5.42914689013238E-02    .104729599624253    .155957959775385    .206088944817414    .258957990481334    .307116112986555    .354469023190926    .395887278498747    .434648733612589    .469960111196537    .507733222880926    .54130887156467    .578811816709511    .612959625045509    .647858540507991    .676304874928989    .704993707304163    .724947172011642    .745306784859138    .769607194794731    .804147547977382    .854751131964188    .921915211294121    1.00000006587074 
 55188.559     20            12            2019          6 
   5.60022609401932E-02    .112625121523149    .166130482825707    .215560239294797    .262599646672239    .304635929500352    .342712669112723    .376429002590011    .410308838026102    .445224256648013    .486739173489744    .533404366643728    .586697936285581    .63869173613502    .691415809343745    .738211556334529    .77865939285985    .815488598370543    .850309136310299    .882472307349065    .915545710071901    .949282534379091    .97672998333767    1.00000013419901 
 35568.5859    21            12            2019          7 
   2.94484870155904E-02    5.40595885797413E-02    7.76033372413851E-02    .108371667177384    .138965426537733    .169607233475228    .20058526362971    .231303452486988    .259661077606968    .290432173710623    .326526007866256    .360037408301211    .402630020462804    .445023166539846    .489286598876988    .527599627070077    .567081831277554    .59771553876633    .636832691210533    .68609436199149    .749946352238873    .827408546290422    .914120365690445    1.0000000010543 
 41442.6715    22            12            2019          1 
   7.71211608207678E-02    .142741730170858    .207633117805883    .264204088343762    .312329775203741    .348409312737295    .377858385348058    .405628628076619    .439766335934087    .483254828148567    .536819410127796    .596449505855336    .656576617231348    .710846757836907    .758065977886464    .795573410367621    .821077486070125    .835487169607297    .841999554432682    .847243432412411    .861250168500841    .890091026105786    .93780443410242    1.00000000904864 
 43923.6773    23            12            2019          2 
   6.78290214291353E-02    .137506908649273    .206071764567399    .262457479994509    .312635961692351    .353118314226676    .39072751891666    .426325133258481    .466320601645072    .50578594237202    .550710770919447    .595209567500169    .640336895742447    .685139308466438    .727306646109865    .762651913994004    .790493709983613    .808943415383165    .817890042217617    .832117491133876    .851237482084634    .886799345492186    .935673273819904    .999999965422977 
 45077.9966    24            12            2019          3 
   .065205780402087    .134894946624857    .199698684070678    .262472498056846    .317615549406426    .370081513407918    .417478052224486    .46230846588078    .506533418540388    .552769382127444    .595781246409695    .640844979621388    .683766202397624    .723239798369278    .760184920934352    .792873488914101    .816590280905474    .834185824958556    .843875107323425    .854198620264326    .8702099310354    .899909495700614    .943046533649634    .999999988769466 
 42432.1573    25            12            2019          4 
   6.68275464488492E-02    .139155198537066    .208833544565032    .271238492392184    .329337577805642    .380426944201114    .428726885413978    .473564820451045    .521102883714329    .56646693432436    .612802342496619    .656261790291417    .698611009947991    .734107424671288    .765199888416939    .78978021051501    .80685268387238    .817401600301147    .825110873516676    .83683832565237    .856512654554568    .891734135916771    .938937703828459    .999999975254617 
 40246.3994    26            12            2019          5 
   6.69262120998581E-02    .136217105843138    .202041462776171    .262284842002848    .314010135866962    .362430907608098    .407440708456891    .45033153093069    .492877699125925    .537732788929933    .581399204853466    .627321791160652    .672612867171169    .718397387944349    .758651085924844    .793178582610051    .819690368065572    .834367146828543    .842946621611324    .853594119123859    .869721629371397    .898224470267768    .942916162302708    1.00000017020156 
 57090.127     27            12            2019          6 
   4.63258050511956E-02    9.74063932170794E-02    .146655687013536    .194813778560608    .241125026722002    .286882890697765    .330168255822062    .369989816715594    .409660095431212    .447174346527115    .488000760457671    .534004945482955    .587161301659918    .638778493389934    .691758730016488    .737999143770516    .775942985619037    .809033002764208    .840861103488174    .873057180491121    .906282742636043    .94230199601763    .973655723453724    1.00000003339019 
 33899.2824    28            12            2019          7 
   3.07194715718285E-02    .053703151280147    7.10145211980579E-02    .092025290440772    .117610120314542    .149670676085609    .182018625304293    .213143598551883    .243209915309667    .2736917840516    .30961048432658    .350447764474655    .398652601253146    .450364667970081    .49853003811299    .541001553859589    .579239077417757    .613091771339384    .647807718693036    .696008983308892    .75446246992311    .826831892243831    .911306106198726    1.00000008130703 
 37776.7082    29            12            2019          1 
   7.99975975259141E-02    .158351438724616    .2278190793451    .289312074377619    .33776951249818    .374049152941415    .399119396861252    .423130735571211    .444811691781419    .475601114743237    .510524357638446    .553303228505627    .599820038382804    .647051212465092    .692393201626287    .732867308251199    .763256145422962    .783290760214385    .797090082431401    .811145483819578    .833052170225885    .872080331730704    .928431398669353    .999999865657961 
 42472.8191    30            12            2019          2 
   .068931567991401    .141458760474649    .210256988362941    .269482136061578    .320461890929086    .362717913955234    .396678834049304    .429777391957366    .464254864839546    .505265008342123    .549936638771407    .601490933880582    .653174907513968    .701481629312192    .743147247170838    .776236332108692    .800122932327325    .814042128475056    .827465511201492    .839844383999225    .862679116642389    .895836075871639    .943144732886356    1.00000002854767 
 39681.1836    31            12            2019          3 
   6.90548448891435E-02    .139904352865624    .2112164160046    .274393818343035    .332078392739147    .377456948551366    .412654553322094    .439799621583112    .466530549129084    .495838953818404    .536132423747184    .583778048048194    .637218984456527    .687524776226685    .732327182271851    .763793656803246    .784824809100452    .79415242551195    .800239959324197    .810363617782812    .831786318616766    .871501694571429    .928354148343751    .999999901401631 
