 59579.363     1             6             2020          2 
   5.81907205764037E-02    .113567893204481    .168434672065057    .217398970638541    .266043842332621    .310067711176268    .352700184856793    .39238536861329    .430118521072473    .46170362399645    .488727583827977    .512522952211238    .533454362272218    .559095581363466    .5888700085632    .626347331038098    .664723795595129    .707811872187187    .749274097433704    .793318618877312    .839286192414478    .890625802238772    .943233219445465    1.00000000472059 
 58940.038     2             6             2020          3 
   5.68563094090536E-02    .111738850420214    .165743310043124    .214973079664031    .264168899925039    .308552692515655    .350760147223692    .388925059948214    .427607348325344    .463820164571322    .503244003730113    .54333596098971    .582792241752542    .618528772835199    .648859651227235    .673501220002607    .695660393025196    .71777363748476    .747801506655798    .783836739085577    .829684512906999    .881711501017356    .940834286427674    1.0000000180268 
 64272.358     3             6             2020          4 
   5.60869583227851E-02    .110495763080413    .163762596093409    .214330495968228    .262141512296779    .305903855423742    .343941050735217    .376587672952267    .403309739604544    .427650430415203    .451124448106447    .476518395940911    .507239071139649    .54336308250119    .58505826437471    .630627523713227    .675622444974712    .719243756196093    .761012173771499    .801964484288876    .845583242896581    .894341446034234    .945400769624012    1.00000002139333 
 64866.184     4             6             2020          5 
   5.29983094998023E-02    .103311027049838    .151814509848267    .195912385830921    .236186569636577    .270277696811948    .300540780905965    .327044021215276    .35449392196017    .384987016838774    .419992195249608    .458912284278585    .500528488724957    .54241914641148    .582263132667092    .622198231978622    .661446400273061    .702077704501624    .745481182171129    .792464324997906    .842672617079648    .895077077063759    .94804134337161    .999999993737106 
 64359.444     5             6             2020          6 
   .050133777278281    9.71727836574381E-02    .142332786224427    .185135635455459    .227809630733836    .268222460677255    .306682786037586    .340940275408532    .37276644303554    .404063720722168    .437819602230793    .477025496104736    .521555340328142    .570079019793894    .620159021941675    .668769312142442    .715507365943062    .760370452101016    .805232870621909    .849264505862574    .893054638570215    .933589676442823    .96909546503385    1.00000002039328 
 39308.4712    6             6             2020          7 
   4.05952957456121E-02    7.48195962734999E-02    .102715669778214    .126328091847954    .145387502356458    .164300497323526    .185178990816202    .210937331580514    .243681098574816    .284960145085724    .332134320777464    .382750050476079    .438093087966494    .49562978726962    .54799758443989    .595910334430661    .635117055092949    .66403824234711    .692621855260553    .727746430631344    .773981743215188    .836488148959098    .914235087162332    .999999937672468 
 66796.33      7             6             2020          1 
   5.39856597707164E-02    .107429253715174    .16080327106856    .210048468184929    .256775603820599    .296071596953755    .330869424731119    .362318687175628    .394688834326676    .429706634659045    .470922087897643    .516554857879168    .564132439050169    .612970790741797    .658178878895742    .699901558495055    .736532500644122    .770782253774272    .803822698791985    .838411869896145    .876100072133454    .916677479230521    .9581957127173    1.00000008888961 
 57965.389     8             6             2020          2 
   5.00495030925373E-02    9.89902912958541E-02    .152911139972467    .207476011838289    .263034691324594    .314470928289638    .363679104805973    .405216620947718    .444505185941649    .48109453783274    .515965427554536    .549657778594827    .581604678030367    .610507364575782    .635077926631356    .65876501428292    .679541757991998    .705789910574912    .73645583951399    .777258879108876    .825311058681932    .881935231211853    .940223718566781    1.00000002803397 
 56382.889     9             6             2020          3 
   5.90016952688652E-02    .114624333531734    .169196909134525    .217999600297619    .267077994287416    .309335384645686    .348088865389196    .38080913414396    .410703786668771    .433862616269539    .458038695425398    .481111512949434    .507774356086117    .538690726775724    .576398968532811    .618444498294509    .662504089339055    .70740800513521    .752858199807747    .797292461259834    .843338054875123    .892961446047045    .944745011647062    1.0000000288208 
 60332.281     10            6             2020          4 
   5.53908600537372E-02    .112603386247323    .172648508355129    .228139424647313    .280727746933685    .324084381957977    .361814526838874    .395611991333876    .43282297358565    .470759462707866    .512507590308495    .552061359883774    .585897736487039    .614219794706585    .638027336166024    .661451324664817    .68693111559548    .717157342041319    .751645447898779    .79186405771315    .836857526363043    .887208629033933    .94203682550557    1.00000013363493 
 64300.219     11            6             2020          5 
   5.51942891953836E-02    .109313186264673    .16218851192307    .210968143849751    .259757723618717    .305218238982592    .349773546261172    .392019708750914    .434292783571235    .472079852334951    .509175614403817    .542246646547191    .572203411741102    .598992115699482    .623926298855219    .648848210474213    .675805010185891    .707700617434911    .745891766033487    .790264427890207    .840011050837167    .892938857058947    .94727764700537    .999999996111988 
 67619.239     12            6             2020          6 
   4.83659105429022E-02    9.26902048288542E-02    .135694438789824    .175332389845995    .215450915576335    .254532485477247    .294477287420005    .334293063814649    .375514487914453    .417819963468533    .461966486573814    .508792593314308    .556670516785171    .602663806505572    .646163988735514    .686126381132447    .723392032702409    .761690004193925    .802879857905529    .846732657975491    .89073178520613    .933010976173512    .96967895667977    1.0000001626756 
 41914.534     13            6             2020          7 
   3.89633111111366E-02    7.05147997280162E-02    9.97276992048271E-02    .127025889325914    .157214913656203    .186201062421898    .21858812819558    .250994124324811    .287359372280925    .325875667800875    .37071274496634    .417670557827865    .466241213683182    .517843522294081    .562806762998367    .604170370383934    .638863549544652    .671105451527267    .700142916118309    .739803606966023    .787869142688071    .850387171935396    .922507423081454    1.0000000275859 
 70825.512     14            6             2020          1 
   4.65480717686164E-02    9.28508636963683E-02    .139217274781226    .18153035686844    .222006521971031    .258057115686647    .290748013980118    .322892234262987    .358969728926915    .397791396084436    .441994879922294    .489580713338154    .537211303534241    .583655604653447    .628089518346863    .669331995086742    .708066437539484    .744856676344959    .781542786005557    .819610095970785    .860827808946867    .905211533274902    .952180065073162    1.00000016148842 
 54187.4885    15            6             2020          2 
   6.15171879402106E-02    .121767498088489    .175902646904368    .224580119028537    .264570485791199    .295950808915743    .319490372014104    .338961252732261    .355023143395915    .371218828782312    .391346824691829    .41574154584365    .450251681483633    .492963375957625    .542542214334218    .594735672642865    .645495667556174    .692737459589034    .737246552080006    .784765304955959    .834154300443358    .888588856401787    .944099392980725    1.00000014013844 
 55406.715     16            6             2020          3 
   5.12116445477886E-02    .101381639983755    .150022006583498    .194441860803785    .238034874811654    .278676841956341    .314082318925603    .347074780331229    .37779716772597    .404474644059389    .428627818397102    .455190694733481    .480104649488334    .509898145919678    .545286279548878    .585622411696849    .626745938533804    .672687247836296    .718720279437249    .767105025649869    .819346690987726    .876656136692998    .936269074064398    .999999926678562 
 60618.996     17            6             2020          4 
   5.78239047506041E-02    .114975481319214    .171072741166812    .222213807857977    .269178913302193    .309973739502383    .344163336811121    .372298758513338    .399243695047754    .426083498747653    .456512704315905    .493629266754517    .535750802953747    .581880178079822    .628953912194455    .674127909199453    .713206908256118    .749394899352177    .782685309671741    .817039034059555    .855445092760197    .899398865827471    .947102559237372    1.00000000154654 
 68087.602     18            6             2020          5 
   4.96582165827892E-02    .10085061826399    .153749081220396    .203987296532708    .250428272490416    .290624535937908    .32457356255365    .354643797017921    .385730902778747    .418310198106992    .454887043440743    .495991661044253    .538383740001594    .58082636276058    .622242217735176    .661097091141497    .698204789819885    .735033550968648    .772979381767623    .812968536107352    .856863905909772    .902752284935075    .950928731948145    .999999993574454 
 63494.596     19            6             2020          6 
   5.17008234904058E-02    .102144911707821    .150897422804887    .196772220682371    .241225929979143    .285528789824098    .328917601655029    .369728069062759    .4091967638179    .443902104135366    .475241600678899    .505864162439903    .538641250568001    .574470886860986    .618530923383621    .665920721623302    .716440830551154    .766028958098261    .813106660388075    .856440626262115    .897207013885087    .934574367163467    .969051403110747    .99999990304293 
 39031.3835    20            6             2020          7 
   .040989501515492    7.45350232877346E-02    .100192936930163    .12204131596437    .14286893187664    .162641707521718    .18461428549061    .207880769162013    .239415864463913    .276237195688311    .322240391024059    .375452754055912    .431074035990167    .488605814792601    .541145016596068    .589061335892693    .628548040306463    .662890546942821    .695992365268707    .733911971359534    .781214401642975    .841550364208842    .917720540030307    .999999982385969 
 63800.114     21            6             2020          1 
   5.47070827370994E-02    .109409680641891    .163780335902887    .212355064816185    .256876010440984    .294180325151927    .324663929332869    .350817450880652    .379157427671289    .40822691677518    .442731777730444    .481579272726691    .521099921153746    .560577833567821    .600953630839124    .640620793992625    .680464411572211    .721116707173909    .762397552788855    .804221476391092    .849184598929557    .896594756182567    .948078304472152    .999999927507967 
 58470.496     22            6             2020          2 
   5.81154812783699E-02    .113289508438581    .167374327745356    .216239233448182    .262469196457005    .302468352746229    .337698493912212    .369643791962616    .400595499961639    .432149909096889    .466127849548258    .504086931135748    .545219221011055    .589297741719174    .632708457676672    .67286780092476    .707286468460948    .737529752933001    .766435690916663    .799183510432338    .839681499366792    .888011429730304    .941859033378988    1.00000000160337 
 62525.663     23            6             2020          3 
   5.48214430019319E-02    .108125876087771    .161859070620731    .209718731561071    .253284952297307    .289379397254452    .323057724913689    .354138494151194    .389095640467259    .425358937967199    .464541474304319    .501914035081883    .537576579255945    .572699157644278    .607026062742429    .642891586071626    .680144227339101    .719003583876432    .757741177910421    .79914042904671    .84435717518901    .89270613521923    .944941811832527    1.00000007946737 
 60450.143     24            6             2020          4 
   5.88428563689461E-02    .117712990188357    .177738930245376    .232570773628071    .281453273402513    .319978370956873    .350073355078746    .372506840833693    .393505550464537    .416665810244651    .445716706937732    .48106191773194    .522222096159888    .566727619238221    .612367696859708    .656935157601695    .697346300632407    .736313200801692    .772568026121129    .809281261232914    .850409485383682    .896088657722448    .945460503811381    .999999960711425 
 67514.715     25            6             2020          5 
   5.12292617084476E-02    .101136155443113    .153314609822466    .200288108025784    .24405761719871    .279040731620507    .309263107262987    .331287009755947    .355348951752592    .379729632134639    .411653170488463    .448857675647079    .491585658400543    .535443053506928    .581247304291368    .625813804072194    .66972130399647    .714760906659385    .759451106325488    .804931932246178    .852498993182449    .900760231491757    .949602593116182    1.00000005554345 
 66797.945     26            6             2020          6 
   5.00566908462715E-02    9.79226126922767E-02    .145215510091665    .189473397628475    .232174760391207    .27381286533216    .315422023368384    .355063815258463    .394040559322222    .431131514880435    .46766215777671    .505252081950275    .544675368568599    .586699022889102    .629403017188628    .673307226180386    .717018748200263    .762119136861171    .807908403376032    .854489353115579    .898958816210588    .93830017431674    .972276413686828    1.00000000467829 
 41477.202     27            6             2020          7 
   3.95254253827048E-02    7.38956279335995E-02    .10691135311062    .137853944401493    .168772178844326    .20054395070152    .231634260566202    .266519294367421    .301317448739672    .339769624753738    .377671376027848    .423030396011284    .47011372544187    .523770036971154    .5761955801346    .626127613052949    .665577748816687    .699592434387209    .731687673191528    .767345580742163    .811714740304807    .867941882416514    .931267332865173    .999999932945091 
 66424.92      28            6             2020          1 
   4.55742530556491E-02    9.20601909691799E-02    .140497558182983    .187708681917682    .232955622584867    .271529571704791    .304696423373562    .330996382127747    .357212305684749    .384086779385658    .417886894190087    .457838750031615    .503487974656198    .551718885209045    .599323854097227    .645178550365586    .685711095888411    .726200477076224    .764511117871877    .805672839444142    .849000363869463    .897757655842867    .947704554536912    1.00000002822736 
 62752.533     29            6             2020          2 
   5.43896628256922E-02    .106560322844358    .157592275249272    .203560025641714    .249379188904614    .286884273559921    .321708191544236    .351775734046863    .383286943373266    .413445617655386    .451630237878206    .490526233767727    .532401815556991    .574138552104343    .614383939489741    .653343273210979    .692551787610709    .733430055325416    .775685321738327    .819402867271509    .863802531684259    .908657357006609    .95362734202299    .999999972112679 
 59459.023     30            6             2020          3 
   5.13424673866362E-02    .103357157836246    .156973011717036    .206767053541857    .251385475432804    .287401514842415    .316448666094379    .338160506932228    .357066417194578    .379775892308641    .405117497894306    .437577812517202    .476445080242489    .519187981885441    .562320299561599    .609313009566269    .652614101563694    .698739683399271    .744350533118413    .792089161240507    .840592759466465    .892732002277434    .944088471231692    1.00000000735801 
