 40082.4452    1             8             2020          7 
   4.98939364028542E-02    8.56064762868122E-02    .109794792409521    .127599439931218    .143987134929395    .161791465721102    .181718155453562    .204724666707085    .229337632474016    .26063014138107    .295771626228033    .336787209848477    .380849078156726    .426082238334851    .468486536781943    .508971597667774    .549857346355831    .592792484267527    .643366077548458    .701691076986117    .768848847496834    .84061913249993    .92007733147852    1.00000000280671 
 63445.199     2             8             2020          1 
   5.19039262788131E-02    .104294593054039    .15794573262352    .210275049855427    .260896938838903    .31054026739675    .358601645088622    .402942507566648    .445791586807065    .484083860703156    .515993596398839    .541955470204294    .564513262067316    .581209388475557    .601246119308413    .624551849955581    .656101038275568    .69409574976272    .740601435716988    .790126890649362    .84239320752229    .894896934005992    .947903555121641    .999999941878975 
 59177.8261    3             8             2020          2 
   5.45972576962298E-02    .107056370582866    .156593242215263    .205509830311256    .252543223860922    .302277098389391    .350353231007332    .396582737885922    .437002887123206    .47306408737571    .500080250656166    .523043613195095    .541784664710335    .558145542351209    .575358955057999    .597590149353256    .626652779642238    .664605392521338    .711508187903847    .765006900321065    .822326723024048    .881386930500984    .94053882403007    1.00000010022757 
 62451.714     4             8             2020          3 
   5.58353948985491E-02    .110185267117929    .164126550233673    .216632239869349    .266992115450586    .317895723606561    .368167906438485    .414955960015765    .458284716022766    .494449656187579    .521744743717122    .541853310363107    .557565949571056    .572218957633413    .591960209250622    .618476069768077    .654551440733876    .697505688654918    .745255016139349    .795586526055954    .846843500964601    .89713360389116    .94822739022423    1.00000001351044 
 55970.9945    5             8             2020          4 
   5.73126487374746E-02    .114124872610357    .168629683607819    .221263233802063    .270147039061455    .32026196817666    .366549056661393    .409670547639635    .446522538506529    .476846734204446    .498440298729193    .516303240946969    .534168207092515    .554776153689301    .582580384838883    .618764688914005    .663035805760071    .712251378144621    .766590558570475    .821440815653186    .870886766850283    .917324114524176    .95942474331504    1.00000009826518 
 61406.469     6             8             2020          5 
   4.04989093173758E-02    8.81175292480178E-02    .139150251188315    .194979552714145    .250768793950276    .304191154314703    .355518038691901    .401990487455809    .443822685593191    .477954942998351    .505016869385129    .523515149468617    .54028172453215    .555233706830627    .575739613341878    .603575964447655    .641041225233127    .684480574127296    .734184213657522    .787771236284568    .840039752163571    .894298337281044    .946937716977343    .999999868702758 
 68794.588     7             8             2020          6 
   4.65318422433989E-02    9.37547277860542E-02    .13682326573876    .180029548163731    .218162175099079    .255914366948458    .293551775286451    .334472111290935    .378375115150773    .428316220029183    .478488992840541    .529408071405995    .578118639125363    .62470859353791    .668865693966363    .712318592016279    .755339497508874    .797901382518636    .839378119031689    .878849224484054    .915263448848622    .948150983184898    .976204493549696    .999999970019444 
 43085.9866    8             8             2020          7 
   .029925090557895    5.29135446416962E-02    7.23993281930557E-02    9.13285450622593E-02    .117180804812707    .145289181665739    .180385186548537    .214146469470946    .249879135006276    .28489205974803    .324987390302674    .368424194837284    .417677493196825    .467917644466217    .518007841237411    .568285435800488    .61596947030917    .66430672256847    .71588948336859    .766459960644141    .82063641749125    .878051583249576    .93759185991345    .99999994835908 
 66966.011     9             8             2020          1 
   4.28766005241637E-02    8.75480860544314E-02    .135711365996177    .187502156644436    .238821917761758    .293434248215113    .347873099804691    .400808506796082    .451498634135457    .498865422098234    .53665989835127    .567994241044909    .591676439223773    .612816827890495    .633791904149704    .661447433291943    .694331769384472    .733738654094986    .776273116559085    .820884950501233    .865184709150438    .909000196943193    .953935072562408    .999999835737565 
 62854.141     10            8             2020          2 
   5.17059971459359E-02    .103819715290318    .155419478447729    .20680417895517    .252448825950266    .297427512075139    .339625097254929    .382205419995717    .422893029832354    .463749557537108    .501797188668922    .535638746240284    .566715159328166    .593809697240155    .62096265413523    .650966333109222    .681416233677428    .718497496748066    .756276866666589    .798896995108087    .843059757590196    .894550746465535    .94453551994291    1.00000005618166 
 58541.5642    11            8             2020          3 
   5.93845442778265E-02    .118611898556321    .175035793468344    .230606987265981    .283609960376238    .334324929036915    .382836868930554    .429082223451248    .474618780023134    .519373974017421    .565632373489774    .612521868372796    .662975204013254    .708248125782058    .752237904735555    .786608649948749    .812678602163145    .830261729024658    .844505615165985    .859664849884554    .880470580251424    .910958467244884    .951244414092714    .999999904234708 
 55834.898     12            8             2020          4 
   .054348412814106    .111885994067836    .168892048705811    .220948320763924    .26937085020398    .311727155053637    .35140639523287    .386039508167455    .422885338943845    .456777148025774    .489098898494898    .517468952336494    .541468629585837    .559649988077349    .579232135205119    .602767133312395    .6329989819942    .672100031753438    .718912292653423    .77048475131091    .825711958294434    .883277112819298    .941212009781051    1.0000000078356 
 62885.561     13            8             2020          5 
   5.26101212993472E-02    .104596170608822    .155181889771366    .205357265333731    .253183134941938    .302561318984655    .352730110165909    .400199429325279    .447009099095896    .488736620517705    .524076733210665    .552118059442135    .577369036769029    .596773580603821    .618430728180194    .641874727709752    .6708769387658    .705715893092693    .746841254226865    .793235735286674    .843050802333623    .895040827118486    .948030621846564    .999999899619246 
 66824.268     14            8             2020          6 
   4.88917297640189E-02    9.52495425319324E-02    .138072573167767    .177753829361064    .215089848491681    .251145340127407    .287536352062996    .330694150383361    .374545027049529    .425025319534738    .474700766643639    .527101850371186    .575494987090618    .623664531293482    .666505851212616    .707035195282648    .744082692383552    .781254056815856    .820351181213089    .861101078110575    .902593945174229    .941462508332302    .973908909858915    .99999996445902 
 38368.9478    15            8             2020          7 
   3.41805293723907E-02    6.06173764080097E-02    8.42002449878883E-02    .108166056444151    .133244281228211    .161286481203037    .190138776875385    .220518568134608    .254094786758135    .293200073636434    .338435628023985    .390817591448911    .444336160229549    .497897844523378    .543990567891596    .58253822916275    .612938534650799    .641948555727661    .672663192141276    .712661153396289    .764646805336033    .831879670576997    .911110203646241    .999999833361341 
 65873.913     16            8             2020          1 
   5.43283803111389E-02    .108070924639015    .161654218088388    .213837583314278    .261464733059428    .307780458176213    .352377315983187    .391918587521892    .431182814640903    .4677351255686    .498502118072901    .525785004224662    .548947566220182    .567348723746683    .587630545607637    .612652958026799    .643889479151633    .685088332596092    .732005259521322    .784575564837024    .838023908834746    .892723103643471    .945666991973742    .999999897531516 
 60476.2747    17            8             2020          2 
   .056504241251239    .113211008979774    .165992037835045    .218552696826207    .269242335416206    .321856427680639    .375084364747172    .426876078727779    .474078409028557    .513450609055538    .542948973178072    .562216988912844    .576806775434533    .58782930560536    .60037632307236    .619923180077261    .645965869570997    .681140239260637    .724479871938937    .775970428305003    .828638228356351    .887155817258863    .942878921864213    1.00000004371549 
 53645.824     18            8             2020          3 
   5.81181472473514E-02    .115063008489603    .165564513028311    .216556493987305    .26574445157418    .32094675486763    .377417250129292    .433654225932852    .486877220629513    .530658405431055    .562387270174562    .584030854037213    .599691803363856    .608966173909455    .624086686248868    .645269311293457    .686325993193804    .72716517505631    .784452151042549    .832769780808102    .88012442496922    .916028023448759    .960540239930884    1.00000007689322 
 63903.5978    19            8             2020          4 
   4.48042394822624E-02    9.50610814777552E-02    .148001939967651    .201526303725187    .253139341216208    .303311854375748    .352113512965619    .397722801903808    .441150154322766    .479108911816621    .509391770065175    .533375069807102    .550839486536703    .56646886378438    .58532508644216    .61094742119903    .645170785282452    .688232841367501    .737983866985812    .79042314597974    .844899245445927    .897877972255578    .949623885065513    .999999936623287 
 65685.394     20            8             2020          5 
   5.13182113757855E-02    .101690581889484    .153733386846054    .2064347375356    .256304215201556    .304521299857012    .352291741981482    .395548005124244    .435820169263962    .476156857356294    .51298635641129    .546707287677227    .580432560186059    .608045778982463    .632444991309636    .655712685437344    .681554915008959    .710489893594153    .748499794432991    .793109871199068    .842173349546324    .894073146230957    .947455031346086    1.00000006755688 
 67234.618     21            8             2020          6 
   5.12948994333544E-02    .100273109586939    .145420285480762    .18645104585483    .224718293674436    .259646139201311    .295273276297933    .332441193324323    .372368221921778    .417410849041709    .464079864659527    .514948231820846    .564222687708287    .615061163041783    .664190546248809    .711948797994955    .758350442977902    .804761558063734    .846218182573745    .88529426723299    .919681547086354    .949076920742675    .975973000620008    .999999987915452 
 38293.0374    22            8             2020          7 
   3.67211929661396E-02    6.84452639105941E-02    9.30787949297181E-02    .115507239623541    .138495467308503    .161430624599983    .189167912933534    .218805713008352    .24800256467446    .281986309727614    .323846634559799    .373056074034819    .429264863401773    .48771584501547    .541176118448885    .587427336153935    .630268379415627    .665042824877219    .704290331788227    .744345600180831    .793693823452746    .850915183686238    .922453309031579    .999999839396391 
 60848.3002    23            8             2020          1 
   5.46287752379051E-02    .110330860359843    .16529537143607    .220528031436694    .273372564306653    .327632694957763    .381237475286943    .432304020938781    .478968481830327    .519045351142775    .549913869553746    .573980187370953    .59096261020123    .605846833499549    .619583607941114    .638739019265981    .663604648133622    .697451500563856    .73878142203223    .787006243890113    .839444990465814    .892309937833728    .947495268939329    1.00000013794551 
 57049.7401    24            8             2020          2 
   5.74815394253764E-02    .110437465620242    .160289333969288    .207964065701984    .251900403294957    .298697166249229    .346869116915574    .395922870733639    .441502750816213    .482653929741566    .511171807248952    .533371356509037    .54904627454429    .562839918945573    .581263534866656    .606984784822008    .639476305541487    .680788596616236    .72773310276658    .777836858629265    .831772385892079    .886311690007156    .942595907855854    .999999899648973 
 59555.5079    25            8             2020          3 
   5.49184312868462E-02    .108778624167144    .162099662563284    .212728900837314    .263828059176035    .316779645098955    .371179623767846    .423515286127717    .473537947423835    .514284237753516    .544930411413299    .565090536424592    .578864123413848    .587719766868952    .599615116581014    .617450827856176    .644416480263952    .679923599686067    .725223382319606    .775313863749284    .82954196363675    .88536600113522    .942445104644973    1.00000012971092 
 57455.6372    26            8             2020          4 
   6.10436193861953E-02    .120575882502897    .178821321448159    .235135523449125    .286081963152869    .336454896522321    .385040479435323    .42971672825691    .472186825244625    .511298216770103    .54248610379392    .569194617741094    .589807905959487    .605137192156142    .618708804325122    .635820103980154    .656903829882162    .689350466597906    .728314155851882    .777334381168433    .829846159007527    .885672858528493    .941650625689171    .999999991623972 
 59849.799     27            8             2020          5 
   5.51929687506135E-02    .110442328668055    .164480730701786    .216834250823883    .265323474864552    .313986016895395    .360722056528962    .405899213264275    .447873266875967    .48614165719671    .516075087142314    .539868178222704    .559380272521884    .577131872447892    .596855662059116    .623683237536855    .656953438557079    .696868464002695    .742111084094869    .792069807118316    .842748431264573    .895114613292185    .947882190778118    1.00000009502956 
 67975.045     28            8             2020          6 
   .046994821373877    9.44497078969385E-02    .141705755077102    .188490330118575    .234055707732522    .277253402333165    .317835419647387    .355866351394104    .391640825458446    .426602472504799    .460896767565582    .495706503394003    .531932516098371    .569372669227361    .610068670237732    .653058366860956    .699762029855957    .748743183068139    .800916052170322    .851017503923683    .897497509472042    .937914800663243    .973206991808538    1.00000002758365 
 43998.1673    29            8             2020          7 
   3.69452894101356E-02    6.65722530880565E-02    8.91240846461064E-02    .108128616018513    .130731752536685    .153464677397625    .186098627229781    .227476182996604    .273687624853638    .321768307388397    .370657262225897    .417302449067009    .463253759350335    .506605130019245    .545789246146623    .580740275800079    .613525465951624    .64694806724086    .688648889757279    .738629176450379    .797781631406725    .862775460706519    .931652264241015    .99999992641739 
 60759.18      30            8             2020          1 
   5.11700140736449E-02    .103779906694758    .158736879863257    .215429814345544    .270152013963158    .325340272912258    .378399416865896    .427518409049464    .474031827885926    .517445792244892    .553134907967817    .584249869217294    .613869107413069    .641345086660156    .670080263488579    .703453756905541    .735860896863651    .767480540080528    .799022070101176    .831790588064223    .866018504837458    .906946347963386    .952400513284577    1.00000005914744 
 62804.492     31            8             2020          2 
   4.63216860497415E-02    8.92669310630281E-02    .129390283351468    .167472050730265    .204336887464395    .24299141132194    .283613832212034    .327909280457997    .375786715224128    .427683132521795    .481013874473342    .534519514344611    .583768890189415    .627412203055476    .6625718472693    .690245462458322    .712891757607083    .736806311461766    .762887932641824    .79797959555186    .840912370069803    .890856548425708    .944480486961028    .999999816394503 
