 62534.993     1             9             2019          1 
   5.50294474852064E-02    .113665531907671    .173448169701162    .232018049003579    .286848646884793    .332572452924477    .37200465655685    .405302669648896    .441080450598675    .477995875845065    .522013262288604    .562045567431342    .599286654093813    .624743338701581    .643728084370298    .659305362839011    .678849545285789    .70612196328622    .743806614102443    .789870261119242    .841465373634886    .894380434627217    .94811072668146    .999999987007274 
 53539.79      2             9             2019          2 
   6.18738719619207E-02    .119896736497285    .177225813035501    .226060477053608    .269152223339408    .300246649793079    .324802240539233    .346051805874192    .370680283416315    .404306121554642    .448717490942251    .498671722411967    .548559414584461    .593441337916622    .626931580348933    .651162244822962    .672105853422286    .694255340864243    .723862482697448    .76448516140986    .815108360879824    .873589107162169    .935933072510184    .999999909529903 
 59057.754     3             9             2019          3 
   5.58450297864358E-02    .11032508547163    .164040760951559    .214508076862777    .260228764662935    .299366383794412    .330799101386839    .356770368216594    .382031492003573    .410611467134781    .444314406834706    .484000366986103    .525347704024606    .567075990986721    .606157504419318    .643941029953493    .680233231947832    .718173516110179    .757588058949042    .799795815656146    .845412774883041    .894308370582464    .945869722818277    .99999993226969 
 59939.4098    4             9             2019          4 
   5.56325795582825E-02    .11237071076451    .170746351707904    .224193570111488    .273965038847863    .310715920767208    .337790136302777    .354118604555396    .366730787414677    .379102264961324    .400027106571126    .427097086058145    .463010859613936    .503978825620252    .547945197130553    .593478287489744    .639165113826329    .685140382484213    .731800522437743    .779703193186096    .830205298834958    .884967891775938    .940740619371264    .999999875603547 
 60763.736     5             9             2019          5 
   .057602398952076    .113510551676949    .167317685276132    .216645362961636    .261412391672025    .298667808625197    .329608182903286    .353647114816558    .375650273750449    .397005752483274    .422578191826454    .453230533236962    .489187166565104    .528666858757664    .571183158590677    .615297219586696    .65812196305293    .702724339563321    .746995836669753    .792580051364847    .840709215320467    .892353659549505    .944587090974788    .9999999089712 
 65136.618     6             9             2019          6 
   5.06235678070801E-02    .0994094191285    .146574244704223    .191117971772997    .234203630619493    .27676492583634    .3191116180226    .361913153491098    .406214271488965    .452208195703375    .498468057360608    .543722700071717    .587032812038998    .626558390416432    .663531641007981    .700341832876555    .739046900239739    .780110651910881    .826006974774926    .870236848284785    .912169147026485    .948159847372641    .977146818744873    1.00000004749633 
 42718.146     7             9             2019          7 
   3.25769053741237E-02    6.06950505131209E-02    9.04617421869444E-02    .123638509736735    .15911184185346    .192321551529589    .227558927950958    .260055272566429    .290731250368403    .322248018222163    .356986850652414    .395884575096611    .438714002899962    .487203121186486    .531903826362221    .572831069260356    .606435055725499    .639511099466372    .673917355870266    .718455430729016    .775484903856782    .844247671996346    .920819255738533    1.00000005706006 
 18384.66953   8             9             2019          1 
   .1773176827943776479728760183    .3402676338452519358393928118    .4883841390430475689926638567    .6128361448986023737354608843    .7160204853570734812114950211    .7999724975203293741228320028    .869897061456725569980914419    .9292764263247542856431208312    .9914282098058468609307659391    1.0513988281626729898581973586    1.1214457766758671783424763034    1.2003511928234262908722515395    1.2904191702378672019567163794    1.3806987369873055314038054401    1.4511563537470885395893216254    1.4844422389788803563008619389    1.4674253434894350260317135002    1.3917008384757188507374818175    1.2662245553020827130418373095    1.133638000182209421525566035    1.0092778643489709765808338683    .9360113855688109287434115766    .9312764622753597029165636572    1.0000000255647782644695708055 
 59157.4782    9             9             2019          2 
   3.80098503680174E-02    9.08995093402663E-02    .148901194044221    .204890308277416    .260180100659066    .309355931890873    .354383126990275    .391236462476523    .421772377619285    .441954572173599    .458528481896563    .474145993092721    .495064470564264    .5250926043848    .564240266245832    .609686364428225    .65466661121552    .700127038207656    .74346237725529    .788915738889627    .837579282157433    .891015507634502    .945527120187486    .999999972319645 
 54118.1946    10            9             2019          3 
   5.70159466786102E-02    .111059991105792    .16380606813286    .212482259155038    .258208761313473    .295508359516672    .324516120545159    .344191082826699    .35986344888619    .372291758093867    .389530934897448    .411677159115264    .442529082446516    .480202482701631    .524843596512456    .573573236807035    .623287808967301    .673711008044234    .723509272886941    .774534886045515    .826648612345801    .882631401912103    .939875175663195    1.00000001316563 
 53574.637     11            9             2019          4 
   6.16199801112278E-02    .123235257379112    .185200814449755    .241299537993137    .29223871377444    .332814536265547    .363378679716953    .3877619745935    .411933349870387    .439113013728866    .474579561488676    .513851438636439    .55371036916685    .588452970700949    .613838299315028    .635953620647024    .65585670988774    .681302008868487    .716426998959414    .762954451982568    .815360532097492    .876622248509122    .937770877943606    .999999994750314 
 55864.374     12            9             2019          5 
   5.97219805002648E-02    .117221502551429    .174461030387631    .226008864791003    .274171460190129    .315095088038577    .349998363055585    .377074016908343    .401874559681363    .425217610511486    .449984310159369    .482609816991774    .520361997891984    .566036756493503    .615242283033548    .667089461277235    .712085364547359    .755062777128765    .79150818686342    .827478114674658    .865039228757848    .906681376220201    .951658190289575    1.0000000179005 
 65201.421     13            9             2019          6 
   4.05159424590512E-02    8.00306980176858E-02    .119427598381541    .156679957318338    .195324778657815    .233930358617107    .272797088463762    .312843066717825    .355206173583625    .399208401886287    .446396640841616    .495572350859884    .546224495341137    .596700772537611    .644874449419592    .689065395810162    .730138959030509    .768704788370333    .806717224383806    .847453431555579    .888330608143494    .929365289446682    .966590800988831    .999999953509449 
 39318.508     14            9             2019          7 
   4.48725049864319E-02    8.20755925873383E-02    .114739693446341    .141295998606114    .170337839052794    .20184780389397    .240802676264445    .282514480243312    .329451762457835    .368836343600894    .405529737261394    .437033865355471    .469182519352591    .505574960397785    .547672312569058    .588525866352177    .626384498268602    .659586002093467    .691097780051827    .72829961647769    .777245335787538    .840912920862867    .915819199732859    .999999995231253 
 55424.1852    15            9             2019          1 
   .061534799311425    .122366780442313    .181735728746446    .235771571895386    .282044593717816    .318390484938063    .346456801632873    .36570540017835    .383669375079961    .400899520970766    .420216484301153    .442170284433428    .470245939616899    .500613823750899    .537383400439687    .579893610404849    .622877264125301    .669843518962548    .718066346738102    .768633734240264    .822307631664561    .881626557385096    .940055472276929    1.00000004149813 
 52772.035     16            9             2019          2 
   5.98707250914239E-02    .116424143295663    .171021347409665    .220142878615776    .265506889533206    .303466225500637    .337402601112502    .364081178364639    .390784663754676    .414822349209198    .440530841465087    .469055433727826    .499997632801634    .534638967933016    .571872525915004    .613584737340051    .653023202179905    .695850987293744    .737388508658042    .781635576494255    .829639220848694    .883149303177336    .940050963426936    .999999854918424 
 53328.8332    17            9             2019          3 
   6.11801500210772E-02    .119479121266547    .177129276780239    .227876515248322    .273222821925063    .308303369824619    .334702374650398    .350151737311027    .360797069131263    .368939650713191    .380617345032218    .402049304774589    .432691184693405    .474905501026413    .523294105420255    .575855522843129    .625324980155388    .674893835503043    .721401641551385    .768901523496111    .82007107542998    .876207086460313    .935462452490898    .999999978084088 
 53813.3178    18            9             2019          4 
   6.30212956274111E-02    .12521074958465    .184134759736929    .236305605967952    .280737512753534    .315939195410936    .341737983074145    .359699854412712    .376467493029207    .390227591695712    .407909451319874    .429495396502481    .455579023042508    .486682281486276    .52524031194607    .570680787173096    .618973970208356    .672860854529954    .726041158416551    .778646848503736    .831818223954591    .886583651835345    .941757319737309    1.00000004668919 
 65121.695     19            9             2019          5 
   4.98076575253646E-02    .10013053133637    .151599883974918    .199265570694221    .246703828645354    .288592110845318    .326257919883689    .359759530070969    .391064771598006    .418526667888866    .448505546519482    .480023820690632    .515292045243141    .554535579502346    .597387802175604    .640869435389389    .683864299658509    .724667414023852    .766576210700597    .807276092859684    .852411120921377    .899262406906024    .950058410833748    1.00000000479871 
 64347.183     20            9             2019          6 
   5.20520696723332E-02    .10006303483499    .148065649150096    .192458952029804    .238355392292387    .2819631615614    .327046841642625    .371680145073328    .417710623837643    .460061933917527    .500904521676963    .538095865439828    .573361043151648    .609110289256952    .64811191161624    .690182639288965    .734659685879334    .781703314813331    .827941437914229    .872406828982708    .912515240274776    .947454366902899    .975428287202565    1.00000006993313 
 40484.625     21            9             2019          7 
   3.64289891494302E-02    7.46446326460354E-02    .113277306083791    .150400171206971    .182112477788636    .211083002768026    .23805946200255    .269694542604137    .305749197419082    .345257010184422    .386229571720128    .427561524127987    .467850931835234    .513330388542564    .557858673971909    .601408337501582    .639234618775029    .672678690521402    .701974051877719    .739309213065454    .785894944299842    .847132360433127    .919650245309176    1.00000009648725 
 43674.79972   22            9             2019          1 
   .0754566711496759669628543405    .1485196736238175930895831478    .2206781499123037077547015252    .2852505353171657314700102762    .3446502352959158572645195864    .3941355223231233171182129922    .4323408492095084071057532946    .4570796003183137207068570846    .4717802973819796144906053847    .4730176241778997218032348655    .4661198249451297083131764388    .4526166147694471900373948641    .4413073471101426266597657108    .4359518560374980467111344088    .4469840760611506245505915282    .4757237613727516367417929398    .5222739462169650448485216316    .579014904753408678023813042    .6455516723775373502731657175    .7123947951558002015721664768    .7812949393875320099578924869    .8523523917375390313524258561    .9252271391984301925952827243    1.0000000064110196679798306354 
 51610.5314    23            9             2019          2 
   .064609914129912    .127734630309145    .188092913054418    .240374382376055    .284686438229059    .318113444308578    .341813223596744    .35839164413496    .372172935401126    .384826829888057    .400341998440458    .420928919836214    .447955637899613    .482344475288623    .524384783679054    .572532736022168    .622892226762172    .675775124478761    .727600635957606    .77927696821777    .832463106187858    .886274646432918    .942308132047251    .999999845719473 
 62499.3946    24            9             2019          3 
   4.89278645598673E-02    9.57692948471976E-02    .143254325118695    .184287003827634    .221176017399375    .24930702426256    .270153304312967    .283806530313575    .293956003625434    .30464491966255    .321285299597926    .346655920347907    .382077169702297    .426737914804138    .479315330340016    .536644260650966    .598896113647315    .662108663449358    .727770299474229    .790266779840136    .850461987915    .905242018536288    .955078563773    1.00000006140059 
 54633.5153    25            9             2019          4 
   4.95300721226884E-02    9.83934861546425E-02    .148108392521948    .196370686373123    .241726495019487    .279870416603048    .30921631394182    .331512108923366    .350693865600023    .368178983155693    .390562829342596    .419294763465458    .453442901330202    .494296229644224    .539807942190936    .587238513222213    .633367013201327    .679421547307976    .723899239122363    .769922313602251    .820649817768545    .876942029414864    .936906365994904    .999999934449578 
 59543.657     26            9             2019          5 
   5.84498549565804E-02    .115827418627269    .171552566673894    .222554634104435    .268058864408093    .304790513570152    .33331996796485    .355768078233337    .374643671900686    .392679611165384    .415141826105844    .441840330070758    .474348810833453    .513680607071212    .55754889223549    .603319864847233    .652288333793472    .699840956086221    .747875498938535    .795989093557018    .847536946189751    .896941019888987    .948839718036633    .9999999874042 
 65986.635     27            9             2019          6 
   4.51675863036507E-02    9.03306883895883E-02    .135140351243096    .179469699621749    .221640762936313    .264357420872045    .303837923959905    .34474538504085    .385344693048448    .428853503582582    .474175151623507    .521843954650817    .57027504509057    .619989184173432    .667263908820324    .711954066531806    .753645333350458    .792847874137695    .830889964498114    .869491412920207    .906037284103061    .941285484837195    .971970379873137    .999999966849348 
 44619.651     28            9             2019          7 
   3.83175552489824E-02    7.60855107438396E-02    .112704423242799    .148937342126735    .181535601338102    .210941820020623    .239818924597819    .266875235819583    .296406261566513    .327668018227832    .362706553750275    .399648744451184    .444789309311272    .492438840876411    .540844896946303    .587030011031462    .631566599433958    .66730412017622    .70844289233403    .751832328176435    .803077003560606    .862003359517536    .931183745699849    1.00000011766116 
 66558.502     29            9             2019          1 
   4.79838313307254E-02    9.49817172915415E-02    .141227159290071    .187068131572057    .23405293722844    .280036156904117    .325821242613378    .371478621121536    .417076987869258    .462204052834603    .510186218865773    .559394104058262    .609469412243533    .658876839937744    .707932955450981    .752816461186281    .793301521982872    .828146924791066    .857923009031964    .882669213694142    .907392236212738    .935216794786788    .965075689165901    1.00000008732919 
 39178.9259    30            9             2019          2 
   6.23575057645021E-02    .126977655212627    .186650138694205    .243238327425663    .286884589608543    .320929668148457    .340040258974404    .351621466151207    .361302910576665    .374140996622179    .39480096951018    .423743331711654    .461063748097163    .501338309644037    .546033844466624    .589324067824304    .633565256825992    .676041157275575    .721887761332809    .769678720234518    .823827330138088    .881469178434011    .941155981735324    .999999996969034 
