 38427.973     1             1             2018          2 
 42875.0092    2             1             2018          3 
 38106.2121    3             1             2018          4 
 34278.2817    4             1             2018          5 
 54818.447     5             1             2018          6 
 31927.8744    6             1             2018          7 
 40873.3711    7             1             2018          1 
 37490.9376    8             1             2018          2 
 37148.0968    9             1             2018          3 
 40290.4307    10            1             2018          4 
 40629.919     11            1             2018          5 
 51239.4463    12            1             2018          6 
 31763.776518                13            1             2018          7 
 36225.4721    14            1             2018          1 
 34474.7124    15            1             2018          2 
 34993.0597    16            1             2018          3 
 36973.5841    17            1             2018          4 
 33532.0149    18            1             2018          5 
 46954.59      19            1             2018          6 
 27609.2265    20            1             2018          7 
 34739.032     21            1             2018          1 
 36209.9714    22            1             2018          2 
 36307.3706    23            1             2018          3 
 41969.5495    24            1             2018          4 
 39668.3982    25            1             2018          5 
 49311.549     26            1             2018          6 
 30840.47391   27            1             2018          7 
 34701.094     28            1             2018          1 
 37334.9857    29            1             2018          2 
 36217.7382    30            1             2018          3 
 24798.06292   31            1             2018          4 
