 23260.98911   1             3             2020          1 
 54869.2928    2             3             2020          2 
 40333.2599    3             3             2020          3 
 43917.9441    4             3             2020          4 
 39912.1625    5             3             2020          5 
 53511.937     6             3             2020          6 
 33797.8648    7             3             2020          7 
 33949.5978    8             3             2020          1 
 45572.8327    9             3             2020          2 
 33452.5021    10            3             2020          3 
 46458.8152    11            3             2020          4 
 41177.7583    12            3             2020          5 
 58139.72      13            3             2020          6 
 39760.1553    14            3             2020          7 
 39919.5975    15            3             2020          1 
 37817.3409    16            3             2020          2 
 44544.5445    17            3             2020          3 
 37583.7026    18            3             2020          4 
 45513.588     19            3             2020          5 
 53858.846     20            3             2020          6 
 36019.9875    21            3             2020          7 
 36020.387     22            3             2020          1 
 41793.911303                23            3             2020          2 
 46895.4876    24            3             2020          3 
 41279.5006    25            3             2020          4 
 41969.716     26            3             2020          5 
 61206.724     27            3             2020          6 
 31182.234     28            3             2020          7 
 41392.0346    29            3             2020          1 
 45096.8617    30            3             2020          2 
 42311.5139    31            3             2020          3 
