 55729.258     1             3             2019          6 
 30480.0599    2             3             2019          7 
 35328.3511    3             3             2019          1 
 41680.0237    4             3             2019          2 
 35240.3665    5             3             2019          3 
 41553.3844    6             3             2019          4 
 39735.5715    7             3             2019          5 
 55204.188     8             3             2019          6 
 33262.7531    9             3             2019          7 
 37620.0287    10            3             2019          1 
 41569.4896    11            3             2019          2 
 48855.7097    12            3             2019          3 
 41219.025672                13            3             2019          4 
 37333.7834    14            3             2019          5 
 55838.451     15            3             2019          6 
 36430.9366    16            3             2019          7 
 32080.4947    17            3             2019          1 
 40402.7968    18            3             2019          2 
 35387.65129   19            3             2019          3 
 41315.20551   20            3             2019          4 
 36353.511287                21            3             2019          5 
 56640.688     22            3             2019          6 
 34585.202     23            3             2019          7 
 36825.3838    24            3             2019          1 
 45246.2637    25            3             2019          2 
 47975.3808    26            3             2019          3 
 45295.6583    27            3             2019          4 
 38131.83913   28            3             2019          5 
 54692.668     29            3             2019          6 
 35416.3742    30            3             2019          7 
 30879.9828    31            3             2019          1 
