 46151.5451    1             4             2019          2 
 34796.0732    2             4             2019          3 
 36586.6769    3             4             2019          4 
 44561.3423    4             4             2019          5 
 54146.147     5             4             2019          6 
 31321.7047    6             4             2019          7 
 35983.29849   7             4             2019          1 
 45986.14619   8             4             2019          2 
 43432.325     9             4             2019          3 
 39781.400107                10            4             2019          4 
 47261.9687    11            4             2019          5 
 60888.592     12            4             2019          6 
 30626.9       13            4             2019          7 
 41298.9441    14            4             2019          1 
 47877.4938    15            4             2019          2 
 45094.1748    16            4             2019          3 
 44724.416     17            4             2019          4 
 54034.4984    18            4             2019          5 
 59688.96      19            4             2019          6 
 32008.4276    20            4             2019          7 
 38596.3717    21            4             2019          1 
 39111.0751    22            4             2019          2 
 42292.3302    23            4             2019          3 
 47448.5547    24            4             2019          4 
 54217.993     25            4             2019          5 
 39787.6949    26            4             2019          6 
 37357.9586    27            4             2019          7 
 58519.61      28            4             2019          1 
 49282.7298    29            4             2019          2 
 51131.0866    30            4             2019          3 
