 3441.266      0             1             9             2019          1 
 3666.807      1             1             9             2019          1 
 3738.507      2             1             9             2019          1 
 3662.667      3             1             9             2019          1 
 3428.831      4             1             9             2019          1 
 2859.338      5             1             9             2019          1 
 2465.892      6             1             9             2019          1 
 2082.291      7             1             9             2019          1 
 2237.363      8             1             9             2019          1 
 2308.505      9             1             9             2019          1 
 2752.627      10            1             9             2019          1 
 2503.42       11            1             9             2019          1 
 2328.87       12            1             9             2019          1 
 1591.934      13            1             9             2019          1 
 1187.212      14            1             9             2019          1 
 974.125       15            1             9             2019          1 
 1222.196      16            1             9             2019          1 
 1705.479      17            1             9             2019          1 
 2356.609      18            1             9             2019          1 
 2880.591      19            1             9             2019          1 
 3226.502      20            1             9             2019          1 
 3309.043      21            1             9             2019          1 
 3360.025      22            1             9             2019          1 
 3244.893      23            1             9             2019          1 
 3312.714      0             2             9             2019          2 
 3106.532      1             2             9             2019          2 
 3069.387      2             2             9             2019          2 
 2614.598      3             2             9             2019          2 
 2307.123      4             2             9             2019          2 
 1664.789      5             2             9             2019          2 
 1314.702      6             2             9             2019          2 
 1137.698      7             2             9             2019          2 
 1318.604      8             2             9             2019          2 
 1800.321      9             2             9             2019          2 
 2377.775      10            2             9             2019          2 
 2674.539      11            2             9             2019          2 
 2670.977      12            2             9             2019          2 
 2402.969      13            2             9             2019          2 
 1793.061      14            2             9             2019          2 
 1297.305      15            2             9             2019          2 
 1121.316      16            2             9             2019          2 
 1185.879      17            2             9             2019          2 
 1585.159      18            2             9             2019          2 
 2174.93       19            2             9             2019          2 
 2710.357      20            2             9             2019          2 
 3131.046      21            2             9             2019          2 
 3337.884      22            2             9             2019          2 
 3430.125      23            2             9             2019          2 
 3298.082      0             3             9             2019          3 
 3217.47       1             3             9             2019          3 
 3172.327      2             3             9             2019          3 
 2980.486      3             3             9             2019          3 
 2700.161      4             3             9             2019          3 
 2311.38       5             3             9             2019          3 
 1856.346      6             3             9             2019          3 
 1533.804      7             3             9             2019          3 
 1491.866      8             3             9             2019          3 
 1687.87       9             3             9             2019          3 
 1990.42       10            3             9             2019          3 
 2343.764      11            3             9             2019          3 
 2441.88       12            3             9             2019          3 
 2464.378      13            3             9             2019          3 
 2308.066      14            3             9             2019          3 
 2231.411      15            3             9             2019          3 
 2143.337      16            3             9             2019          3 
 2240.667      17            3             9             2019          3 
 2327.736      18            3             9             2019          3 
 2492.695      19            3             9             2019          3 
 2694.036      20            3             9             2019          3 
 2887.665      21            3             9             2019          3 
 3045.098      22            3             9             2019          3 
 3196.809      23            3             9             2019          3 
 3334.584      0             4             9             2019          4 
 3400.85       1             4             9             2019          4 
 3499.002      2             4             9             2019          4 
 3203.595      3             4             9             2019          4 
 2983.273      4             4             9             2019          4 
 2202.827      5             4             9             2019          4 
 1622.813      6             4             9             2019          4 
 978.7196      7             4             9             2019          4 
 755.966       8             4             9             2019          4 
 741.5392      9             4             9             2019          4 
 1254.223      10            4             9             2019          4 
 1622.559      11            4             9             2019          4 
 2152.65       12            4             9             2019          4 
 2455.595      13            4             9             2019          4 
 2635.318      14            4             9             2019          4 
 2729.227      15            4             9             2019          4 
 2738.441      16            4             9             2019          4 
 2755.732      17            4             9             2019          4 
 2796.782      18            4             9             2019          4 
 2871.259      19            4             9             2019          4 
 3027.066      20            4             9             2019          4 
 3282.439      21            4             9             2019          4 
 3342.984      22            4             9             2019          4 
 3551.966      23            4             9             2019          4 
 3500.137      0             5             9             2019          5 
 3397.188      1             5             9             2019          5 
 3269.523      2             5             9             2019          5 
 2997.334      3             5             9             2019          5 
 2720.212      4             5             9             2019          5 
 2263.778      5             5             9             2019          5 
 1880.053      6             5             9             2019          5 
 1460.696      7             5             9             2019          5 
 1336.995      8             5             9             2019          5 
 1297.639      9             5             9             2019          5 
 1553.877      10            5             9             2019          5 
 1862.55       11            5             9             2019          5 
 2184.859      12            5             9             2019          5 
 2398.934      13            5             9             2019          5 
 2583.448      14            5             9             2019          5 
 2680.536      15            5             9             2019          5 
 2602.193      16            5             9             2019          5 
 2710.209      17            5             9             2019          5 
 2690.102      18            5             9             2019          5 
 2769.866      19            5             9             2019          5 
 2924.507      20            5             9             2019          5 
 3138.111      21            5             9             2019          5 
 3173.898      22            5             9             2019          5 
 3367.091      23            5             9             2019          5 
 3297.448      0             6             9             2019          6 
 3177.745      1             6             9             2019          6 
 3072.157      2             6             9             2019          6 
 2901.428      3             6             9             2019          6 
 2806.454      4             6             9             2019          6 
 2772.298      5             6             9             2019          6 
 2758.32       6             6             9             2019          6 
 2787.947      7             6             9             2019          6 
 2885.625      8             6             9             2019          6 
 2995.889      9             6             9             2019          6 
 3013.21       10            6             9             2019          6 
 2947.736      11            6             9             2019          6 
 2821.075      12            6             9             2019          6 
 2574.561      13            6             9             2019          6 
 2408.314      14            6             9             2019          6 
 2397.693      15            6             9             2019          6 
 2521.116      16            6             9             2019          6 
 2674.753      17            6             9             2019          6 
 2989.532      18            6             9             2019          6 
 2880.984      19            6             9             2019          6 
 2731.327      20            6             9             2019          6 
 2344.311      21            6             9             2019          6 
 1888.113      22            6             9             2019          6 
 1488.582      23            6             9             2019          6 
 1391.625      0             7             9             2019          7 
 1201.155      1             7             9             2019          7 
 1271.578      2             7             9             2019          7 
 1417.25       3             7             9             2019          7 
 1515.355      4             7             9             2019          7 
 1418.657      5             7             9             2019          7 
 1505.275      6             7             9             2019          7 
 1388.184      7             7             9             2019          7 
 1310.421      8             7             9             2019          7 
 1346.338      9             7             9             2019          7 
 1483.979      10            7             9             2019          7 
 1661.639      11            7             9             2019          7 
 1829.594      12            7             9             2019          7 
 2071.366      13            7             9             2019          7 
 1909.531      14            7             9             2019          7 
 1748.336      15            7             9             2019          7 
 1435.5        16            7             9             2019          7 
 1412.947      17            7             9             2019          7 
 1469.771      18            7             9             2019          7 
 1902.584      19            7             9             2019          7 
 2436.193      20            7             9             2019          7 
 2937.416      21            7             9             2019          7 
 3270.996      22            7             9             2019          7 
 3382.456      23            7             9             2019          7 
 3259.927      0             8             9             2019          1 
 2995.781      1             8             9             2019          1 
 2723.073      2             8             9             2019          1 
 2288.005      3             8             9             2019          1 
 1897.018      4             8             9             2019          1 
 1543.425      5             8             9             2019          1 
 1285.545      6             8             9             2019          1 
 1091.664      7             8             9             2019          1 
 1142.645      8             8             9             2019          1 
 1102.543      9             8             9             2019          1 
 1287.788      10            8             9             2019          1 
 1450.648      11            8             9             2019          1 
 1655.865      12            8             9             2019          1 
 1659.762      13            8             9             2019          1 
 1295.341      14            8             9             2019          1 
 611.9517      15            8             9             2019          1 
-312.8493      16            8             9             2019          1 
-1392.173      17            8             9             2019          1 
-2306.838      18            8             9             2019          1 
-2437.562      19            8             9             2019          1 
-2286.317      20            8             9             2019          1 
-1346.976      21            8             9             2019          1 
-87.04887      22            8             9             2019          1 
 1263.452      23            8             9             2019          1 
 2248.567      0             9             9             2019          2 
 3128.819      1             9             9             2019          2 
 3431.234      2             9             9             2019          2 
 3312.175      3             9             9             2019          2 
 3270.805      4             9             9             2019          2 
 2909.118      5             9             9             2019          2 
 2663.696      6             9             9             2019          2 
 2180.15       7             9             9             2019          2 
 1806.428      8             9             9             2019          2 
 1193.927      9             9             9             2019          2 
 980.4714      10            9             9             2019          2 
 923.8928      11            9             9             2019          2 
 1237.484      12            9             9             2019          2 
 1776.389      13            9             9             2019          2 
 2315.878      14            9             9             2019          2 
 2688.475      15            9             9             2019          2 
 2660.918      16            9             9             2019          2 
 2689.325      17            9             9             2019          2 
 2563.611      18            9             9             2019          2 
 2688.907      19            9             9             2019          2 
 2878.811      20            9             9             2019          2 
 3161.152      21            9             9             2019          2 
 3224.77       22            9             9             2019          2 
 3222.475      23            9             9             2019          2 
 3085.6        0             10            9             2019          3 
 2924.766      1             10            9             2019          3 
 2854.523      2             10            9             2019          3 
 2634.268      3             10            9             2019          3 
 2474.636      4             10            9             2019          3 
 2018.587      5             10            9             2019          3 
 1569.848      6             10            9             2019          3 
 1064.773      7             10            9             2019          3 
 848.1606      8             10            9             2019          3 
 672.5983      9             10            9             2019          3 
 932.9537      10            10            9             2019          3 
 1198.513      11            10            9             2019          3 
 1669.65       12            10            9             2019          3 
 2038.816      13            10            9             2019          3 
 2415.896      14            10            9             2019          3 
 2637.161      15            10            9             2019          3 
 2690.462      16            10            9             2019          3 
 2728.811      17            10            9             2019          3 
 2694.994      18            10            9             2019          3 
 2761.415      19            10            9             2019          3 
 2820.3        20            10            9             2019          3 
 3029.688      21            10            9             2019          3 
 3097.929      22            10            9             2019          3 
 3253.846      23            10            9             2019          3 
 3301.268      0             11            9             2019          4 
 3301.016      1             11            9             2019          4 
 3319.782      2             11            9             2019          4 
 3005.469      3             11            9             2019          4 
 2729.048      4             11            9             2019          4 
 2173.834      5             11            9             2019          4 
 1637.462      6             11            9             2019          4 
 1306.327      7             11            9             2019          4 
 1294.973      8             11            9             2019          4 
 1456.141      9             11            9             2019          4 
 1900.107      10            11            9             2019          4 
 2103.977      11            11            9             2019          4 
 2135.428      12            11            9             2019          4 
 1861.323      13            11            9             2019          4 
 1360.01       14            11            9             2019          4 
 1184.82       15            11            9             2019          4 
 1066.3        16            11            9             2019          4 
 1363.223      17            11            9             2019          4 
 1881.807      18            11            9             2019          4 
 2492.692      19            11            9             2019          4 
 2807.638      20            11            9             2019          4 
 3282.075      21            11            9             2019          4 
 3276.016      22            11            9             2019          4 
 3333.901      23            11            9             2019          4 
 3336.331      0             12            9             2019          5 
 3212.175      1             12            9             2019          5 
 3197.65       2             12            9             2019          5 
 2879.688      3             12            9             2019          5 
 2690.573      4             12            9             2019          5 
 2286.173      5             12            9             2019          5 
 1949.85       6             12            9             2019          5 
 1512.564      7             12            9             2019          5 
 1385.466      8             12            9             2019          5 
 1304.045      9             12            9             2019          5 
 1383.577      10            12            9             2019          5 
 1822.604      11            12            9             2019          5 
 2109.002      12            12            9             2019          5 
 2551.591      13            12            9             2019          5 
 2748.836      14            12            9             2019          5 
 2896.409      15            12            9             2019          5 
 2513.666      16            12            9             2019          5 
 2400.906      17            12            9             2019          5 
 2035.998      18            12            9             2019          5 
 2009.439      19            12            9             2019          5 
 2098.33       20            12            9             2019          5 
 2326.314      21            12            9             2019          5 
 2512.6        22            12            9             2019          5 
 2700.587      23            12            9             2019          5 
 2641.697      0             13            9             2019          6 
 2576.418      1             13            9             2019          6 
 2568.734      2             13            9             2019          6 
 2428.907      3             13            9             2019          6 
 2519.697      4             13            9             2019          6 
 2517.139      5             13            9             2019          6 
 2534.165      6             13            9             2019          6 
 2611.055      7             13            9             2019          6 
 2762.134      8             13            9             2019          6 
 2869.007      9             13            9             2019          6 
 3076.741      10            13            9             2019          6 
 3206.327      11            13            9             2019          6 
 3302.593      12            13            9             2019          6 
 3291.125      13            13            9             2019          6 
 3140.991      14            13            9             2019          6 
 2881.311      15            13            9             2019          6 
 2678.055      16            13            9             2019          6 
 2514.548      17            13            9             2019          6 
 2478.466      18            13            9             2019          6 
 2656.059      19            13            9             2019          6 
 2665.251      20            13            9             2019          6 
 2675.521      21            13            9             2019          6 
 2427.155      22            13            9             2019          6 
 2178.325      23            13            9             2019          6 
 1764.32       0             14            9             2019          7 
 1462.77       1             14            9             2019          7 
 1284.304      2             14            9             2019          7 
 1044.154      3             14            9             2019          7 
 1141.882      4             14            9             2019          7 
 1238.925      5             14            9             2019          7 
 1531.648      6             14            9             2019          7 
 1640.046      7             14            9             2019          7 
 1845.504      8             14            9             2019          7 
 1548.543      9             14            9             2019          7 
 1442.73       10            14            9             2019          7 
 1238.696      11            14            9             2019          7 
 1264.037      12            14            9             2019          7 
 1430.896      13            14            9             2019          7 
 1655.205      14            14            9             2019          7 
 1606.3        15            14            9             2019          7 
 1488.545      16            14            9             2019          7 
 1305.434      17            14            9             2019          7 
 1238.996      18            14            9             2019          7 
 1462.72       19            14            9             2019          7 
 1924.473      20            14            9             2019          7 
 2503.313      21            14            9             2019          7 
 2945.204      22            14            9             2019          7 
 3309.863      23            14            9             2019          7 
 3410.516      0             15            9             2019          1 
 3371.563      1             15            9             2019          1 
 3290.475      2             15            9             2019          1 
 2994.893      3             15            9             2019          1 
 2564.645      4             15            9             2019          1 
 2014.441      5             15            9             2019          1 
 1555.553      6             15            9             2019          1 
 1066.837      7             15            9             2019          1 
 995.6392      8             15            9             2019          1 
 954.966       9             15            9             2019          1 
 1070.627      10            15            9             2019          1 
 1216.771      11            15            9             2019          1 
 1556.07       12            15            9             2019          1 
 1683.116      13            15            9             2019          1 
 2037.923      14            15            9             2019          1 
 2356.094      15            15            9             2019          1 
 2382.334      16            15            9             2019          1 
 2603.066      17            15            9             2019          1 
 2672.709      18            15            9             2019          1 
 2802.657      19            15            9             2019          1 
 2974.832      20            15            9             2019          1 
 3287.704      21            15            9             2019          1 
 3238.374      22            15            9             2019          1 
 3322.38       23            15            9             2019          1 
 3159.5        0             16            9             2019          2 
 2984.439      1             16            9             2019          2 
 2881.206      2             16            9             2019          2 
 2592.243      3             16            9             2019          2 
 2393.951      4             16            9             2019          2 
 2003.191      5             16            9             2019          2 
 1790.891      6             16            9             2019          2 
 1407.882      7             16            9             2019          2 
 1409.198      8             16            9             2019          2 
 1268.518      9             16            9             2019          2 
 1356.689      10            16            9             2019          2 
 1505.3        11            16            9             2019          2 
 1632.883      12            16            9             2019          2 
 1828.094      13            16            9             2019          2 
 1964.891      14            16            9             2019          2 
 2201.238      15            16            9             2019          2 
 2081.249      16            16            9             2019          2 
 2260.111      17            16            9             2019          2 
 2192.021      18            16            9             2019          2 
 2335.009      19            16            9             2019          2 
 2533.25       20            16            9             2019          2 
 2823.837      21            16            9             2019          2 
 3002.818      22            16            9             2019          2 
 3163.626      23            16            9             2019          2 
 3262.666      0             17            9             2019          3 
 3109.016      1             17            9             2019          3 
 3074.415      2             17            9             2019          3 
 2706.291      3             17            9             2019          3 
 2418.266      4             17            9             2019          3 
 1870.804      5             17            9             2019          3 
 1407.828      6             17            9             2019          3 
 823.8966      7             17            9             2019          3 
 567.7035      8             17            9             2019          3 
 434.234       9             17            9             2019          3 
 622.7571      10            17            9             2019          3 
 1142.941      11            17            9             2019          3 
 1634.096      12            17            9             2019          3 
 2251.24       13            17            9             2019          3 
 2580.507      14            17            9             2019          3 
 2803.038      15            17            9             2019          3 
 2638.15       16            17            9             2019          3 
 2643.448      17            17            9             2019          3 
 2480.209      18            17            9             2019          3 
 2533.114      19            17            9             2019          3 
 2728.814      20            17            9             2019          3 
 2993.67       21            17            9             2019          3 
 3160.018      22            17            9             2019          3 
 3441.711      23            17            9             2019          3 
 3391.385      0             18            9             2019          4 
 3346.621      1             18            9             2019          4 
 3170.896      2             18            9             2019          4 
 2807.486      3             18            9             2019          4 
 2391.028      4             18            9             2019          4 
 1894.32       5             18            9             2019          4 
 1388.319      6             18            9             2019          4 
 966.5875      7             18            9             2019          4 
 902.3231      8             18            9             2019          4 
 740.4767      9             18            9             2019          4 
 951.5195      10            18            9             2019          4 
 1161.611      11            18            9             2019          4 
 1403.646      12            18            9             2019          4 
 1673.77       13            18            9             2019          4 
 2074.936      14            18            9             2019          4 
 2445.302      15            18            9             2019          4 
 2598.816      16            18            9             2019          4 
 2899.832      17            18            9             2019          4 
 2861.807      18            18            9             2019          4 
 2830.885      19            18            9             2019          4 
 2861.329      20            18            9             2019          4 
 2947.109      21            18            9             2019          4 
 2969.077      22            18            9             2019          4 
 3134.236      23            18            9             2019          4 
 3243.559      0             19            9             2019          5 
 3277.111      1             19            9             2019          5 
 3351.771      2             19            9             2019          5 
 3104.07       3             19            9             2019          5 
 3089.26       4             19            9             2019          5 
 2727.836      5             19            9             2019          5 
 2452.862      6             19            9             2019          5 
 2181.681      7             19            9             2019          5 
 2038.65       8             19            9             2019          5 
 1788.365      9             19            9             2019          5 
 1952.276      10            19            9             2019          5 
 2052.524      11            19            9             2019          5 
 2296.725      12            19            9             2019          5 
 2555.605      13            19            9             2019          5 
 2790.609      14            19            9             2019          5 
 2831.598      15            19            9             2019          5 
 2799.9        16            19            9             2019          5 
 2657.17       17            19            9             2019          5 
 2729.171      18            19            9             2019          5 
 2650.447      19            19            9             2019          5 
 2939.268      20            19            9             2019          5 
 3051.036      21            19            9             2019          5 
 3307.921      22            19            9             2019          5 
 3252.28       23            19            9             2019          5 
 3349.404      0             20            9             2019          6 
 3089.37       1             20            9             2019          6 
 3088.833      2             20            9             2019          6 
 2856.584      3             20            9             2019          6 
 2953.307      4             20            9             2019          6 
 2806.038      5             20            9             2019          6 
 2901.007      6             20            9             2019          6 
 2872.027      7             20            9             2019          6 
 2961.932      8             20            9             2019          6 
 2725.188      9             20            9             2019          6 
 2628.105      10            20            9             2019          6 
 2393.159      11            20            9             2019          6 
 2269.216      12            20            9             2019          6 
 2300.363      13            20            9             2019          6 
 2509.643      14            20            9             2019          6 
 2707.134      15            20            9             2019          6 
 2861.971      16            20            9             2019          6 
 3027.126      17            20            9             2019          6 
 2975.292      18            20            9             2019          6 
 2861.221      19            20            9             2019          6 
 2580.863      20            20            9             2019          6 
 2248.234      21            20            9             2019          6 
 1800.041      22            20            9             2019          6 
 1581.125      23            20            9             2019          6 
 1474.814      0             21            9             2019          7 
 1547.146      1             21            9             2019          7 
 1564.029      2             21            9             2019          7 
 1502.905      3             21            9             2019          7 
 1283.861      4             21            9             2019          7 
 1172.861      5             21            9             2019          7 
 1092.132      6             21            9             2019          7 
 1280.734      7             21            9             2019          7 
 1459.659      8             21            9             2019          7 
 1599.459      9             21            9             2019          7 
 1658.759      10            21            9             2019          7 
 1673.309      11            21            9             2019          7 
 1631.102      12            21            9             2019          7 
 1841.218      13            21            9             2019          7 
 1802.711      14            21            9             2019          7 
 1763.091      15            21            9             2019          7 
 1531.382      16            21            9             2019          7 
 1353.97       17            21            9             2019          7 
 1186.012      18            21            9             2019          7 
 1511.5        19            21            9             2019          7 
 1886.005      20            21            9             2019          7 
 2479.173      21            21            9             2019          7 
 2935.861      22            21            9             2019          7 
 3252.932      23            21            9             2019          7 
 3295.555      0             22            9             2019          1 
 3191.012      1             22            9             2019          1 
 3151.507      2             22            9             2019          1 
 2820.188      3             22            9             2019          1 
 2594.271      4             22            9             2019          1 
 2161.255      5             22            9             2019          1 
 1668.612      6             22            9             2019          1 
 1080.461      7             22            9             2019          1 
 642.0482      8             22            9             2019          1 
 54.04102      9             22            9             2019          1 
-301.2606      10            22            9             2019          1 
-589.7554      11            22            9             2019          1 
-493.9268      12            22            9             2019          1 
-233.9018      13            22            9             2019          1 
 481.8321      14            22            9             2019          1 
 1255.207      15            22            9             2019          1 
 2033.061      16            22            9             2019          1 
 2478.152      17            22            9             2019          1 
 2905.979      18            22            9             2019          1 
 2919.366      19            22            9             2019          1 
 3009.202      20            22            9             2019          1 
 3103.423      21            22            9             2019          1 
 3182.786      22            22            9             2019          1 
 3265.686      23            22            9             2019          1 
 3334.552      0             23            9             2019          2 
 3257.9        1             23            9             2019          2 
 3115.123      2             23            9             2019          2 
 2698.275      3             23            9             2019          2 
 2286.969      4             23            9             2019          2 
 1725.186      5             23            9             2019          2 
 1223.159      6             23            9             2019          2 
 855.6214      7             23            9             2019          2 
 711.259       8             23            9             2019          2 
 653.0734      9             23            9             2019          2 
 800.7466      10            23            9             2019          2 
 1062.502      11            23            9             2019          2 
 1394.864      12            23            9             2019          2 
 1774.827      13            23            9             2019          2 
 2169.723      14            23            9             2019          2 
 2484.941      15            23            9             2019          2 
 2599.08       16            23            9             2019          2 
 2729.316      17            23            9             2019          2 
 2674.743      18            23            9             2019          2 
 2667.044      19            23            9             2019          2 
 2744.966      20            23            9             2019          2 
 2777.241      21            23            9             2019          2 
 2891.919      22            23            9             2019          2 
 2977.501      23            23            9             2019          2 
 3057.962      0             24            9             2019          3 
 2927.561      1             24            9             2019          3 
 2967.786      2             24            9             2019          3 
 2564.518      3             24            9             2019          3 
 2305.541      4             24            9             2019          3 
 1758.171      5             24            9             2019          3 
 1302.879      6             24            9             2019          3 
 853.3179      7             24            9             2019          3 
 634.3358      8             24            9             2019          3 
 668.0499      9             24            9             2019          3 
 1040.014      10            24            9             2019          3 
 1585.648      11            24            9             2019          3 
 2213.807      12            24            9             2019          3 
 2791.27       13            24            9             2019          3 
 3286.056      14            24            9             2019          3 
 3583.023      15            24            9             2019          3 
 3890.702      16            24            9             2019          3 
 3950.747      17            24            9             2019          3 
 4103.814      18            24            9             2019          3 
 3905.991      19            24            9             2019          3 
 3762.162      20            24            9             2019          3 
 3423.718      21            24            9             2019          3 
 3114.753      22            24            9             2019          3 
 2807.568      23            24            9             2019          3 
 2706.002      0             25            9             2019          4 
 2669.58       1             25            9             2019          4 
 2716.1        2             25            9             2019          4 
 2636.739      3             25            9             2019          4 
 2477.947      4             25            9             2019          4 
 2083.937      5             25            9             2019          4 
 1603.27       6             25            9             2019          4 
 1218.098      7             25            9             2019          4 
 1047.966      8             25            9             2019          4 
 955.2733      9             25            9             2019          4 
 1222.909      10            25            9             2019          4 
 1569.727      11            25            9             2019          4 
 1865.632      12            25            9             2019          4 
 2231.962      13            25            9             2019          4 
 2486.464      14            25            9             2019          4 
 2591.298      15            25            9             2019          4 
 2520.163      16            25            9             2019          4 
 2516.122      17            25            9             2019          4 
 2429.973      18            25            9             2019          4 
 2514.402      19            25            9             2019          4 
 2771.422      20            25            9             2019          4 
 3075.443      21            25            9             2019          4 
 3276.061      22            25            9             2019          4 
 3447.025      23            25            9             2019          4 
 3480.318      0             26            9             2019          5 
 3416.47       1             26            9             2019          5 
 3318.079      2             26            9             2019          5 
 3036.85       3             26            9             2019          5 
 2709.488      4             26            9             2019          5 
 2187.137      5             26            9             2019          5 
 1698.748      6             26            9             2019          5 
 1336.643      7             26            9             2019          5 
 1123.922      8             26            9             2019          5 
 1073.925      9             26            9             2019          5 
 1337.482      10            26            9             2019          5 
 1589.727      11            26            9             2019          5 
 1935.673      12            26            9             2019          5 
 2341.96       13            26            9             2019          5 
 2612.077      14            26            9             2019          5 
 2725.372      15            26            9             2019          5 
 2915.76       16            26            9             2019          5 
 2831.458      17            26            9             2019          5 
 2860.154      18            26            9             2019          5 
 2864.859      19            26            9             2019          5 
 3069.348      20            26            9             2019          5 
 2941.7        21            26            9             2019          5 
 3090.239      22            26            9             2019          5 
 3046.268      23            26            9             2019          5 
 2980.457      0             27            9             2019          6 
 2980.161      1             27            9             2019          6 
 2956.839      2             27            9             2019          6 
 2925.145      3             27            9             2019          6 
 2782.727      4             27            9             2019          6 
 2818.729      5             27            9             2019          6 
 2605.186      6             27            9             2019          6 
 2699.345      7             27            9             2019          6 
 2679.011      8             27            9             2019          6 
 2871          9             27            9             2019          6 
 2990.623      10            27            9             2019          6 
 3145.503      11            27            9             2019          6 
 3195.805      12            27            9             2019          6 
 3280.469      13            27            9             2019          6 
 3119.501      14            27            9             2019          6 
 2948.952      15            27            9             2019          6 
 2751.068      16            27            9             2019          6 
 2586.843      17            27            9             2019          6 
 2510.27       18            27            9             2019          6 
 2547.18       19            27            9             2019          6 
 2411.539      20            27            9             2019          6 
 2325.911      21            27            9             2019          6 
 2024.791      22            27            9             2019          6 
 1849.58       23            27            9             2019          6 
 1709.716      0             28            9             2019          7 
 1685.193      1             28            9             2019          7 
 1633.923      2             28            9             2019          7 
 1616.7        3             28            9             2019          7 
 1454.523      4             28            9             2019          7 
 1312.095      5             28            9             2019          7 
 1288.486      6             28            9             2019          7 
 1207.243      7             28            9             2019          7 
 1317.664      8             28            9             2019          7 
 1394.889      9             28            9             2019          7 
 1563.407      10            28            9             2019          7 
 1648.348      11            28            9             2019          7 
 2014.156      12            28            9             2019          7 
 2126.105      13            28            9             2019          7 
 2159.861      14            28            9             2019          7 
 2060.764      15            28            9             2019          7 
 1987.207      16            28            9             2019          7 
 1594.595      17            28            9             2019          7 
 1835.598      18            28            9             2019          7 
 1936.021      19            28            9             2019          7 
 2286.518      20            28            9             2019          7 
 2629.275      21            28            9             2019          7 
 3086.803      22            28            9             2019          7 
 3070.561      23            28            9             2019          7 
 3193.732      0             29            9             2019          1 
 3128.109      1             29            9             2019          1 
 3078.027      2             29            9             2019          1 
 3051.107      3             29            9             2019          1 
 3127.238      4             29            9             2019          1 
 3060.575      5             29            9             2019          1 
 3047.387      6             29            9             2019          1 
 3038.886      7             29            9             2019          1 
 3034.959      8             29            9             2019          1 
 3003.589      9             29            9             2019          1 
 3193.622      10            29            9             2019          1 
 3275.202      11            29            9             2019          1 
 3332.939      12            29            9             2019          1 
 3288.484      13            29            9             2019          1 
 3265.1        14            29            9             2019          1 
 2987.377      15            29            9             2019          1 
 2694.627      16            29            9             2019          1 
 2319.259      17            29            9             2019          1 
 1981.85       18            29            9             2019          1 
 1647.07       19            29            9             2019          1 
 1645.527      20            29            9             2019          1 
 1851.961      21            29            9             2019          1 
 1987.363      22            29            9             2019          1 
 2324.512      23            29            9             2019          1 
 2443.1        0             30            9             2019          2 
 2531.748      1             30            9             2019          2 
 2337.904      2             30            9             2019          2 
 2217.064      3             30            9             2019          2 
 1710.014      4             30            9             2019          2 
 1333.85       5             30            9             2019          2 
 748.7321      6             30            9             2019          2 
 453.7394      7             30            9             2019          2 
 379.309       8             30            9             2019          2 
 502.9822      9             30            9             2019          2 
 809.4352      10            30            9             2019          2 
 1133.93       11            30            9             2019          2 
 1462.173      12            30            9             2019          2 
 1577.914      13            30            9             2019          2 
 1751.123      14            30            9             2019          2 
 1696.065      15            30            9             2019          2 
 1733.323      16            30            9             2019          2 
 1664.161      17            30            9             2019          2 
 1796.221      18            30            9             2019          2 
 1872.398      19            30            9             2019          2 
 2121.485      20            30            9             2019          2 
 2258.344      21            30            9             2019          2 
 2338.464      22            30            9             2019          2 
 2305.447      23            30            9             2019          2 
