 3040.921      0             1             1             2020          4 
 3182.873      1             1             1             2020          4 
 3007.461      2             1             1             2020          4 
 2754.622      3             1             1             2020          4 
 2551.291      4             1             1             2020          4 
 2284.707      5             1             1             2020          4 
 1865.353      6             1             1             2020          4 
 1532.229      7             1             1             2020          4 
 1121.346      8             1             1             2020          4 
 775.4329      9             1             1             2020          4 
 511.8055      10            1             1             2020          4 
 550.6077      11            1             1             2020          4 
 633.4242      12            1             1             2020          4 
 816.5844      13            1             1             2020          4 
 986.4261      14            1             1             2020          4 
 1102.337      15            1             1             2020          4 
 1003.105      16            1             1             2020          4 
 1001.604      17            1             1             2020          4 
 1172.105      18            1             1             2020          4 
 1438.827      19            1             1             2020          4 
 1875.645      20            1             1             2020          4 
 2412.111      21            1             1             2020          4 
 2832.014      22            1             1             2020          4 
 2990.327      23            1             1             2020          4 
 3117.887      0             2             1             2020          5 
 2992.943      1             2             1             2020          5 
 2933.92       2             2             1             2020          5 
 2687.296      3             2             1             2020          5 
 2699.739      4             2             1             2020          5 
 2443.406      5             2             1             2020          5 
 2370.384      6             2             1             2020          5 
 1999.504      7             2             1             2020          5 
 1959.371      8             2             1             2020          5 
 1737.995      9             2             1             2020          5 
 1925.303      10            2             1             2020          5 
 2003.945      11            2             1             2020          5 
 2224.105      12            2             1             2020          5 
 2029.611      13            2             1             2020          5 
 1754.973      14            2             1             2020          5 
 1200.33       15            2             1             2020          5 
 678.0108      16            2             1             2020          5 
 280.5214      17            2             1             2020          5 
 136.1483      18            2             1             2020          5 
 235.5106      19            2             1             2020          5 
 594.118       20            2             1             2020          5 
 1140.148      21            2             1             2020          5 
 1752.141      22            2             1             2020          5 
 2385.548      23            2             1             2020          5 
 2826.898      0             3             1             2020          6 
 3026.214      1             3             1             2020          6 
 3019.313      2             3             1             2020          6 
 2866.725      3             3             1             2020          6 
 2694.357      4             3             1             2020          6 
 2606.82       5             3             1             2020          6 
 2436.8        6             3             1             2020          6 
 2289.452      7             3             1             2020          6 
 2205.611      8             3             1             2020          6 
 2057.923      9             3             1             2020          6 
 2158.025      10            3             1             2020          6 
 2342.042      11            3             1             2020          6 
 2598.137      12            3             1             2020          6 
 2606.22       13            3             1             2020          6 
 2671.113      14            3             1             2020          6 
 2422.252      15            3             1             2020          6 
 2201.809      16            3             1             2020          6 
 1936.295      17            3             1             2020          6 
 2014.864      18            3             1             2020          6 
 1876.327      19            3             1             2020          6 
 1912.411      20            3             1             2020          6 
 1749.391      21            3             1             2020          6 
 1562.457      22            3             1             2020          6 
 1162.532      23            3             1             2020          6 
 1018.166      0             4             1             2020          7 
 875.9305      1             4             1             2020          7 
 1036.007      2             4             1             2020          7 
 1148.852      3             4             1             2020          7 
 1303.911      4             4             1             2020          7 
 1237.598      5             4             1             2020          7 
 1031.852      6             4             1             2020          7 
 876.0446      7             4             1             2020          7 
 797.4233      8             4             1             2020          7 
 882.6285      9             4             1             2020          7 
 1124.646      10            4             1             2020          7 
 1515.9        11            4             1             2020          7 
 1662.489      12            4             1             2020          7 
 1985.289      13            4             1             2020          7 
 1862.875      14            4             1             2020          7 
 1749.545      15            4             1             2020          7 
 1585.486      16            4             1             2020          7 
 1534.15       17            4             1             2020          7 
 1587.859      18            4             1             2020          7 
 2051.818      19            4             1             2020          7 
 2500.302      20            4             1             2020          7 
 2908.67       21            4             1             2020          7 
 3355.571      22            4             1             2020          7 
 3355.571      23            4             1             2020          7 
