 3511.643      0             1             1             2018          2 
 3490.197      1             1             1             2018          2 
 3261.229      2             1             1             2018          2 
 2990.132      3             1             1             2018          2 
 2660.464      4             1             1             2018          2 
 2292.274      5             1             1             2018          2 
 1877.857      6             1             1             2018          2 
 1392.061      7             1             1             2018          2 
 1131.736      8             1             1             2018          2 
 889.4722      9             1             1             2018          2 
 723.3256      10            1             1             2018          2 
 746.3751      11            1             1             2018          2 
 978.2233      12            1             1             2018          2 
 962.6126      13            1             1             2018          2 
 1217.587      14            1             1             2018          2 
 1163.875      15            1             1             2018          2 
 1066.209      16            1             1             2018          2 
 684.4982      17            1             1             2018          2 
 591.2589      18            1             1             2018          2 
 444.9767      19            1             1             2018          2 
 733.1804      20            1             1             2018          2 
 1239.014      21            1             1             2018          2 
 1889.159      22            1             1             2018          2 
 2490.613      23            1             1             2018          2 
 2821.089      0             2             1             2018          3 
 3011.573      1             2             1             2018          3 
 2970.109      2             2             1             2018          3 
 2807.346      3             2             1             2018          3 
 2579.209      4             2             1             2018          3 
 2255.471      5             2             1             2018          3 
 1885.234      6             2             1             2018          3 
 1384.466      7             2             1             2018          3 
 1047.752      8             2             1             2018          3 
 726.5838      9             2             1             2018          3 
 635.7303      10            2             1             2018          3 
 1044.137      11            2             1             2018          3 
 1404.223      12            2             1             2018          3 
 2048.712      13            2             1             2018          3 
 2407.995      14            2             1             2018          3 
 2477.12       15            2             1             2018          3 
 2031.095      16            2             1             2018          3 
 1564.327      17            2             1             2018          3 
 826.9661      18            2             1             2018          3 
 549.6947      19            2             1             2018          3 
 720.7553      20            2             1             2018          3 
 1164.898      21            2             1             2018          3 
 1960.591      22            2             1             2018          3 
 2549.932      23            2             1             2018          3 
 3001.9        0             3             1             2018          4 
 3123.159      1             3             1             2018          4 
 3000.347      2             3             1             2018          4 
 2756.691      3             3             1             2018          4 
 2394.743      4             3             1             2018          4 
 2090.896      5             3             1             2018          4 
 1644.47       6             3             1             2018          4 
 1250.189      7             3             1             2018          4 
 831.8447      8             3             1             2018          4 
 684.8822      9             3             1             2018          4 
 535.459       10            3             1             2018          4 
 773.7929      11            3             1             2018          4 
 1108.991      12            3             1             2018          4 
 1324.613      13            3             1             2018          4 
 1566.822      14            3             1             2018          4 
 1511.498      15            3             1             2018          4 
 1288.838      16            3             1             2018          4 
 977.6857      17            3             1             2018          4 
 729.8036      18            3             1             2018          4 
 690.5768      19            3             1             2018          4 
 922.1732      20            3             1             2018          4 
 1405.366      21            3             1             2018          4 
 1939.446      22            3             1             2018          4 
 2552.025      23            3             1             2018          4 
 2692.752      0             4             1             2018          5 
 2938.468      1             4             1             2018          5 
 2782.446      2             4             1             2018          5 
 2650.729      3             4             1             2018          5 
 2239.762      4             4             1             2018          5 
 1998.641      5             4             1             2018          5 
 1423.864      6             4             1             2018          5 
 1035.111      7             4             1             2018          5 
 623.6572      8             4             1             2018          5 
 497.7982      9             4             1             2018          5 
 469.7983      10            4             1             2018          5 
 735.3356      11            4             1             2018          5 
 1122.697      12            4             1             2018          5 
 1197.245      13            4             1             2018          5 
 1402.048      14            4             1             2018          5 
 1180.516      15            4             1             2018          5 
 936.6642      16            4             1             2018          5 
 600.4268      17            4             1             2018          5 
 430.7447      18            4             1             2018          5 
 461.6804      19            4             1             2018          5 
 812.0643      20            4             1             2018          5 
 1377.721      21            4             1             2018          5 
 1998.682      22            4             1             2018          5 
 2669.43       23            4             1             2018          5 
 2970.632      0             5             1             2018          6 
 3271.413      1             5             1             2018          6 
 3197.875      2             5             1             2018          6 
 3024.773      3             5             1             2018          6 
 2892.479      4             5             1             2018          6 
 2654.822      5             5             1             2018          6 
 2430.786      6             5             1             2018          6 
 2174.83       7             5             1             2018          6 
 1862.875      8             5             1             2018          6 
 1587.02       9             5             1             2018          6 
 1422.639      10            5             1             2018          6 
 1400.486      11            5             1             2018          6 
 1656.88       12            5             1             2018          6 
 1972.721      13            5             1             2018          6 
 2195.491      14            5             1             2018          6 
 2301.314      15            5             1             2018          6 
 2037.829      16            5             1             2018          6 
 1827.518      17            5             1             2018          6 
 1692.523      18            5             1             2018          6 
 1840.389      19            5             1             2018          6 
 2152.421      20            5             1             2018          6 
 2694.404      21            5             1             2018          6 
 2799.007      22            5             1             2018          6 
 2757.32       23            5             1             2018          6 
 2274.2        0             6             1             2018          7 
 1672.491      1             6             1             2018          7 
 1049.319      2             6             1             2018          7 
 669.6302      3             6             1             2018          7 
 349.4785      4             6             1             2018          7 
 336.3197      5             6             1             2018          7 
 294.0751      6             6             1             2018          7 
 396.1573      7             6             1             2018          7 
 528.1841      8             6             1             2018          7 
 671.0822      9             6             1             2018          7 
 842.6143      10            6             1             2018          7 
 1091.572      11            6             1             2018          7 
 1328.243      12            6             1             2018          7 
 1516.993      13            6             1             2018          7 
 1873.99       14            6             1             2018          7 
 1804.912      15            6             1             2018          7 
 1849.682      16            6             1             2018          7 
 1464.282      17            6             1             2018          7 
 1472.77       18            6             1             2018          7 
 1277.532      19            6             1             2018          7 
 1704.387      20            6             1             2018          7 
 2027.205      21            6             1             2018          7 
 2635.916      22            6             1             2018          7 
 2796.839      23            6             1             2018          7 
 2980.232      0             7             1             2018          1 
 2808.204      1             7             1             2018          1 
 2784.406      2             7             1             2018          1 
 2680.081      3             7             1             2018          1 
 2574.553      4             7             1             2018          1 
 2247.102      5             7             1             2018          1 
 1869.984      6             7             1             2018          1 
 1219.098      7             7             1             2018          1 
 891.2624      8             7             1             2018          1 
 589.9482      9             7             1             2018          1 
 607.3339      10            7             1             2018          1 
 791.9072      11            7             1             2018          1 
 1154.42       12            7             1             2018          1 
 1415.013      13            7             1             2018          1 
 1564.929      14            7             1             2018          1 
 1622.156      15            7             1             2018          1 
 1410.38       16            7             1             2018          1 
 1189.441      17            7             1             2018          1 
 937.0124      18            7             1             2018          1 
 1002.468      19            7             1             2018          1 
 1266.42       20            7             1             2018          1 
 1824.102      21            7             1             2018          1 
 2435.509      22            7             1             2018          1 
 3007.409      23            7             1             2018          1 
 3355.157      0             8             1             2018          2 
 3477.171      1             8             1             2018          2 
 3487.438      2             8             1             2018          2 
 3101.082      3             8             1             2018          2 
 2669.416      4             8             1             2018          2 
 2046.62       5             8             1             2018          2 
 1457.063      6             8             1             2018          2 
 780.5358      7             8             1             2018          2 
 529.8698      8             8             1             2018          2 
 305.6536      9             8             1             2018          2 
 384.5268      10            8             1             2018          2 
 643.3358      11            8             1             2018          2 
 1091.313      12            8             1             2018          2 
 1421.202      13            8             1             2018          2 
 1590.945      14            8             1             2018          2 
 1606.289      15            8             1             2018          2 
 1270.004      16            8             1             2018          2 
 875.8627      17            8             1             2018          2 
 508.5946      18            8             1             2018          2 
 535.3073      19            8             1             2018          2 
 706.6142      20            8             1             2018          2 
 1301.912      21            8             1             2018          2 
 1846.407      22            8             1             2018          2 
 2498.618      23            8             1             2018          2 
 2645.907      0             9             1             2018          3 
 2859.322      1             9             1             2018          3 
 2734.794      2             9             1             2018          3 
 2645.143      3             9             1             2018          3 
 2214.477      4             9             1             2018          3 
 2048.012      5             9             1             2018          3 
 1530.354      6             9             1             2018          3 
 1130.395      7             9             1             2018          3 
 787.0357      8             9             1             2018          3 
 663.0732      9             9             1             2018          3 
 596.95        10            9             1             2018          3 
 883.2393      11            9             1             2018          3 
 1204.97       12            9             1             2018          3 
 1546.802      13            9             1             2018          3 
 1727.689      14            9             1             2018          3 
 1803.793      15            9             1             2018          3 
 1504.864      16            9             1             2018          3 
 1141.777      17            9             1             2018          3 
 716.034       18            9             1             2018          3 
 518.0697      19            9             1             2018          3 
 676.7679      20            9             1             2018          3 
 1179.815      21            9             1             2018          3 
 1856.234      22            9             1             2018          3 
 2532.579      23            9             1             2018          3 
 3008.47       0             10            1             2018          4 
 3213.732      1             10            1             2018          4 
 3165.525      2             10            1             2018          4 
 3065.49       3             10            1             2018          4 
 2777.786      4             10            1             2018          4 
 2492.095      5             10            1             2018          4 
 2190.245      6             10            1             2018          4 
 1759.414      7             10            1             2018          4 
 1308.516      8             10            1             2018          4 
 925.9137      9             10            1             2018          4 
 678.6957      10            10            1             2018          4 
 480.4868      11            10            1             2018          4 
 575.3735      12            10            1             2018          4 
 722.9227      13            10            1             2018          4 
 884.0613      14            10            1             2018          4 
 1059.525      15            10            1             2018          4 
 1205.968      16            10            1             2018          4 
 1197.82       17            10            1             2018          4 
 1052.957      18            10            1             2018          4 
 1166.922      19            10            1             2018          4 
 1216.097      20            10            1             2018          4 
 1572.754      21            10            1             2018          4 
 1944.132      22            10            1             2018          4 
 2625.529      23            10            1             2018          4 
 2750.425      0             11            1             2018          5 
 3141.712      1             11            1             2018          5 
 2976.982      2             11            1             2018          5 
 2887.51       3             11            1             2018          5 
 2290.396      4             11            1             2018          5 
 2046.993      5             11            1             2018          5 
 1508.827      6             11            1             2018          5 
 1233.78       7             11            1             2018          5 
 1140.589      8             11            1             2018          5 
 1279.248      9             11            1             2018          5 
 1515.464      10            11            1             2018          5 
 1756.932      11            11            1             2018          5 
 1885.898      12            11            1             2018          5 
 1760.92       13            11            1             2018          5 
 1517.234      14            11            1             2018          5 
 1090.866      15            11            1             2018          5 
 839.0143      16            11            1             2018          5 
 520.3805      17            11            1             2018          5 
 439.1035      18            11            1             2018          5 
 664.868       19            11            1             2018          5 
 998.4017      20            11            1             2018          5 
 1503.461      21            11            1             2018          5 
 2178.1        22            11            1             2018          5 
 2702.814      23            11            1             2018          5 
 2889.93       0             12            1             2018          6 
 3165.275      1             12            1             2018          6 
 2919.062      2             12            1             2018          6 
 2705.003      3             12            1             2018          6 
 2313.498      4             12            1             2018          6 
 1990.361      5             12            1             2018          6 
 1419.218      6             12            1             2018          6 
 1117.504      7             12            1             2018          6 
 892.2233      8             12            1             2018          6 
 1036.35       9             12            1             2018          6 
 1392.968      10            12            1             2018          6 
 2020.168      11            12            1             2018          6 
 2635.27       12            12            1             2018          6 
 2993.548      13            12            1             2018          6 
 2944.603      14            12            1             2018          6 
 2658.95       15            12            1             2018          6 
 1902.859      16            12            1             2018          6 
 1531.268      17            12            1             2018          6 
 1243.418      18            12            1             2018          6 
 1635.573      19            12            1             2018          6 
 1998.775      20            12            1             2018          6 
 2685.605      21            12            1             2018          6 
 2637.589      22            12            1             2018          6 
 2510.428      23            12            1             2018          6 
 1741.352      0             13            1             2018          7 
 1117.1        1             13            1             2018          7 
 457.8         2             13            1             2018          7 
 213.5948      3             13            1             2018          7 
 3.380408      4             13            1             2018          7 
 67.47501      5             13            1             2018          7 
 62.5626       6             13            1             2018          7 
 179.5         7             13            1             2018          7 
 278.8375      8             13            1             2018          7 
 517.4714      9             13            1             2018          7 
 931.5518      10            13            1             2018          7 
 1432.248      11            13            1             2018          7 
 2050.646      12            13            1             2018          7 
 2561.598      13            13            1             2018          7 
 2741.991      14            13            1             2018          7 
 2590.298      15            13            1             2018          7 
 2114.579      16            13            1             2018          7 
 1467.734      17            13            1             2018          7 
 1082.257      18            13            1             2018          7 
 1089.816      19            13            1             2018          7 
 1397.35       20            13            1             2018          7 
 2048.495      21            13            1             2018          7 
 2657.271      22            13            1             2018          7 
 2958.868      23            13            1             2018          7 
 3125.657      0             14            1             2018          1 
 2938.757      1             14            1             2018          1 
 2709.423      2             14            1             2018          1 
 2249.72       3             14            1             2018          1 
 1935.084      4             14            1             2018          1 
 1453.081      5             14            1             2018          1 
 1159.627      6             14            1             2018          1 
 821.4017      7             14            1             2018          1 
 726.9196      8             14            1             2018          1 
 505.3035      9             14            1             2018          1 
 483.6963      10            14            1             2018          1 
 416.8036      11            14            1             2018          1 
 698.8695      12            14            1             2018          1 
 949.1749      13            14            1             2018          1 
 1386.148      14            14            1             2018          1 
 1766.914      15            14            1             2018          1 
 1823.63       16            14            1             2018          1 
 1591.429      17            14            1             2018          1 
 1280.889      18            14            1             2018          1 
 1147.055      19            14            1             2018          1 
 1039.221      20            14            1             2018          1 
 1586.052      21            14            1             2018          1 
 1930.227      22            14            1             2018          1 
 2500.389      23            14            1             2018          1 
 2580.253      0             15            1             2018          2 
 2871.35       1             15            1             2018          2 
 2605.191      2             15            1             2018          2 
 2716.923      3             15            1             2018          2 
 2355.777      4             15            1             2018          2 
 2344.291      5             15            1             2018          2 
 1916.004      6             15            1             2018          2 
 1690.904      7             15            1             2018          2 
 1292.582      8             15            1             2018          2 
 1102.104      9             15            1             2018          2 
 794.7784      10            15            1             2018          2 
 622.2036      11            15            1             2018          2 
 710.0142      12            15            1             2018          2 
 619.9697      13            15            1             2018          2 
 829.0358      14            15            1             2018          2 
 857.0322      15            15            1             2018          2 
 858.7733      16            15            1             2018          2 
 575.8216      17            15            1             2018          2 
 422.3428      18            15            1             2018          2 
 390.7875      19            15            1             2018          2 
 599.1803      20            15            1             2018          2 
 1238.473      21            15            1             2018          2 
 1859.982      22            15            1             2018          2 
 2620.939      23            15            1             2018          2 
 2899.668      0             16            1             2018          3 
 3193.234      1             16            1             2018          3 
 3002.82       2             16            1             2018          3 
 2799.882      3             16            1             2018          3 
 2280.507      4             16            1             2018          3 
 1863.325      5             16            1             2018          3 
 1248.757      6             16            1             2018          3 
 703.6234      7             16            1             2018          3 
 381.9036      8             16            1             2018          3 
 289.0894      9             16            1             2018          3 
 388.0357      10            16            1             2018          3 
 789.2143      11            16            1             2018          3 
 1220.225      12            16            1             2018          3 
 1473.091      13            16            1             2018          3 
 1592.536      14            16            1             2018          3 
 1482.864      15            16            1             2018          3 
 1078.011      16            16            1             2018          3 
 786.4374      17            16            1             2018          3 
 427.9196      18            16            1             2018          3 
 507.9751      19            16            1             2018          3 
 731.8322      20            16            1             2018          3 
 1300.096      21            16            1             2018          3 
 1926.045      22            16            1             2018          3 
 2625.968      23            16            1             2018          3 
 2947.093      0             17            1             2018          4 
 3266.018      1             17            1             2018          4 
 3250.714      2             17            1             2018          4 
 2860.457      3             17            1             2018          4 
 2570.079      4             17            1             2018          4 
 1977.143      5             17            1             2018          4 
 1426.839      6             17            1             2018          4 
 890.9536      7             17            1             2018          4 
 548.5999      8             17            1             2018          4 
 226.7606      9             17            1             2018          4 
 485.991       10            17            1             2018          4 
 766.9445      11            17            1             2018          4 
 1425.545      12            17            1             2018          4 
 1779.198      13            17            1             2018          4 
 2113.775      14            17            1             2018          4 
 1848.473      15            17            1             2018          4 
 1396.875      16            17            1             2018          4 
 724.0375      17            17            1             2018          4 
 315.6787      18            17            1             2018          4 
 145.075       19            17            1             2018          4 
 485.6143      20            17            1             2018          4 
 1163.068      21            17            1             2018          4 
 1811.418      22            17            1             2018          4 
 2547.234      23            17            1             2018          4 
 2912.303      0             18            1             2018          5 
 3046.941      1             18            1             2018          5 
 2958.121      2             18            1             2018          5 
 2610.003      3             18            1             2018          5 
 2132.134      4             18            1             2018          5 
 1638.779      5             18            1             2018          5 
 1068.479      6             18            1             2018          5 
 570.575       7             18            1             2018          5 
 315.6803      8             18            1             2018          5 
 283.4892      9             18            1             2018          5 
 385.7427      10            18            1             2018          5 
 820.5355      11            18            1             2018          5 
 1215.734      12            18            1             2018          5 
 1474.575      13            18            1             2018          5 
 1626.384      14            18            1             2018          5 
 1522.161      15            18            1             2018          5 
 1143.064      16            18            1             2018          5 
 730.4714      17            18            1             2018          5 
 402.4036      18            18            1             2018          5 
 377.0017      19            18            1             2018          5 
 641.7125      20            18            1             2018          5 
 1290.941      21            18            1             2018          5 
 1846.418      22            18            1             2018          5 
 2518.366      23            18            1             2018          5 
 2727.436      0             19            1             2018          6 
 2994.957      1             19            1             2018          6 
 2797.307      2             19            1             2018          6 
 2831.141      3             19            1             2018          6 
 2568.079      4             19            1             2018          6 
 2470.625      5             19            1             2018          6 
 2167.116      6             19            1             2018          6 
 2013.759      7             19            1             2018          6 
 1654.696      8             19            1             2018          6 
 1565.95       9             19            1             2018          6 
 1455.677      10            19            1             2018          6 
 1493.591      11            19            1             2018          6 
 1607.596      12            19            1             2018          6 
 1699.246      13            19            1             2018          6 
 1688.678      14            19            1             2018          6 
 1511.791      15            19            1             2018          6 
 1173.423      16            19            1             2018          6 
 1004.727      17            19            1             2018          6 
 1052.823      18            19            1             2018          6 
 1308.979      19            19            1             2018          6 
 1823.682      20            19            1             2018          6 
 2442.639      21            19            1             2018          6 
 2459.109      22            19            1             2018          6 
 2441.563      23            19            1             2018          6 
 1893.159      0             20            1             2018          7 
 1293.532      1             20            1             2018          7 
 682.4625      2             20            1             2018          7 
 424.4088      3             20            1             2018          7 
 136.6499      4             20            1             2018          7 
 155.0302      5             20            1             2018          7 
 169.3785      6             20            1             2018          7 
 102.2857      7             20            1             2018          7 
 193.1036      8             20            1             2018          7 
 276.4269      9             20            1             2018          7 
 457.8965      10            20            1             2018          7 
 863.2679      11            20            1             2018          7 
 1263.291      12            20            1             2018          7 
 1632.857      13            20            1             2018          7 
 1822.031      14            20            1             2018          7 
 1866.45       15            20            1             2018          7 
 1497.495      16            20            1             2018          7 
 1218.879      17            20            1             2018          7 
 1011.482      18            20            1             2018          7 
 1124.377      19            20            1             2018          7 
 1498.164      20            20            1             2018          7 
 2152.413      21            20            1             2018          7 
 2755.995      22            20            1             2018          7 
 3118.191      23            20            1             2018          7 
 3234.469      0             21            1             2018          1 
 3116.355      1             21            1             2018          1 
 2932.979      2             21            1             2018          1 
 2594.829      3             21            1             2018          1 
 2279.855      4             21            1             2018          1 
 1881.904      5             21            1             2018          1 
 1387.005      6             21            1             2018          1 
 886.8607      7             21            1             2018          1 
 620.5731      8             21            1             2018          1 
 420.425       9             21            1             2018          1 
 471.975       10            21            1             2018          1 
 711.7375      11            21            1             2018          1 
 1143.348      12            21            1             2018          1 
 1230.955      13            21            1             2018          1 
 1461.663      14            21            1             2018          1 
 1301.225      15            21            1             2018          1 
 1063.723      16            21            1             2018          1 
 573.6339      17            21            1             2018          1 
 409.3198      18            21            1             2018          1 
 322.9373      19            21            1             2018          1 
 670.7267      20            21            1             2018          1 
 1320.012      21            21            1             2018          1 
 1986.941      22            21            1             2018          1 
 2715.58       23            21            1             2018          1 
 2896.279      0             22            1             2018          2 
 3124.737      1             22            1             2018          2 
 2919.997      2             22            1             2018          2 
 2599.948      3             22            1             2018          2 
 2159.679      4             22            1             2018          2 
 1819.297      5             22            1             2018          2 
 1233.379      6             22            1             2018          2 
 743.9857      7             22            1             2018          2 
 557.6661      8             22            1             2018          2 
 246.1768      9             22            1             2018          2 
 425.391       10            22            1             2018          2 
 789.0287      11            22            1             2018          2 
 1289.677      12            22            1             2018          2 
 1587.114      13            22            1             2018          2 
 1922.118      14            22            1             2018          2 
 1781.195      15            22            1             2018          2 
 1418.271      16            22            1             2018          2 
 1035.297      17            22            1             2018          2 
 679.0499      18            22            1             2018          2 
 532.0733      19            22            1             2018          2 
 871.2999      20            22            1             2018          2 
 1254.207      21            22            1             2018          2 
 1939.871      22            22            1             2018          2 
 2384.234      23            22            1             2018          2 
 2840.557      0             23            1             2018          3 
 2985.479      1             23            1             2018          3 
 3135.594      2             23            1             2018          3 
 2864.441      3             23            1             2018          3 
 2600.746      4             23            1             2018          3 
 2095.891      5             23            1             2018          3 
 1459.927      6             23            1             2018          3 
 825.0751      7             23            1             2018          3 
 521.0162      8             23            1             2018          3 
 322.4695      9             23            1             2018          3 
 524.4965      10            23            1             2018          3 
 691.3498      11            23            1             2018          3 
 1186.709      12            23            1             2018          3 
 1173.721      13            23            1             2018          3 
 1441.723      14            23            1             2018          3 
 1273.995      15            23            1             2018          3 
 1225.257      16            23            1             2018          3 
 790.8696      17            23            1             2018          3 
 683.4965      18            23            1             2018          3 
 666.8089      19            23            1             2018          3 
 859.9285      20            23            1             2018          3 
 1399.37       21            23            1             2018          3 
 2086.291      22            23            1             2018          3 
 2652.159      23            23            1             2018          3 
 2889.409      0             24            1             2018          4 
 3114.195      1             24            1             2018          4 
 2711.429      2             24            1             2018          4 
 2398.527      3             24            1             2018          4 
 1912.438      4             24            1             2018          4 
 1575.08       5             24            1             2018          4 
 1269.031      6             24            1             2018          4 
 1260.041      7             24            1             2018          4 
 1149.205      8             24            1             2018          4 
 1230.971      9             24            1             2018          4 
 1293.132      10            24            1             2018          4 
 1356.698      11            24            1             2018          4 
 1598.561      12            24            1             2018          4 
 1652.225      13            24            1             2018          4 
 1735.598      14            24            1             2018          4 
 1557.086      15            24            1             2018          4 
 1328.957      16            24            1             2018          4 
 880.3607      17            24            1             2018          4 
 886.8141      18            24            1             2018          4 
 946.0197      19            24            1             2018          4 
 1412.243      20            24            1             2018          4 
 2038.341      21            24            1             2018          4 
 2689.939      22            24            1             2018          4 
 3083.249      23            24            1             2018          4 
 3298.404      0             25            1             2018          5 
 3302.38       1             25            1             2018          5 
 3111.534      2             25            1             2018          5 
 2672.12       3             25            1             2018          5 
 2273.251      4             25            1             2018          5 
 1723.207      5             25            1             2018          5 
 1195.614      6             25            1             2018          5 
 645.2375      7             25            1             2018          5 
 402.4232      8             25            1             2018          5 
 225.5089      9             25            1             2018          5 
 252.6376      10            25            1             2018          5 
 740.6499      11            25            1             2018          5 
 1143.486      12            25            1             2018          5 
 1743.07       13            25            1             2018          5 
 1970.621      14            25            1             2018          5 
 2146.034      15            25            1             2018          5 
 1703.164      16            25            1             2018          5 
 1495.504      17            25            1             2018          5 
 884.6143      18            25            1             2018          5 
 969.7448      19            25            1             2018          5 
 1057.186      20            25            1             2018          5 
 1640.537      21            25            1             2018          5 
 2164.82       22            25            1             2018          5 
 2906.65       23            25            1             2018          5 
 3102.275      0             26            1             2018          6 
 3314.021      1             26            1             2018          6 
 3208.003      2             26            1             2018          6 
 2969.087      3             26            1             2018          6 
 2683.954      4             26            1             2018          6 
 2455.134      5             26            1             2018          6 
 2115.377      6             26            1             2018          6 
 1839.598      7             26            1             2018          6 
 1512.514      8             26            1             2018          6 
 1270.616      9             26            1             2018          6 
 1206.461      10            26            1             2018          6 
 1381.366      11            26            1             2018          6 
 1642.343      12            26            1             2018          6 
 1886.379      13            26            1             2018          6 
 2022.355      14            26            1             2018          6 
 1720.911      15            26            1             2018          6 
 1346.093      16            26            1             2018          6 
 1071.213      17            26            1             2018          6 
 1034.968      18            26            1             2018          6 
 1287.893      19            26            1             2018          6 
 1942.507      20            26            1             2018          6 
 2569.266      21            26            1             2018          6 
 2793.393      22            26            1             2018          6 
 2935.822      23            26            1             2018          6 
 2510.059      0             27            1             2018          7 
 1971.263      1             27            1             2018          7 
 1356.37       2             27            1             2018          7 
 882.3053      3             27            1             2018          7 
 396.1483      4             27            1             2018          7 
 164.2053      5             27            1             2018          7 
-29.5696       6             27            1             2018          7 
-106.4643      7             27            1             2018          7 
 16.27501      8             27            1             2018          7 
 141.6607      9             27            1             2018          7 
 552.2054      10            27            1             2018          7 
 881.6608      11            27            1             2018          7 
 1449.904      12            27            1             2018          7 
 1746.909      13            27            1             2018          7 
 1922.493      14            27            1             2018          7 
 1852.188      15            27            1             2018          7 
 1525.055      16            27            1             2018          7 
 1183.382      17            27            1             2018          7 
 1087.239      18            27            1             2018          7 
 1250.264      19            27            1             2018          7 
 1656.814      20            27            1             2018          7 
 2380.993      21            27            1             2018          7 
 2868.186      22            27            1             2018          7 
 3180.928      23            27            1             2018          7 
 3271.236      0             28            1             2018          1 
 3107.023      1             28            1             2018          1 
 2977.416      2             28            1             2018          1 
 2590.482      3             28            1             2018          1 
 2284.373      4             28            1             2018          1 
 1833.886      5             28            1             2018          1 
 1366.484      6             28            1             2018          1 
 895.6304      7             28            1             2018          1 
 753.6733      8             28            1             2018          1 
 540.1715      9             28            1             2018          1 
 637.3679      10            28            1             2018          1 
 893.791       11            28            1             2018          1 
 1057.884      12            28            1             2018          1 
 1196.729      13            28            1             2018          1 
 1240.821      14            28            1             2018          1 
 1122.307      15            28            1             2018          1 
 827.4036      16            28            1             2018          1 
 609.1036      17            28            1             2018          1 
 336.425       18            28            1             2018          1 
 430.209       19            28            1             2018          1 
 742.5767      20            28            1             2018          1 
 1331.502      21            28            1             2018          1 
 1976.637      22            28            1             2018          1 
 2677.962      23            28            1             2018          1 
 2927.161      0             29            1             2018          2 
 3189.591      1             29            1             2018          2 
 3008.688      2             29            1             2018          2 
 2663.75       3             29            1             2018          2 
 2172.502      4             29            1             2018          2 
 1688.955      5             29            1             2018          2 
 1050.232      6             29            1             2018          2 
 576.225       7             29            1             2018          2 
 255.243       8             29            1             2018          2 
 106.4554      9             29            1             2018          2 
 371.3822      10            29            1             2018          2 
 830.9054      11            29            1             2018          2 
 1518.132      12            29            1             2018          2 
 1843.115      13            29            1             2018          2 
 2156.245      14            29            1             2018          2 
 1866.089      15            29            1             2018          2 
 1447.845      16            29            1             2018          2 
 931.4733      17            29            1             2018          2 
 644.0536      18            29            1             2018          2 
 624.3588      19            29            1             2018          2 
 1008.241      20            29            1             2018          2 
 1548.352      21            29            1             2018          2 
 2134.529      22            29            1             2018          2 
 2771.462      23            29            1             2018          2 
 3056.072      0             30            1             2018          3 
 3348.178      1             30            1             2018          3 
 3330.761      2             30            1             2018          3 
 3054.374      3             30            1             2018          3 
 2682.202      4             30            1             2018          3 
 2212.088      5             30            1             2018          3 
 1595.102      6             30            1             2018          3 
 1103.229      7             30            1             2018          3 
 684.9143      8             30            1             2018          3 
 385.5143      9             30            1             2018          3 
 235.8892      10            30            1             2018          3 
 346.0143      11            30            1             2018          3 
 490.548       12            30            1             2018          3 
 741.2125      13            30            1             2018          3 
 943.1891      14            30            1             2018          3 
 1029.541      15            30            1             2018          3 
 802.0071      16            30            1             2018          3 
 618.9445      17            30            1             2018          3 
 547.1822      18            30            1             2018          3 
 682.6767      19            30            1             2018          3 
 1154.045      20            30            1             2018          3 
 1830.025      21            30            1             2018          3 
 2432.661      22            30            1             2018          3 
 2911.368      23            30            1             2018          3 
 3201.827      0             31            1             2018          4 
 3257.895      1             31            1             2018          4 
 3128.164      2             31            1             2018          4 
 2918.864      3             31            1             2018          4 
 2739.446      4             31            1             2018          4 
 2284.223      5             31            1             2018          4 
 1992.797      6             31            1             2018          4 
 1542.775      7             31            1             2018          4 
 962.6839      8             31            1             2018          4 
 323.0072      9             31            1             2018          4 
-58.29468      10            31            1             2018          4 
-748.7535      11            31            1             2018          4 
-1075.646      12            31            1             2018          4 
-1136.464      13            31            1             2018          4 
-1230.725      14            31            1             2018          4 
-1072.734      15            31            1             2018          4 
-641.5803      16            31            1             2018          4 
-151.0125      17            31            1             2018          4 
 130.9304      18            31            1             2018          4 
 780.9214      19            31            1             2018          4 
 1180.977      20            31            1             2018          4 
 1686.923      21            31            1             2018          4 
 2083.48       22            31            1             2018          4 
 2698.359      23            31            1             2018          4 
