 3363.43       0             1             7             2020          4 
 3490.745      1             1             7             2020          4 
 3599.261      2             1             7             2020          4 
 3606.154      3             1             7             2020          4 
 3508.323      4             1             7             2020          4 
 3415.148      5             1             7             2020          4 
 3379.334      6             1             7             2020          4 
 3215.837      7             1             7             2020          4 
 3047.218      8             1             7             2020          4 
 2696.459      9             1             7             2020          4 
 2160.566      10            1             7             2020          4 
 1628.136      11            1             7             2020          4 
 1146.591      12            1             7             2020          4 
 846.291       13            1             7             2020          4 
 892.9964      14            1             7             2020          4 
 1210.656      15            1             7             2020          4 
 1648.418      16            1             7             2020          4 
 2190.454      17            1             7             2020          4 
 2643.421      18            1             7             2020          4 
 2968.585      19            1             7             2020          4 
 3183.396      20            1             7             2020          4 
 3163.084      21            1             7             2020          4 
 3142.086      22            1             7             2020          4 
 3054.889      23            1             7             2020          4 
 3074.925      0             2             7             2020          5 
 3111.589      1             2             7             2020          5 
 3271.884      2             2             7             2020          5 
 3380.693      3             2             7             2020          5 
 3525.553      4             2             7             2020          5 
 3638.602      5             2             7             2020          5 
 3654.068      6             2             7             2020          5 
 3450.173      7             2             7             2020          5 
 3208.452      8             2             7             2020          5 
 2737.096      9             2             7             2020          5 
 2128.243      10            2             7             2020          5 
 1615.161      11            2             7             2020          5 
 1227.927      12            2             7             2020          5 
 1174.118      13            2             7             2020          5 
 1362.037      14            2             7             2020          5 
 1898.461      15            2             7             2020          5 
 2354.216      16            2             7             2020          5 
 2860.253      17            2             7             2020          5 
 3090.991      18            2             7             2020          5 
 3285.257      19            2             7             2020          5 
 3275.764      20            2             7             2020          5 
 3256.947      21            2             7             2020          5 
 3280.75       22            2             7             2020          5 
 3235.82       23            2             7             2020          5 
 3195.5        0             3             7             2020          6 
 3083.579      1             3             7             2020          6 
 2984.161      2             3             7             2020          6 
 2802.448      3             3             7             2020          6 
 2687.291      4             3             7             2020          6 
 2575.289      5             3             7             2020          6 
 2540.221      6             3             7             2020          6 
 2552.545      7             3             7             2020          6 
 2712.979      8             3             7             2020          6 
 2846.602      9             3             7             2020          6 
 3055.697      10            3             7             2020          6 
 3123.807      11            3             7             2020          6 
 3240.414      12            3             7             2020          6 
 3038.77       13            3             7             2020          6 
 2952.857      14            3             7             2020          6 
 2725.527      15            3             7             2020          6 
 2615.712      16            3             7             2020          6 
 2673.005      17            3             7             2020          6 
 2754.752      18            3             7             2020          6 
 2963.628      19            3             7             2020          6 
 2979.156      20            3             7             2020          6 
 2925.823      21            3             7             2020          6 
 2535.739      22            3             7             2020          6 
 2305.698      23            3             7             2020          6 
 1677.568      0             4             7             2020          7 
 1400.67       1             4             7             2020          7 
 1112.13       2             4             7             2020          7 
 1059.15       3             4             7             2020          7 
 1026.148      4             4             7             2020          7 
 1187.729      5             4             7             2020          7 
 1294.412      6             4             7             2020          7 
 1336.891      7             4             7             2020          7 
 1386.673      8             4             7             2020          7 
 1504.241      9             4             7             2020          7 
 1531.754      10            4             7             2020          7 
 1574.191      11            4             7             2020          7 
 1812.896      12            4             7             2020          7 
 1945.536      13            4             7             2020          7 
 1972.657      14            4             7             2020          7 
 2080.821      15            4             7             2020          7 
 2053.432      16            4             7             2020          7 
 2041.745      17            4             7             2020          7 
 2008.219      18            4             7             2020          7 
 2252.207      19            4             7             2020          7 
 2409.511      20            4             7             2020          7 
 2778.336      21            4             7             2020          7 
 3057.066      22            4             7             2020          7 
 3323.048      23            4             7             2020          7 
 3403.447      0             5             7             2020          1 
 3511.048      1             5             7             2020          1 
 3538.368      2             5             7             2020          1 
 3472.288      3             5             7             2020          1 
 3558.613      4             5             7             2020          1 
 3521.423      5             5             7             2020          1 
 3548.116      6             5             7             2020          1 
 3364.917      7             5             7             2020          1 
 3246.541      8             5             7             2020          1 
 2909.988      9             5             7             2020          1 
 2850.788      10            5             7             2020          1 
 2772.164      11            5             7             2020          1 
 3008.214      12            5             7             2020          1 
 3132.35       13            5             7             2020          1 
 3030.532      14            5             7             2020          1 
 2730.664      15            5             7             2020          1 
 2126.586      16            5             7             2020          1 
 1437.973      17            5             7             2020          1 
 941.1696      18            5             7             2020          1 
 923.0465      19            5             7             2020          1 
 1029.657      20            5             7             2020          1 
 1586.048      21            5             7             2020          1 
 2196.87       22            5             7             2020          1 
 2741.368      23            5             7             2020          1 
 3148.068      0             6             7             2020          2 
 3367.982      1             6             7             2020          2 
 3505.354      2             6             7             2020          2 
 3377.134      3             6             7             2020          2 
 3420.611      4             6             7             2020          2 
 3079.566      5             6             7             2020          2 
 2888.887      6             6             7             2020          2 
 2220.132      7             6             7             2020          2 
 1518.818      8             6             7             2020          2 
 812.0875      9             6             7             2020          2 
 285.8393      10            6             7             2020          2 
 137.291       11            6             7             2020          2 
 247.3983      12            6             7             2020          2 
 672.4893      13            6             7             2020          2 
 1052.207      14            6             7             2020          2 
 1579.38       15            6             7             2020          2 
 1879.906      16            6             7             2020          2 
 2339.548      17            6             7             2020          2 
 2695.566      18            6             7             2020          2 
 2937.83       19            6             7             2020          2 
 3248.116      20            6             7             2020          2 
 3330.975      21            6             7             2020          2 
 3431.509      22            6             7             2020          2 
 3472.411      23            6             7             2020          2 
 3448.134      0             7             7             2020          3 
 3346.223      1             7             7             2020          3 
 3249.797      2             7             7             2020          3 
 3165.878      3             7             7             2020          3 
 3034.307      4             7             7             2020          3 
 3245.082      5             7             7             2020          3 
 3167.531      6             7             7             2020          3 
 3044.834      7             7             7             2020          3 
 2743.189      8             7             7             2020          3 
 2254.838      9             7             7             2020          3 
 1497.211      10            7             7             2020          3 
 1188.72       11            7             7             2020          3 
 786.4875      12            7             7             2020          3 
 699.493       13            7             7             2020          3 
 1032.405      14            7             7             2020          3 
 1413.559      15            7             7             2020          3 
 1817.971      16            7             7             2020          3 
 2464.956      17            7             7             2020          3 
 2822.048      18            7             7             2020          3 
 3142.354      19            7             7             2020          3 
 3397.863      20            7             7             2020          3 
 3498.532      21            7             7             2020          3 
 3449.173      22            7             7             2020          3 
 3518.314      23            7             7             2020          3 
 3415.875      0             8             7             2020          4 
 3302.591      1             8             7             2020          4 
 3236.503      2             8             7             2020          4 
 3186.38       3             8             7             2020          4 
 3066.623      4             8             7             2020          4 
 3064.249      5             8             7             2020          4 
 3055.831      6             8             7             2020          4 
 2754.975      7             8             7             2020          4 
 2571.32       8             8             7             2020          4 
 2230.839      9             8             7             2020          4 
 1808.559      10            8             7             2020          4 
 1482.609      11            8             7             2020          4 
 1345.044      12            8             7             2020          4 
 1170          13            8             7             2020          4 
 1305.887      14            8             7             2020          4 
 1620.029      15            8             7             2020          4 
 1982.086      16            8             7             2020          4 
 2476.568      17            8             7             2020          4 
 2914.511      18            8             7             2020          4 
 3188.868      19            8             7             2020          4 
 3361.986      20            8             7             2020          4 
 3381.74       21            8             7             2020          4 
 3358.704      22            8             7             2020          4 
 3350.936      23            8             7             2020          4 
 3374.034      0             9             7             2020          5 
 3296.35       1             9             7             2020          5 
 3267.887      2             9             7             2020          5 
 3282.947      3             9             7             2020          5 
 3114.47       4             9             7             2020          5 
 3236.159      5             9             7             2020          5 
 3217.372      6             9             7             2020          5 
 3153.615      7             9             7             2020          5 
 3095.316      8             9             7             2020          5 
 2992.582      9             9             7             2020          5 
 2609.529      10            9             7             2020          5 
 2396.096      11            9             7             2020          5 
 2190.618      12            9             7             2020          5 
 1925.287      13            9             7             2020          5 
 2022.33       14            9             7             2020          5 
 2198.152      15            9             7             2020          5 
 2479.032      16            9             7             2020          5 
 2763.982      17            9             7             2020          5 
 3053.659      18            9             7             2020          5 
 3122.107      19            9             7             2020          5 
 3220.695      20            9             7             2020          5 
 3267.227      21            9             7             2020          5 
 3305.884      22            9             7             2020          5 
 3305.081      23            9             7             2020          5 
 3273.911      0             10            7             2020          6 
 3172.473      1             10            7             2020          6 
 2914.92       2             10            7             2020          6 
 2578.969      3             10            7             2020          6 
 2298.009      4             10            7             2020          6 
 1993.647      5             10            7             2020          6 
 1925.322      6             10            7             2020          6 
 2002.139      7             10            7             2020          6 
 2264.241      8             10            7             2020          6 
 2510.829      9             10            7             2020          6 
 2840.85       10            10            7             2020          6 
 3015.484      11            10            7             2020          6 
 3176.027      12            10            7             2020          6 
 3289.54       13            10            7             2020          6 
 3409.23       14            10            7             2020          6 
 3465.627      15            10            7             2020          6 
 3419.866      16            10            7             2020          6 
 3297.127      17            10            7             2020          6 
 3025.207      18            10            7             2020          6 
 2695.016      19            10            7             2020          6 
 2380.37       20            10            7             2020          6 
 2055.691      21            10            7             2020          6 
 1873.468      22            10            7             2020          6 
 1823.139      23            10            7             2020          6 
 1665.857      0             11            7             2020          7 
 1636.648      1             11            7             2020          7 
 1376.341      2             11            7             2020          7 
 1173.4        3             11            7             2020          7 
 884.9803      4             11            7             2020          7 
 952.4733      5             11            7             2020          7 
 909.9213      6             11            7             2020          7 
 1229.188      7             11            7             2020          7 
 1352          8             11            7             2020          7 
 1514.737      9             11            7             2020          7 
 1503.293      10            11            7             2020          7 
 1699.093      11            11            7             2020          7 
 1826.807      12            11            7             2020          7 
 2056.398      13            11            7             2020          7 
 2195.932      14            11            7             2020          7 
 2137.32       15            11            7             2020          7 
 1881.103      16            11            7             2020          7 
 1703.605      17            11            7             2020          7 
 1582.923      18            11            7             2020          7 
 1722.5        19            11            7             2020          7 
 2166.498      20            11            7             2020          7 
 2572.855      21            11            7             2020          7 
 3004.598      22            11            7             2020          7 
 3286.822      23            11            7             2020          7 
 3473.784      0             12            7             2020          1 
 3437.125      1             12            7             2020          1 
 3482.055      2             12            7             2020          1 
 3369.884      3             12            7             2020          1 
 3268.075      4             12            7             2020          1 
 3293.668      5             12            7             2020          1 
 3296.811      6             12            7             2020          1 
 3306.3        7             12            7             2020          1 
 3087.152      8             12            7             2020          1 
 2815.559      9             12            7             2020          1 
 2201.416      10            12            7             2020          1 
 1735.18       11            12            7             2020          1 
 1235.832      12            12            7             2020          1 
 1024.595      13            12            7             2020          1 
 1082.809      14            12            7             2020          1 
 1365.775      15            12            7             2020          1 
 1823.777      16            12            7             2020          1 
 2293.748      17            12            7             2020          1 
 2818.052      18            12            7             2020          1 
 3052.782      19            12            7             2020          1 
 3255.607      20            12            7             2020          1 
 3290.727      21            12            7             2020          1 
 3261.002      22            12            7             2020          1 
 3228.137      23            12            7             2020          1 
 3310.482      0             13            7             2020          2 
 3292.85       1             13            7             2020          2 
 3211.918      2             13            7             2020          2 
 3238.613      3             13            7             2020          2 
 3006.073      4             13            7             2020          2 
 3000.321      5             13            7             2020          2 
 2944.178      6             13            7             2020          2 
 2835.395      7             13            7             2020          2 
 2761.55       8             13            7             2020          2 
 2672.896      9             13            7             2020          2 
 2275.938      10            13            7             2020          2 
 1893.207      11            13            7             2020          2 
 1584.045      12            13            7             2020          2 
 1074.031      13            13            7             2020          2 
 1000.993      14            13            7             2020          2 
 1060.13       15            13            7             2020          2 
 1391.091      16            13            7             2020          2 
 1853.8        17            13            7             2020          2 
 2460.237      18            13            7             2020          2 
 2896.911      19            13            7             2020          2 
 3248.432      20            13            7             2020          2 
 3439.845      21            13            7             2020          2 
 3420.813      22            13            7             2020          2 
 3365.359      23            13            7             2020          2 
 3175.271      0             14            7             2020          3 
 2995.665      1             14            7             2020          3 
 2901.273      2             14            7             2020          3 
 2886.734      3             14            7             2020          3 
 2884.941      4             14            7             2020          3 
 2982.105      5             14            7             2020          3 
 3037.236      6             14            7             2020          3 
 2779.609      7             14            7             2020          3 
 2547.784      8             14            7             2020          3 
 2059.156      9             14            7             2020          3 
 1533.421      10            14            7             2020          3 
 1048.929      11            14            7             2020          3 
 888.6019      12            14            7             2020          3 
 605.5501      13            14            7             2020          3 
 962.725       14            14            7             2020          3 
 1272.666      15            14            7             2020          3 
 1783.032      16            14            7             2020          3 
 2231.281      17            14            7             2020          3 
 2817.023      18            14            7             2020          3 
 2923.645      19            14            7             2020          3 
 3296.395      20            14            7             2020          3 
 3354.086      21            14            7             2020          3 
 3476.425      22            14            7             2020          3 
 3490.573      23            14            7             2020          3 
 3600.807      0             15            7             2020          4 
 3393.293      1             15            7             2020          4 
 3408.264      2             15            7             2020          4 
 3249.339      3             15            7             2020          4 
 3085.116      4             15            7             2020          4 
 3080.202      5             15            7             2020          4 
 3041.628      6             15            7             2020          4 
 2767.959      7             15            7             2020          4 
 2617.575      8             15            7             2020          4 
 2318.348      9             15            7             2020          4 
 1835.175      10            15            7             2020          4 
 1499.539      11            15            7             2020          4 
 1278.236      12            15            7             2020          4 
 919.0856      13            15            7             2020          4 
 1058.241      14            15            7             2020          4 
 1272.052      15            15            7             2020          4 
 1693.391      16            15            7             2020          4 
 2129.207      17            15            7             2020          4 
 2745.118      18            15            7             2020          4 
 2970.118      19            15            7             2020          4 
 3310.93       20            15            7             2020          4 
 3385.63       21            15            7             2020          4 
 3491.708      22            15            7             2020          4 
 3484.809      23            15            7             2020          4 
 3520.875      0             16            7             2020          5 
 3382.645      1             16            7             2020          5 
 3278.872      2             16            7             2020          5 
 3162.28       3             16            7             2020          5 
 3012.85       4             16            7             2020          5 
 3093.79       5             16            7             2020          5 
 3085.091      6             16            7             2020          5 
 2889.891      7             16            7             2020          5 
 2692.248      8             16            7             2020          5 
 2336.384      9             16            7             2020          5 
 1742.839      10            16            7             2020          5 
 1458.323      11            16            7             2020          5 
 1296.038      12            16            7             2020          5 
 1170.863      13            16            7             2020          5 
 1450.925      14            16            7             2020          5 
 1806.645      15            16            7             2020          5 
 2124.92       16            16            7             2020          5 
 2497.011      17            16            7             2020          5 
 2864.579      18            16            7             2020          5 
 3003.206      19            16            7             2020          5 
 3169.057      20            16            7             2020          5 
 3240.116      21            16            7             2020          5 
 3242.566      22            16            7             2020          5 
 3212.204      23            16            7             2020          5 
 3183.264      0             17            7             2020          6 
 3080.762      1             17            7             2020          6 
 2857.529      2             17            7             2020          6 
 2788.182      3             17            7             2020          6 
 2628.232      4             17            7             2020          6 
 2496.436      5             17            7             2020          6 
 2568.123      6             17            7             2020          6 
 2609.441      7             17            7             2020          6 
 2773.337      8             17            7             2020          6 
 3018.398      9             17            7             2020          6 
 3119.375      10            17            7             2020          6 
 3207.175      11            17            7             2020          6 
 3274.497      12            17            7             2020          6 
 3175.884      13            17            7             2020          6 
 3147.77       14            17            7             2020          6 
 3226.593      15            17            7             2020          6 
 3150.916      16            17            7             2020          6 
 3234.555      17            17            7             2020          6 
 3283.064      18            17            7             2020          6 
 3299.277      19            17            7             2020          6 
 3294.71       20            17            7             2020          6 
 3124.623      21            17            7             2020          6 
 2798.066      22            17            7             2020          6 
 2404.917      23            17            7             2020          6 
 1872.68       0             18            7             2020          7 
 1630.161      1             18            7             2020          7 
 1399.586      2             18            7             2020          7 
 1272.429      3             18            7             2020          7 
 1140.816      4             18            7             2020          7 
 1209.941      5             18            7             2020          7 
 1086.73       6             18            7             2020          7 
 1287.341      7             18            7             2020          7 
 1440.077      8             18            7             2020          7 
 1555.716      9             18            7             2020          7 
 1654.409      10            18            7             2020          7 
 1748.139      11            18            7             2020          7 
 1801.553      12            18            7             2020          7 
 1956.686      13            18            7             2020          7 
 1976.293      14            18            7             2020          7 
 1950.252      15            18            7             2020          7 
 1874.325      16            18            7             2020          7 
 1726.393      17            18            7             2020          7 
 1749.977      18            18            7             2020          7 
 2036.184      19            18            7             2020          7 
 2330.581      20            18            7             2020          7 
 2725.375      21            18            7             2020          7 
 3097.08       22            18            7             2020          7 
 3292.663      23            18            7             2020          7 
 3479.118      0             19            7             2020          1 
 3556.196      1             19            7             2020          1 
 3590.104      2             19            7             2020          1 
 3495.661      3             19            7             2020          1 
 3286.423      4             19            7             2020          1 
 3119.854      5             19            7             2020          1 
 2876.598      6             19            7             2020          1 
 2524.677      7             19            7             2020          1 
 2249.505      8             19            7             2020          1 
 1965.296      9             19            7             2020          1 
 1634.393      10            19            7             2020          1 
 1462.355      11            19            7             2020          1 
 1404.961      12            19            7             2020          1 
 1404.657      13            19            7             2020          1 
 1645.229      14            19            7             2020          1 
 1944.636      15            19            7             2020          1 
 2364.902      16            19            7             2020          1 
 2655.689      17            19            7             2020          1 
 2977.172      18            19            7             2020          1 
 3120.833      19            19            7             2020          1 
 3237.38       20            19            7             2020          1 
 3289.406      21            19            7             2020          1 
 3448.557      22            19            7             2020          1 
 3467.332      23            19            7             2020          1 
 3506.207      0             20            7             2020          2 
 3436.536      1             20            7             2020          2 
 3217.736      2             20            7             2020          2 
 3087.991      3             20            7             2020          2 
 2962.613      4             20            7             2020          2 
 2946.93       5             20            7             2020          2 
 3007.702      6             20            7             2020          2 
 2979.398      7             20            7             2020          2 
 2730.557      8             20            7             2020          2 
 2394.688      9             20            7             2020          2 
 1797.443      10            20            7             2020          2 
 1315.195      11            20            7             2020          2 
 909.9678      12            20            7             2020          2 
 715.0553      13            20            7             2020          2 
 812.491       14            20            7             2020          2 
 1166.493      15            20            7             2020          2 
 1580.596      16            20            7             2020          2 
 2143.671      17            20            7             2020          2 
 2610.012      18            20            7             2020          2 
 2915.538      19            20            7             2020          2 
 3189.302      20            20            7             2020          2 
 3286.166      21            20            7             2020          2 
 3356.061      22            20            7             2020          2 
 3348.729      23            20            7             2020          2 
 3364.761      0             21            7             2020          3 
 3218.605      1             21            7             2020          3 
 3122.65       2             21            7             2020          3 
 3061.227      3             21            7             2020          3 
 2945.416      4             21            7             2020          3 
 3036.718      5             21            7             2020          3 
 3066.295      6             21            7             2020          3 
 3015.171      7             21            7             2020          3 
 2750.107      8             21            7             2020          3 
 2489.132      9             21            7             2020          3 
 1836.814      10            21            7             2020          3 
 1373.343      11            21            7             2020          3 
 1002.411      12            21            7             2020          3 
 652.1483      13            21            7             2020          3 
 866.4232      14            21            7             2020          3 
 1121.531      15            21            7             2020          3 
 1671.068      16            21            7             2020          3 
 2146.693      17            21            7             2020          3 
 2779.739      18            21            7             2020          3 
 2944.593      19            21            7             2020          3 
 3314.936      20            21            7             2020          3 
 3405.786      21            21            7             2020          3 
 3458.854      22            21            7             2020          3 
 3545.146      23            21            7             2020          3 
 3592.165      0             22            7             2020          4 
 3531.96       1             22            7             2020          4 
 3393.99       2             22            7             2020          4 
 3346.939      3             22            7             2020          4 
 3045.67       4             22            7             2020          4 
 3058.1        5             22            7             2020          4 
 3003.809      6             22            7             2020          4 
 2752.781      7             22            7             2020          4 
 2574.191      8             22            7             2020          4 
 2282.146      9             22            7             2020          4 
 1846.52       10            22            7             2020          4 
 1459.032      11            22            7             2020          4 
 1461.643      12            22            7             2020          4 
 1320.084      13            22            7             2020          4 
 1643.891      14            22            7             2020          4 
 2023.678      15            22            7             2020          4 
 2469.495      16            22            7             2020          4 
 2745.782      17            22            7             2020          4 
 3111.552      18            22            7             2020          4 
 3227.016      19            22            7             2020          4 
 3284.561      20            22            7             2020          4 
 3327.094      21            22            7             2020          4 
 3367.388      22            22            7             2020          4 
 3389.068      23            22            7             2020          4 
 3452.348      0             23            7             2020          5 
 3423.134      1             23            7             2020          5 
 3351.044      2             23            7             2020          5 
 3318.85       3             23            7             2020          5 
 3199.003      4             23            7             2020          5 
 3145.241      5             23            7             2020          5 
 3085.641      6             23            7             2020          5 
 2843.777      7             23            7             2020          5 
 2516.784      8             23            7             2020          5 
 2136.205      9             23            7             2020          5 
 1650.159      10            23            7             2020          5 
 1374.58       11            23            7             2020          5 
 1300.436      12            23            7             2020          5 
 1232.529      13            23            7             2020          5 
 1479.095      14            23            7             2020          5 
 1754.347      15            23            7             2020          5 
 2119.666      16            23            7             2020          5 
 2432.716      17            23            7             2020          5 
 2977.52       18            23            7             2020          5 
 3131.648      19            23            7             2020          5 
 3483.45       20            23            7             2020          5 
 3483.11       21            23            7             2020          5 
 3535.211      22            23            7             2020          5 
 3305.582      23            23            7             2020          5 
 3226.372      0             24            7             2020          6 
 2977.384      1             24            7             2020          6 
 2774.31       2             24            7             2020          6 
 2621.937      3             24            7             2020          6 
 2577.979      4             24            7             2020          6 
 2544.029      5             24            7             2020          6 
 2672.855      6             24            7             2020          6 
 2775.135      7             24            7             2020          6 
 2963.288      8             24            7             2020          6 
 3128.368      9             24            7             2020          6 
 3311.614      10            24            7             2020          6 
 3260.032      11            24            7             2020          6 
 3169.29       12            24            7             2020          6 
 2941.984      13            24            7             2020          6 
 2686.595      14            24            7             2020          6 
 2518.663      15            24            7             2020          6 
 2632.197      16            24            7             2020          6 
 2731.666      17            24            7             2020          6 
 2962.489      18            24            7             2020          6 
 3121.525      19            24            7             2020          6 
 3030.163      20            24            7             2020          6 
 2749.989      21            24            7             2020          6 
 2482.365      22            24            7             2020          6 
 1985.289      23            24            7             2020          6 
 1644.879      0             25            7             2020          7 
 1382.01       1             25            7             2020          7 
 1132.984      2             25            7             2020          7 
 1132.657      3             25            7             2020          7 
 1262.289      4             25            7             2020          7 
 1187.243      5             25            7             2020          7 
 1260.305      6             25            7             2020          7 
 1205.809      7             25            7             2020          7 
 1207.252      8             25            7             2020          7 
 1382.907      9             25            7             2020          7 
 1589.938      10            25            7             2020          7 
 1934.961      11            25            7             2020          7 
 2182.443      12            25            7             2020          7 
 2380.055      13            25            7             2020          7 
 2251.698      14            25            7             2020          7 
 2332.27       15            25            7             2020          7 
 2120.271      16            25            7             2020          7 
 2151.659      17            25            7             2020          7 
 2175.205      18            25            7             2020          7 
 2348.073      19            25            7             2020          7 
 2438.21       20            25            7             2020          7 
 2754.859      21            25            7             2020          7 
 3034.623      22            25            7             2020          7 
 3082.038      23            25            7             2020          7 
 3175.373      0             26            7             2020          1 
 3245.866      1             26            7             2020          1 
 3203.475      2             26            7             2020          1 
 3275.366      3             26            7             2020          1 
 3130.521      4             26            7             2020          1 
 3192.837      5             26            7             2020          1 
 3049.711      6             26            7             2020          1 
 2913.802      7             26            7             2020          1 
 2727.15       8             26            7             2020          1 
 2564.229      9             26            7             2020          1 
 2021.422      10            26            7             2020          1 
 1683.432      11            26            7             2020          1 
 1177.966      12            26            7             2020          1 
 731.6053      13            26            7             2020          1 
 702.1178      14            26            7             2020          1 
 950.5106      15            26            7             2020          1 
 1398.266      16            26            7             2020          1 
 1975.164      17            26            7             2020          1 
 2541.503      18            26            7             2020          1 
 2878.691      19            26            7             2020          1 
 3180.262      20            26            7             2020          1 
 3252.616      21            26            7             2020          1 
 3283.089      22            26            7             2020          1 
 3207.219      23            26            7             2020          1 
 3108.729      0             27            7             2020          2 
 2901.993      1             27            7             2020          2 
 2732.53       2             27            7             2020          2 
 2581.22       3             27            7             2020          2 
 2524.12       4             27            7             2020          2 
 2544.303      5             27            7             2020          2 
 2664.214      6             27            7             2020          2 
 2606.374      7             27            7             2020          2 
 2460.711      8             27            7             2020          2 
 2130.723      9             27            7             2020          2 
 1776.422      10            27            7             2020          2 
 1330.205      11            27            7             2020          2 
 1114.213      12            27            7             2020          2 
 1162.18       13            27            7             2020          2 
 1312.711      14            27            7             2020          2 
 1762.011      15            27            7             2020          2 
 2237.509      16            27            7             2020          2 
 2684.307      17            27            7             2020          2 
 3053.414      18            27            7             2020          2 
 3340.706      19            27            7             2020          2 
 3465.886      20            27            7             2020          2 
 3514.238      21            27            7             2020          2 
 3541.773      22            27            7             2020          2 
 3510.447      23            27            7             2020          2 
 3515.563      0             28            7             2020          3 
 3409.902      1             28            7             2020          3 
 3340.775      2             28            7             2020          3 
 3301.157      3             28            7             2020          3 
 3269.275      4             28            7             2020          3 
 3366.213      5             28            7             2020          3 
 3392.469      6             28            7             2020          3 
 3221.047      7             28            7             2020          3 
 2938.43       8             28            7             2020          3 
 2341.802      9             28            7             2020          3 
 1675.635      10            28            7             2020          3 
 1082.839      11            28            7             2020          3 
 793.1779      12            28            7             2020          3 
 562.3963      13            28            7             2020          3 
 898.8177      14            28            7             2020          3 
 1230.298      15            28            7             2020          3 
 1787.912      16            28            7             2020          3 
 2309.091      17            28            7             2020          3 
 2840.993      18            28            7             2020          3 
 3125.732      19            28            7             2020          3 
 3377.891      20            28            7             2020          3 
 3443.146      21            28            7             2020          3 
 3440.725      22            28            7             2020          3 
 3447.273      23            28            7             2020          3 
 3360.878      0             29            7             2020          4 
 3334.193      1             29            7             2020          4 
 3184.137      2             29            7             2020          4 
 3173.766      3             29            7             2020          4 
 2906.541      4             29            7             2020          4 
 3024.585      5             29            7             2020          4 
 2878.027      6             29            7             2020          4 
 2846.311      7             29            7             2020          4 
 2665.232      8             29            7             2020          4 
 2652.016      9             29            7             2020          4 
 2237.284      10            29            7             2020          4 
 2114.896      11            29            7             2020          4 
 1879.082      12            29            7             2020          4 
 1612.407      13            29            7             2020          4 
 1578.295      14            29            7             2020          4 
 1727.947      15            29            7             2020          4 
 1986.113      16            29            7             2020          4 
 2426.507      17            29            7             2020          4 
 2872.575      18            29            7             2020          4 
 3201.165      19            29            7             2020          4 
 3415.136      20            29            7             2020          4 
 3478.641      21            29            7             2020          4 
 3483.243      22            29            7             2020          4 
 3497.355      23            29            7             2020          4 
 3465.686      0             30            7             2020          5 
 3375.82       1             30            7             2020          5 
 3324.036      2             30            7             2020          5 
 3192.302      3             30            7             2020          5 
 2908.982      4             30            7             2020          5 
 2855.861      5             30            7             2020          5 
 2668.755      6             30            7             2020          5 
 2350.876      7             30            7             2020          5 
 2115.516      8             30            7             2020          5 
 1882.995      9             30            7             2020          5 
 1404.719      10            30            7             2020          5 
 1255.27       11            30            7             2020          5 
 1064.891      12            30            7             2020          5 
 973.3966      13            30            7             2020          5 
 1025.573      14            30            7             2020          5 
 1341.77       15            30            7             2020          5 
 1674.916      16            30            7             2020          5 
 2127.668      17            30            7             2020          5 
 2594.032      18            30            7             2020          5 
 2893.872      19            30            7             2020          5 
 3243.168      20            30            7             2020          5 
 3267.254      21            30            7             2020          5 
 3512.027      22            30            7             2020          5 
 3400.064      23            30            7             2020          5 
 3558.468      0             31            7             2020          6 
 3307.197      1             31            7             2020          6 
 3262.691      2             31            7             2020          6 
 2955.072      3             31            7             2020          6 
 2837.341      4             31            7             2020          6 
 2654.884      5             31            7             2020          6 
 2700.666      6             31            7             2020          6 
 2751.95       7             31            7             2020          6 
 2936.917      8             31            7             2020          6 
 3143.337      9             31            7             2020          6 
 3326.192      10            31            7             2020          6 
 3376.218      11            31            7             2020          6 
 3389.436      12            31            7             2020          6 
 3258.154      13            31            7             2020          6 
 2986.113      14            31            7             2020          6 
 2760.213      15            31            7             2020          6 
 2655.011      16            31            7             2020          6 
 2552.091      17            31            7             2020          6 
 2694.553      18            31            7             2020          6 
 2924.282      19            31            7             2020          6 
 3115.907      20            31            7             2020          6 
 3089.732      21            31            7             2020          6 
 3008.214      22            31            7             2020          6 
 2541.689      23            31            7             2020          6 
