 37501.2673    1             6             2019          7 
   .047514074616228    3.61308330070005E-02    3.09091963194301E-02    2.20209696758576E-02    2.56204199737388E-02    2.24988587991915E-02    2.71853215154962E-02    3.26127910907627E-02    4.13537489482139E-02    4.95673385601908E-02    5.60719201723151E-02    5.85925250934786E-02    5.96436093641027E-02    5.75533089113598E-02    5.16255339781211E-02    4.67640739205849E-02    3.31203488078105E-02    2.55032820052941E-02    .019740473827788    2.48929689717654E-02    3.23723467425409E-02    5.15336718481961E-02    .065886757753984    .081285625375219 
 58844.164     2             6             2019          1 
   5.33368276785485E-02    5.56141491828208E-02    .052548152432064    5.03305465525328E-02    4.46695941142948E-02    4.06374555615978E-02    3.22421784781569E-02    2.74435531845764E-02    2.08250389424504E-02    2.04552650902273E-02    1.99865017923921E-02    .025082317390844    2.94257899686057E-02    3.58367558004032E-02    3.98516306336152E-02    4.49274130983172E-02    4.45614272239576E-02    4.79357147557891E-02    .046554642090601    .048907756343624    5.05860379838921E-02    5.49073490241318E-02    5.52725341539923E-02    5.80613737336276E-02 
 51430.8857    3             6             2019          2 
   6.47791663899685E-02    6.11137639763732E-02    6.01483689151935E-02    5.25454110787363E-02    4.75567351500156E-02    3.87376380561972E-02    3.28548095201285E-02    2.47187081538232E-02    2.46524239051506E-02    2.19102397668678E-02    2.13977835113933E-02    1.83727502644905E-02    1.54293410843278E-02    .014069539671932    1.63896129833074E-02    2.51827857133872E-02    3.58020673023331E-02    4.81174466803053E-02    5.56185631252045E-02    6.12569846636435E-02    6.44153969522005E-02    6.47872172429601E-02    6.51378233462082E-02    .065005411498715 
 55270.8041    4             6             2019          3 
   5.96195056546703E-02    5.70310519439209E-02    5.73459167683907E-02    5.21468439799101E-02    4.86579851802242E-02    4.25085535094242E-02    3.92960992212727E-02    3.71323168032668E-02    4.08057736203964E-02    4.28873789783529E-02    .044540169736625    4.25790427334764E-02    3.55830711725558E-02    2.82641094000465E-02    .02051137254417    1.64415805899739E-02    1.52148271347561E-02    .020240089743081    2.68525492160279E-02    3.81135782179506E-02    4.90644577260637E-02    5.71787577443396E-02    6.28353788336237E-02    6.51495880297406E-02 
 58704.2564    5             6             2019          4 
   5.94769154712115E-02    5.70048943101956E-02    5.43340314930831E-02    5.04324439597833E-02    4.62543279525192E-02    4.02757492411785E-02    3.33839511728638E-02    2.60237697975082E-02    1.95293847178771E-02    1.45821213872566E-02    1.68082323706062E-02    .020600533307459    2.93212466689532E-02    3.90769601285461E-02    4.65697746942354E-02    .050095071902018    4.94230934039329E-02    4.76192745295127E-02    4.34406677811079E-02    4.34834038485815E-02    4.60071566117095E-02    5.17479504462623E-02    .056002210347977    5.85068325242639E-02 
 57779.3357    6             6             2019          5 
   6.08183514528101E-02    5.64628165706503E-02    5.51789677561575E-02    4.81450847768227E-02    4.43166047749317E-02    3.49382877998425E-02    2.96504613492975E-02    .020858944253712    1.94882994491359E-02    1.43191622843513E-02    1.66628082435869E-02    1.75851965380262E-02    2.26056071269546E-02    2.61061329497295E-02    3.50798935256007E-02    3.96844458349968E-02    4.65457424786233E-02    5.15086232326331E-02    5.63899369252029E-02    5.86452932165569E-02    6.28576293983335E-02    6.22181282561998E-02    6.23278871656467E-02    5.76056976943143E-02 
 60744.829     7             6             2019          6 
   5.30233292187924E-02    4.83099891720825E-02    .047002915787799    4.35090524523804E-02    4.38398298684815E-02    4.22719599476628E-02    .041872732935887    4.17622875780608E-02    4.13381701695958E-02    4.07690992576607E-02    4.19736449462328E-02    4.13885618688835E-02    4.15900764175026E-02    3.88407868120758E-02    3.80366055456239E-02    3.53692657526454E-02    3.84049818089763E-02    3.88400151414534E-02    .044799993097715    4.47359082639981E-02    4.49947434710348E-02    4.10165603612531E-02    3.58569615859813E-02    3.04525342292922E-02 
 35745.8376    8             6             2019          7 
   4.50797644878711E-02    3.72818791374555E-02    3.00551069113324E-02    3.03911484134327E-02    2.74436574119078E-02    3.25501389963758E-02    3.50324981952846E-02    4.00773108726493E-02    .042720944585325    .046955174058285    5.10781717211741E-02    5.51774183942853E-02    6.03102685290867E-02    6.35398157671615E-02    6.07098110599316E-02    5.47339800729869E-02    4.55641856457366E-02    3.67799187871387E-02    2.67383247294942E-02    .025246446688405    2.41886312184438E-02    3.23487183092333E-02    4.24729746901794E-02    5.35237143247134E-02 
 44552.5473    9             6             2019          1 
   5.04096413290268E-02    5.27766233427578E-02    5.50742032413908E-02    4.85847629900137E-02    4.23513159883691E-02    3.19660744503673E-02    .023772287579096    1.56060533201193E-02    1.38468946468284E-02    1.54906205878224E-02    2.09935890936981E-02    3.19157723014891E-02    3.78440089119284E-02    .040752124669515    .038429384106731    .034779874021297    3.00871019163926E-02    3.28406808364047E-02    4.05676679307613E-02    5.23677783048305E-02    6.35164595484168E-02    7.28658423245476E-02    7.62666829602356E-02    7.68945460586633E-02 
 63408.534     10            6             2019          2 
   5.11080422574704E-02    5.11779864481648E-02    4.87888567619699E-02    4.52345591222488E-02    4.07302279369643E-02    3.49324605625049E-02    2.70553320224954E-02    2.36788788266902E-02    2.55676145430943E-02    2.90481080861884E-02    3.65556309004676E-02    4.23645640875998E-02    4.43884253887458E-02    4.38162621954306E-02    4.35674801885204E-02    4.25799449134974E-02    4.03523614349963E-02    4.26589757655393E-02    4.14126747069645E-02    4.32684828268246E-02    4.55342341332655E-02    5.03720226883222E-02    5.13980492148245E-02    5.44088258958763E-02 
 59173.578     11            6             2019          3 
   5.66339943814852E-02    5.37303159031975E-02    5.15683187789278E-02    4.61565142089262E-02    4.20369552569772E-02    3.36635206814243E-02    .025969209433965    1.71797624388255E-02    1.85073314230086E-02    1.91785599591743E-02    2.60394250161047E-02    3.32780951653952E-02    3.64264956900929E-02    3.58597210066776E-02    3.66220728114709E-02    3.66743059266038E-02    3.88598945952913E-02    4.58344430056477E-02    5.03262103500611E-02    5.53278529394382E-02    .059025379873461    5.97276718475284E-02    6.07177080487363E-02    6.06562454329279E-02 
 57560.351     12            6             2019          4 
   5.94233173100895E-02    5.70386895692749E-02    5.55638533605146E-02    5.13501374165309E-02    4.74533951683382E-02    4.08164456041429E-02    3.29109883640596E-02    2.43984958731076E-02    2.06557105805674E-02    1.79898138564165E-02    2.17877234415937E-02    2.67687386611673E-02    3.37872340929773E-02    3.87430570887893E-02    4.36475434265833E-02    4.53127538707699E-02    4.32645893902189E-02    4.25324731260108E-02    4.02227582660914E-02    4.11993996405073E-02    4.45814180374352E-02    5.24975786324579E-02    5.63502647095568E-02    6.17036175607342E-02 
 58522.698     13            6             2019          5 
   6.01413995453632E-02    5.83010387188788E-02    5.51138113206414E-02    4.85027362601793E-02    4.21403168914478E-02    3.38690307077788E-02    2.61618827765553E-02    2.05520593546563E-02    2.47604792388096E-02    2.83677284642512E-02    3.64165219319584E-02    4.19225903717413E-02    4.53267892073901E-02    4.30924089180428E-02    .042042064415118    4.00621301723393E-02    3.63832357350903E-02    3.67707431346232E-02    3.63597030321786E-02    3.90681081338731E-02    4.34568842217104E-02    5.02616942091746E-02    5.34547119622501E-02    5.74719416718877E-02 
 65016.882     14            6             2019          6 
   5.07289631894663E-02    4.89736648742149E-02    4.74145633485238E-02    4.59512489939728E-02    4.42336024081119E-02    4.32330322011597E-02    4.19996911701141E-02    4.22988134511068E-02    4.21257063677419E-02    4.38585645977398E-02    4.53149058535097E-02    4.71987089541606E-02    4.63129714525529E-02    4.46017384653554E-02    4.10114862912643E-02    3.67166807778094E-02    3.40345911704421E-02    3.44205974361397E-02    3.58261255671354E-02    3.93119577461243E-02    .040976372965092    3.98611240092035E-02    3.50776908964006E-02    2.85171934117579E-02 
 39818.522     15            6             2019          7 
   3.90097366897182E-02    3.25434978318633E-02    3.02345481213805E-02    2.86272559170139E-02    2.85880766980126E-02    .026226011248217    2.79747441119785E-02    2.97870159814539E-02    3.23008472557146E-02    3.61383843122367E-02    3.90453229474778E-02    4.02075447421884E-02    .040882883500642    4.54298617907484E-02    4.34809715554218E-02    4.13851623145066E-02    3.78415092541607E-02    3.59554529212326E-02    3.34725634198499E-02    4.69610856100538E-02    5.34618285453626E-02    6.86236651355838E-02    7.56483396878719E-02    8.61736927862679E-02 
 64360.7538    16            6             2019          1 
   5.51840644893325E-02    6.05706251648967E-02    6.27078889488259E-02    6.09865280355934E-02    5.54476733417994E-02    .043027650061294    3.20166385346838E-02    1.93741980113547E-02    1.58415480616912E-02    1.54022717311253E-02    2.20430133628219E-02    2.82792994007349E-02    3.51788750494036E-02    .039786918475357    4.18777103548992E-02    4.33324163835675E-02    4.27004311064136E-02    .042222408906173    4.20952493943891E-02    4.41905022125941E-02    4.62925109251517E-02    4.89490226588016E-02    5.11758466143559E-02    5.13167075806044E-02 
 58105.26      17            6             2019          2 
   5.66293673124968E-02    5.60753527170991E-02    5.14649790109901E-02    .04852232138036    4.12628205099246E-02    3.30917890537954E-02    2.56305710721155E-02    2.08658207609722E-02    1.80020016488718E-02    2.23231936437962E-02    2.72419403065069E-02    3.28719983482078E-02    3.93997717999197E-02    4.23243285251843E-02    4.47337825595523E-02    4.78977981282912E-02    4.38798845338507E-02    4.60062829294628E-02    4.28280320154643E-02    4.52653685029441E-02    4.66473104425056E-02    .053229964343482    5.43704474323839E-02    5.94348773915864E-02 
 55270.5868    18            6             2019          3 
   6.18466746937654E-02    6.04246711426266E-02    5.94191996746292E-02    5.30153755843379E-02    4.86892955784577E-02    3.85502523443333E-02    2.93704679474631E-02    1.98976891992725E-02    1.65933624198411E-02    1.50548952649769E-02    .020473365974321    2.88539550011447E-02    .036551123180172    4.30970990364987E-02    4.90009812647991E-02    4.73901428862589E-02    4.41598526107357E-02    4.33222475742175E-02    4.11000702456808E-02    4.05351206139854E-02    4.70357032281183E-02    4.94598167664673E-02    5.10101529080269E-02    5.51484847149863E-02 
 57629.904     19            6             2019          4 
   5.38218669154386E-02    5.36659055744414E-02    5.53048446970344E-02    .053642478541555    4.83778184534738E-02    .042444039095354    3.48587089913316E-02    2.73895481632244E-02    2.44527387096636E-02    1.95514475761577E-02    2.03548486499789E-02    2.17643426499385E-02    2.69717611343377E-02    3.22852346015209E-02    4.14504236471897E-02    4.66213840764315E-02    .048492305897191    4.98731706226033E-02    4.68470503720603E-02    4.68458684295331E-02    4.64293332430005E-02    5.06694397959066E-02    5.22937550274463E-02    5.55916754593566E-02 
 68029.341     20            6             2019          5 
   4.86586955787301E-02    4.90234637955243E-02    4.95827245794576E-02    4.48601565134318E-02    4.11999137036419E-02    3.27905280984293E-02    2.56437884544093E-02    1.92607035359934E-02    1.91284220335531E-02    2.18181004589439E-02    2.67992454868205E-02    3.53657252452567E-02    3.95607678861684E-02    4.43954773626188E-02    4.45039295330948E-02    4.91957132603269E-02    4.58946689198599E-02    5.06467186066818E-02    4.87301943408874E-02    5.34672394438324E-02    5.05252859100439E-02    5.50297258697262E-02    5.11385682201908E-02    5.27802405210533E-02 
 67827.443     21            6             2019          6 
   4.69506995632653E-02    4.67335635110758E-02    4.08538755620734E-02    3.88927077779104E-02    3.59116574457554E-02    3.61163106495571E-02    3.33853528170651E-02    3.76120927937402E-02    3.81429521973226E-02    4.25475115730903E-02    4.41449346263779E-02    4.68402292345832E-02    4.42550810057074E-02    4.37767337921853E-02    3.94246038194212E-02    3.89858288190408E-02    3.90026057960695E-02    4.24694037847354E-02    4.53335839887754E-02    5.07035340319865E-02    4.86928883833661E-02    4.78432880128623E-02    3.93713357475381E-02    3.20092267654296E-02 
 38737.3626    22            6             2019          7 
   3.91447154719143E-02    3.31685193744724E-02    2.40335987659746E-02    2.47084266450954E-02    2.24677434670857E-02    .023982892335113    .025845254678054    3.16722117065024E-02    3.57150529914448E-02    4.14576232501435E-02    4.36492023973968E-02    4.56562329512141E-02    .043024767401821    4.91174896567671E-02    4.49974873708878E-02    4.56150054181234E-02    3.82916115213033E-02    3.52561426179476E-02    2.98841726825028E-02    3.88046820729882E-02    4.95551544422419E-02    6.42467590191595E-02    8.13728079864167E-02    8.83324491812783E-02 
 54871.785     23            6             2019          1 
   6.70889426881684E-02    6.39740819496304E-02    6.42622047882281E-02    5.35566329193592E-02    4.95509659686098E-02    .036332842994241    2.94170116833212E-02    1.91219404450359E-02    1.77066026831059E-02    1.43813816167658E-02    1.90927820062146E-02    2.29357405525274E-02    2.92663163688087E-02    3.54197525002205E-02    3.90459504113772E-02    4.22536990307838E-02    .042235185524423    4.21171991841982E-02    4.22207876136843E-02    4.52984878607239E-02    4.98356850983957E-02    5.56206241456789E-02    5.78005238925957E-02    6.14646497982182E-02 
 58826.405     24            6             2019          2 
   5.41061636139417E-02    5.39660698764866E-02    5.03095677163916E-02    .051121174281239    4.41852933710742E-02    .042989350369904    3.26624402839114E-02    2.82189774488812E-02    2.03291198584367E-02    2.19001817289521E-02    2.21895079172727E-02    2.93735098767509E-02    3.51705834204045E-02    4.18850352137255E-02    4.40968819215835E-02    4.77468765872974E-02    .043990280199215    4.40298190378432E-02    4.22153611067598E-02    4.50079684866324E-02    4.58444139251221E-02    5.22129309693071E-02    5.18904240299807E-02    5.45580692569094E-02 
 58576.4147    25            6             2019          3 
   5.43837814231015E-02    5.52698894166123E-02    5.64546482677076E-02    5.43341208974143E-02    5.06071432495104E-02    4.14480459775818E-02    2.96155535995744E-02    1.89317323125563E-02    1.40081975313004E-02    1.11330760766473E-02    1.72120641637833E-02    2.53591484841573E-02    3.44422753631388E-02    4.20878769419418E-02    4.83439986850949E-02    4.74471666854915E-02    4.93228216088544E-02    4.61436226911243E-02    .045237112828269    4.57116240484927E-02    4.89407710769937E-02    5.06506227798477E-02    5.51954590626281E-02    5.77192390708811E-02 
 54866.1309    26            6             2019          4 
   6.16911531265366E-02    6.14230111267059E-02    5.79793042715948E-02    5.05803827757016E-02    4.22993559757852E-02    3.24161362293694E-02    2.44830265665715E-02    1.86465127928084E-02    1.71403543740281E-02    1.89252452001996E-02    2.13046561432378E-02    .027282970134535    2.94291028774217E-02    3.47277084923807E-02    3.84847089714891E-02    4.45746961406613E-02    4.45446558711483E-02    4.95180002565914E-02    4.87783092357507E-02    .049803620878648    5.19241453040932E-02    .055311518310584    5.69098822462826E-02    6.18215441823122E-02 
 57102.07      27            6             2019          5 
   5.91238802247559E-02    .059432922833128    5.79561479229212E-02    5.22657056122265E-02    4.70357573959775E-02    .038454632403486    3.10996966601047E-02    .023317684229475    2.00768905021471E-02    1.81436319283992E-02    2.08135356858287E-02    2.54451536917247E-02    3.19555837549979E-02    3.83871562621876E-02    4.16198756837975E-02    4.57629458187221E-02    4.60171934564391E-02    4.49887701846338E-02    4.67549246203443E-02    4.57039993252434E-02    4.87502636383738E-02    4.97854464957444E-02    5.27422756343925E-02    5.43659272320929E-02 
 65918.414     28            6             2019          6 
   4.99319368034439E-02    4.97915044186762E-02    4.91534272471555E-02    4.76155413386747E-02    .044993981268506    4.23876247993467E-02    3.99090304301674E-02    3.92716532539185E-02    3.77357377024992E-02    3.45245408743545E-02    3.38188049005832E-02    2.87276022526213E-02    2.94613435927829E-02    3.01924590247556E-02    3.64090837005632E-02    4.01279215442365E-02    4.87628854406676E-02    .049717867879025    5.27136031995646E-02    5.07161315065165E-02    4.80748826804487E-02    4.37845635117222E-02    3.93818636206019E-02    .032796011809149 
 35434.1936    29            6             2019          7 
   4.96241840349356E-02    4.42890267232052E-02    3.98152710178898E-02    3.57269300480056E-02    3.42847381965326E-02    2.83832613048154E-02    2.44701099471684E-02    2.35325104106548E-02    2.80028125171762E-02    3.28531810178545E-02    4.40436989118207E-02    5.07977117376374E-02    5.45948652381372E-02    5.74688967571672E-02    5.17389784620973E-02    4.54032352063231E-02    3.55763703655214E-02    2.91960352067159E-02    2.26120875759732E-02    2.75081831026777E-02    3.82383457511239E-02    5.19941554893939E-02    6.81918163218585E-02    8.16535895870507E-02 
 63562.86      30            6             2019          1 
   5.11121890056945E-02    5.30544561517528E-02    .054032511084303    4.86232688900897E-02    4.27132613413124E-02    3.34293022772555E-02    2.53121549890484E-02    1.93704463077476E-02    1.97539095980636E-02    2.32192503296392E-02    3.14829445385835E-02    3.79720801372354E-02    4.42993742237999E-02    4.48760479181062E-02    4.61144297009685E-02    4.52378944429479E-02    4.49653303831829E-02    4.52961690637327E-02    4.56867265555113E-02    4.78446543532851E-02    4.65727950068346E-02    4.95997183130507E-02    4.79330226765382E-02    5.14980605603945E-02 
