 31039.9571    1             1             2019          3 
   7.68397970468281E-02    6.50295015856554E-02    5.18514897553813E-02    3.70826211209551E-02    2.74733461012097E-02    1.96731465678566E-02    1.74548655806162E-02    1.61745422769502E-02    1.59167549044163E-02    1.84062818886857E-02    .026989405858425    3.55601025497934E-02    5.11904686611785E-02    5.82407035746092E-02    6.21169368711551E-02    5.29218205665324E-02    4.20494464116161E-02    2.65033930916842E-02    1.98731176008435E-02    2.38117625770555E-02    3.49118390793358E-02    5.61004312879269E-02    7.27615024962655E-02    9.10667183637957E-02 
 39193.6268    2             1             2019          4 
   7.60883144897712E-02    8.17076948448542E-02    7.82334573254522E-02    7.22617970199399E-02    6.23025536669491E-02    4.89989866935936E-02    3.37631934065649E-02    1.97081505844665E-02    1.33214522477423E-02    1.43064411042604E-02    2.23985490185295E-02    3.73089471071544E-02    5.21447269278197E-02    5.54542735392505E-02    5.63890917484096E-02    4.66932548056432E-02    3.29279565431557E-02    1.80384181193467E-02    1.32823179904205E-02    1.08281990586864E-02    .019660406167625    3.17233720229803E-02    4.50649021847555E-02    5.73935387245153E-02 
 32766.6225    3             1             2019          5 
   7.52535283451361E-02    .08060858259327    8.10648976833247E-02    7.42439992909324E-02    6.69753766890568E-02    5.45196578874776E-02    3.98068808017309E-02    2.29305075811378E-02    1.54003604689975E-02    9.83595752591633E-03    1.06333112023309E-02    1.89373370185526E-02    3.07319435998906E-02    3.82209990326284E-02    4.49188198354991E-02    4.56325633069425E-02    3.73290227301807E-02    .024463048401402    1.54701725499806E-02    1.21293947991469E-02    1.94804606097495E-02    3.85607337125702E-02    6.03155256410792E-02    8.25369186185577E-02 
 58458.548     4             1             2019          6 
   5.20862905458347E-02    5.72829816375293E-02    5.51899604343898E-02    5.29681462147974E-02    4.94761344143482E-02    4.85673207077967E-02    4.59321526960437E-02    4.54581088648062E-02    4.48872416186252E-02    4.34595806993872E-02    4.46374569202223E-02    4.44319953283928E-02    4.77755103135751E-02    4.45323059565643E-02    4.34067588156654E-02    3.68736840889377E-02    2.99132649541047E-02    2.48883013646001E-02    2.83646624685559E-02    2.88585855033446E-02    3.49862602074839E-02    3.73395173079521E-02    .032766995621036    2.59167745123594E-02 
 31781.0491    5             1             2019          7 
   3.95541693444876E-02    .025262074328735    2.21249305271665E-02    1.99074148194822E-02    1.62590157119815E-02    .013002915859472    1.54156367941699E-02    1.31743483129921E-02    2.08958213871008E-02    2.42337254302105E-02    3.73893556968436E-02    3.60638188024369E-02    5.64921259418183E-02    4.87268666780044E-02    6.14905443379169E-02    .047244694698076    4.55562353091697E-02    2.97061627703827E-02    3.82320278746911E-02    4.04921169832563E-02    6.25367038517323E-02    8.23422501714434E-02    9.69534690088118E-02    .106943576407438 
 31951.9286    6             1             2019          1 
   .10661882243794    .098943382239707    8.39329638574422E-02    6.77189781002766E-02    4.74834863283886E-02    3.05561219352245E-02    1.65890933992645E-02    1.13111891042666E-02    8.85984712925464E-03    1.06440024102112E-02    1.51429483674202E-02    2.63153190481435E-02    4.03628842945747E-02    4.84992945337813E-02    5.60532372122015E-02    5.02497994105335E-02    3.57563395653389E-02    1.94517674396343E-02    9.25988884980943E-03    6.43863502626333E-03    1.94046499969625E-02    4.00438740310108E-02    6.44172346708518E-02    8.59462345324204E-02 
 37523.1015    7             1             2019          2 
   8.55445797629162E-02    8.93229227254342E-02    8.93882405599521E-02    7.39727761651379E-02    6.11199713507657E-02    4.33322932043028E-02    2.84974314215138E-02    1.48318623284895E-02    1.43444965496789E-02    1.26904674834219E-02    .023327488058215    3.55768039688081E-02    4.91496697541114E-02    5.37459300707809E-02    5.64516493072108E-02    4.59109422835323E-02    3.27049988968546E-02    1.72499446331707E-02    9.9212213014024E-03    7.47220509100491E-03    1.46219493255875E-02    3.10161727448589E-02    4.59237631614004E-02    .06388222151709 
 40594.809     8             1             2019          3 
   6.94282130709896E-02    7.67297871678002E-02    7.42510460204407E-02    6.73839594822025E-02    5.32847434846904E-02    4.08884546984582E-02    2.55452613382862E-02    .01576564823852    1.18302859723491E-02    1.42578495130837E-02    2.27398847191391E-02    3.71208530733495E-02    5.25996069126412E-02    6.12060509810195E-02    6.36854356354559E-02    5.63441745928494E-02    4.30948690635698E-02    .025075570334159    1.41155457413479E-02    1.19277690251257E-02    1.73854472657529E-02    3.31383501549961E-02    4.80940319732059E-02    6.41071613060182E-02 
 38170.1243    9             1             2019          4 
   7.56297222337707E-02    8.28473578041898E-02    .085966680667025    .084482902781394    8.55992492635137E-02    .079903589196345    7.25717573323929E-02    5.81392365223612E-02    4.60708489046465E-02    2.83093116961388E-02    1.96508417773789E-02    9.1884738559519E-03    6.71018754389943E-03    6.84670309173294E-03    1.02921752124798E-02    1.33162310934608E-02    1.66664530221636E-02    1.52535137441247E-02    1.11618681902022E-02    1.53456306377878E-02    1.93638719412234E-02    3.47140070452217E-02    5.18865992882276E-02    7.00827719136973E-02 
 36405.07      10            1             2019          5 
   8.19702869189134E-02    8.81744512594674E-02    8.35813235779213E-02    7.24169998097964E-02    6.16389680686131E-02    4.58897082739351E-02    3.25278883878245E-02    1.99728341892438E-02    1.54118528017698E-02    1.38946001977819E-02    1.81472972167965E-02    2.48980759748702E-02    3.49256558843487E-02    3.78272856079867E-02    4.22251916991318E-02    .039032914142994    3.24491606483314E-02    2.12761305223721E-02    1.55715146290922E-02    1.46617128095714E-02    2.30978399163607E-02    4.09352860226611E-02    6.07746361375627E-02    7.86983796358928E-02 
 58805.541     11            1             2019          6 
   5.42332245753529E-02    5.73472645045898E-02    5.49154710501686E-02    5.14662385301412E-02    4.79432185531101E-02    4.58446581058578E-02    4.49295242512734E-02    4.31624115972974E-02    4.20097986267463E-02    4.33105801987159E-02    4.31820531017753E-02    4.68373906415235E-02    5.09448439787013E-02    4.99152779136068E-02    4.73289928792595E-02    4.25666525080838E-02    3.13989127948153E-02    2.72940438661214E-02    2.73539191097443E-02    2.86037847208352E-02    3.19780922289598E-02    .035256932310437    2.89245357615673E-02    2.32521805328526E-02 
 28824.0106    12            1             2019          7 
   3.23272128812571E-02    .019042474719464    .017221690633134    1.73822064284056E-02    2.34321044331874E-02    .023380805614441    2.59624177149716E-02    2.37285432522899E-02    2.87994058634856E-02    3.31989476456707E-02    4.27905414221312E-02    4.99205690252621E-02    5.75043834464803E-02    5.86226875310986E-02    5.51310518342974E-02    4.93421624564583E-02    4.07330196186443E-02    3.12636168079131E-02    3.28020096423644E-02    3.35978570516127E-02    5.13245380335904E-02    .067514340201401    8.70182205431233E-02    9.79591960147584E-02 
 47272.361     13            1             2019          1 
   6.54811380808095E-02    6.25952012259077E-02    6.24347695441687E-02    5.45131660433276E-02    5.04340572896417E-02    .042443785888968    3.72982846893479E-02    3.22586180969269E-02    2.89486481808181E-02    2.51630332407332E-02    2.32474746225456E-02    2.38301395186886E-02    .02473168200759    2.90144600827109E-02    3.25356292388736E-02    3.64799431530866E-02    3.55176681004004E-02    3.56334857890058E-02    .034367757081802    3.79655449675049E-02    4.25226279586765E-02    5.35835309670962E-02    5.94979153589081E-02    6.95014380667913E-02 
 44141.8219    14            1             2019          2 
   7.47878282770596E-02    7.89799325259471E-02    7.18177428835351E-02    6.60778321530381E-02    5.31225252582546E-02    4.22801754498804E-02    2.97557501236925E-02    2.14854627625401E-02    1.89262912821436E-02    1.89577671985664E-02    2.68996826562014E-02    3.18128016463693E-02    4.35856046541404E-02    4.49794081213702E-02    .049836320117926    4.30820231763163E-02    3.84539407049967E-02    2.61044497946473E-02    2.01854675923489E-02    1.91849969331111E-02    2.37394364897989E-02    3.71006671122259E-02    5.07750667871306E-02    6.80688235200737E-02 
 46805.7278    15            1             2019          3 
   6.96648261631133E-02    7.69795734473656E-02    7.19451908935892E-02    6.67876158684579E-02    5.56526136099175E-02    4.69750189670563E-02    3.69875041400649E-02    2.97315546851525E-02    2.78569745217566E-02    .027315416390896    3.10929884964781E-02    3.38819850949885E-02    3.88069168390994E-02    3.92869647989695E-02    3.96995849886133E-02    3.66954032004377E-02    3.22995293434071E-02    .026646203465061    2.06697099031048E-02    2.27191004858838E-02    2.52155032288324E-02    3.63319859315447E-02    4.76740989472981E-02    5.90837310140064E-02 
 44756.5192    16            1             2019          4 
   6.28816335008772E-02    6.80402580812741E-02    6.32929246225598E-02    5.78860929224558E-02    5.45709334182734E-02    4.94709595114973E-02    4.04240331020173E-02    3.29896292865085E-02    2.70457800834954E-02    2.08811971720186E-02    2.48615170640954E-02    3.34778939624565E-02    4.33657500428242E-02    5.04351990598528E-02    5.39973601592938E-02    4.78423941690963E-02    3.76970549766022E-02    2.67002445928732E-02    1.80287013138391E-02    1.77660729033596E-02    2.32220474530404E-02    3.41943709623382E-02    4.82402772405779E-02    6.26876695264905E-02 
 46669.3855    17            1             2019          5 
   6.67211058052714E-02    7.50023372020026E-02    7.29236723829506E-02    6.73975887840729E-02    5.94824423647731E-02    4.83709629138866E-02    3.57012211513772E-02    2.64874486959243E-02    1.90326287640361E-02    1.74302772242081E-02    2.29836968769521E-02    3.26160920553113E-02    4.59266159259666E-02    .053166247153273    .055422927200919    4.82884865527236E-02    .036147807681755    .023188498875008    1.35545813941561E-02    1.52898087549044E-02    2.09516388396261E-02    .035157136639192    4.72223726050159E-02    .061534406730484 
 57812.698     18            1             2019          6 
   5.25064924696561E-02    5.66769258216205E-02    5.40286156349683E-02    5.14771336639898E-02    4.78903976372652E-02    4.64561626844612E-02    4.20971193365686E-02    4.09909955911092E-02    3.92137381644622E-02    4.05289152479962E-02    4.09194375591587E-02    4.67878169539956E-02    4.81997040103651E-02    4.76331350048414E-02    4.67628043707414E-02    4.21984956785575E-02    3.40509961333181E-02    3.38610727972934E-02    3.24851125604469E-02    3.13295020756891E-02    3.35128096319396E-02    3.48050708311196E-02    2.90434816110814E-02    2.65440644955715E-02 
 35729.948     19            1             2019          7 
   3.86347054192466E-02    2.95231597290335E-02    2.90992030745556E-02    2.46608389456392E-02    2.25097283472073E-02    1.46442787671467E-02    1.59607473361921E-02    1.40066594654845E-02    1.91888865867332E-02    .02521299523831    3.63584068013477E-02    4.05357696681454E-02    4.70017475289129E-02    4.93773458612366E-02    4.61293688748686E-02    4.19995291124112E-02    3.98909621125988E-02    3.67403272030721E-02    4.17134953711047E-02    5.38689283507791E-02    6.58554544465227E-02    8.08118739141287E-02    9.11402673107375E-02    9.51353170634512E-02 
 31218.0653    20            1             2019          1 
   .10483513211179    9.51885397837658E-02    7.95952923820763E-02    6.01374550907868E-02    4.30773962392218E-02    2.74431811910182E-02    1.68645524208852E-02    8.43982200750862E-03    7.78939023467172E-03    4.66099016510527E-03    1.14378613210002E-02    1.99066826898202E-02    3.48987336914061E-02    4.29679093534345E-02    5.34143620358238E-02    4.82006160858646E-02    4.17248148034357E-02    2.89118676038128E-02    2.01777663536606E-02    2.01223327523619E-02    2.85084670833756E-02    4.78799368178855E-02    6.59664508646897E-02    8.78504471605981E-02 
 38629.9544    21            1             2019          2 
   7.74241429930668E-02    8.36736447721836E-02    7.94147730730948E-02    7.03208937756829E-02    .058229706030196    4.43983712200308E-02    2.89171450112833E-02    1.52991917608405E-02    9.67439415432747E-03    9.34036571400478E-03    1.86305239092516E-02    3.40149248303847E-02    4.79548337751128E-02    5.62140993804312E-02    5.66543999017929E-02    4.77577577695202E-02    3.46923005248147E-02    .021380570952914    1.24425518970414E-02    1.33934295620651E-02    .021489059767717    3.61821794535386E-02    5.33426217783731E-02    6.91581181667632E-02 
 41477.7356    22            1             2019          3 
   7.28059731471184E-02    .078826022082646    7.75886124114228E-02    7.05328044866798E-02    6.23154582614799E-02    4.84753077044483E-02    3.42254694034726E-02    .020620138973143    1.07740260089907E-02    6.45079113201095E-03    5.42679323532558E-03    9.99606413481765E-03    1.10102536408544E-02    1.58011208875026E-02    1.93529414012523E-02    .028632277861891    3.35344248357651E-02    .046957771396932    .053300379607376    5.49463939866844E-02    5.91307324577948E-02    5.79807661600474E-02    5.80537710174263E-02    6.32616960964686E-02 
 33506.111     23            1             2019          4 
   .085201232780809    8.56400228402552E-02    8.92919190523745E-02    7.87459621101842E-02    6.54724462287268E-02    .049047649728545    3.10324578563911E-02    1.78601234505728E-02    1.07536918292261E-02    8.07896238974744E-03    1.15970338272188E-02    2.18796976068084E-02    3.38660018639025E-02    .041424922071958    5.19535372615498E-02    4.72381289255246E-02    .042263454101701    2.62025247319344E-02    1.91092542621134E-02    9.8924370030636E-03    1.99177406125119E-02    3.01575136110292E-02    5.14803697278349E-02    7.18929168109438E-02 
 44755.6098    24            1             2019          5 
   6.28918028132448E-02    7.02408237198792E-02    7.15611289222256E-02    6.46644725281036E-02    5.48926037228299E-02    4.47992542900385E-02    2.90449634054171E-02    1.83196499423451E-02    1.69797954819558E-02    1.84291762458813E-02    3.02081463045793E-02    4.56132098435708E-02    5.98037864661298E-02    6.39033183818194E-02    .063896035993403    5.15868957843051E-02    3.75019574335643E-02    2.19532344637568E-02    1.24041126457466E-02    1.10228017573669E-02    .017331266185066    3.03283548082027E-02    4.50691199668477E-02    5.75540793977044E-02 
 55187.247     25            1             2019          6 
   .052070219421289    5.44404392694203E-02    5.45042224751898E-02    .052087268975668    4.81759844112513E-02    4.57551379154001E-02    4.06102866822656E-02    3.81754121280502E-02    3.53965471095387E-02    .040082666235428    4.25359705881755E-02    4.98373294425363E-02    5.42480942837323E-02    5.44325382564155E-02    5.09597245228934E-02    4.46183520202027E-02    .036011127361884    3.05897849121736E-02    3.06933961247084E-02    3.01246404206335E-02    3.19013021965983E-02    3.35186143426963E-02    2.59035021034842E-02    .023327435650577 
 28229.8284    26            1             2019          7 
   .035966850322594    2.75445097011841E-02    2.36470399473917E-02    2.24631323332362E-02    1.50286851247186E-02    1.00139149650027E-02    1.28695571314311E-02    1.34728942913618E-02    2.60558374080537E-02    3.51414631902593E-02    5.20795592751239E-02    5.76104115195401E-02    6.65367849520607E-02    6.87495487527366E-02    5.87551552108886E-02    4.88405727017499E-02    3.54410929284886E-02    2.03441055245719E-02    1.78746433334208E-02    3.02047571023592E-02    4.52177390377575E-02    7.25060724908622E-02    9.67258431892602E-02    .106909820905518 
 34332.20509   27            1             2019          1 
   .094499115087279702604153353    .0908825399306735878525535162    .081872370056962164092676402    .069453796916019762714285941    .0562285467810596723893682181    .0396290304229916855596880043    .0244087205527059840827718882    .010864490032673284371318545    .0044576513392836661514886692    .0025129463654849674556688954    .0126069676813759241119574705    .0250249233262983516681538034    .0439199869640531732009410526    .0523830320623311877110774885    .0594736922562173823947642042    .0503812089979566179971226544    .040016683938549779879577202    .0236154740971227257689669126    .0138736908611424119859817603    .0133246407797221975642112768    .0214334383145792864655172663    .0373142941632124567970766482    .0561752440585808000018562163    .0756475150137232271788226114 
 43296.4797    28            1             2019          2 
   6.60610506285572E-02    7.14007218084234E-02    .069469158702324    5.99646680559834E-02    .052431054299433    3.97423304354623E-02    2.89894918254968E-02    1.86262667961562E-02    1.87332138773275E-02    2.08586731059158E-02    3.57086076639145E-02    4.70759045859709E-02    6.29643345623576E-02    6.39889909311726E-02    6.01576168583834E-02    4.65493496837992E-02    3.11900177129181E-02    1.46092363120683E-02    9.58684617201865E-03    1.17639470327765E-02    1.91020583108241E-02    3.62750515084024E-02    5.05644333687162E-02    6.41869751909501E-02 
 30786.7267    29            1             2019          3 
   9.83112597275769E-02    .103646842763715    .094709647999965    8.10796809560019E-02    6.51496036437088E-02    4.82680736309306E-02    3.21904773562997E-02    2.11687906865883E-02    1.51394690506322E-02    8.55934816688845E-03    9.90831500711768E-03    1.49012500140173E-02    2.31375255075885E-02    2.68441292621651E-02    3.67502545811508E-02    3.15288921806276E-02    2.75598212449884E-02    .016031025008077    1.01141119887659E-02    9.5274698558877E-03    2.22718939112647E-02    4.40560969925434E-02    6.67127098899044E-02    9.24333080898992E-02 
 40593.4032    30            1             2019          4 
   7.66660045197473E-02    8.22932237353962E-02    7.65531282667408E-02    6.65690949824392E-02    5.31016071885265E-02    4.12963407017094E-02    2.71307618784396E-02    1.74123122598164E-02    .019557494835454    2.30362055713779E-02    3.73530874698795E-02    5.27240599388203E-02    .062225061286636    6.28662270317484E-02    5.88522697701686E-02    4.28853680617095E-02    2.85645422905039E-02    1.60683222366727E-02    6.76165247232639E-03    7.58823285959237E-03    1.54663140503978E-02    2.61717888570393E-02    4.23828227512423E-02    5.64740799474593E-02 
 35993.2382    31            1             2019          5 
   7.41210590380765E-02    7.99979970374165E-02    8.28272502379523E-02    .077919942875635    .071506486460004    6.43437777145806E-02    4.92816733237394E-02    3.71366410913814E-02    2.30619183387947E-02    1.49538975567179E-02    6.95234759543691E-03    1.57737960904001E-02    2.07977058931742E-02    3.29052928055856E-02    4.07116737471852E-02    4.24058260489292E-02    3.39823824556059E-02    2.39672024442219E-02    .012518176320919    1.00270832549021E-02    1.79817523776461E-02    3.56683952076831E-02    5.84149433031563E-02    7.27427755270711E-02 
