 54623.694     1             11            2018          5 
   5.71600658372262E-02    5.34606647829534E-02    5.39488593782787E-02    5.04441899891808E-02    .048919795348162    3.88047884251818E-02    3.57911539989462E-02    2.91190658468249E-02    2.82390457901611E-02    3.29611355902623E-02    3.78725936549966E-02    4.20334259358906E-02    4.52526328006465E-02    4.47160335154306E-02    3.79389567977017E-02    3.43728675333981E-02    2.63462950346751E-02    2.45669220971443E-02    2.57956369357888E-02    .035204044889127    4.39562363166637E-02    5.48420443485225E-02    5.75835286575112E-02    .060670009236857 
 62534.413     2             11            2018          6 
   4.91094404179803E-02    .048595816973158    4.56906041066041E-02    .046072952176448    4.46741052052811E-02    4.49717499134736E-02    4.30319703153886E-02    4.45808284392147E-02    4.51301744024326E-02    4.72710620188339E-02    .050756100160203    5.38906476907563E-02    5.44257124548167E-02    5.48995140758537E-02    5.25824734507083E-02    4.84159823977639E-02    4.11540277630814E-02    3.58890399887199E-02    2.79193949359181E-02    2.32971723905044E-02    2.06207105249443E-02    2.28119512758819E-02    2.43416051299826E-02    2.98669632142435E-02 
 45837.6195    3             11            2018          7 
   4.30041318190619E-02    4.17534772913504E-02    3.68230079731848E-02    2.85052098291025E-02    1.99007232962122E-02    .012905881600957    9.10944552545017E-03    .014612683102144    .020736590175146    3.60883270329884E-02    4.43076010100107E-02    5.23405243385839E-02    5.24463560609043E-02    5.26889061767949E-02    4.32290761595056E-02    4.51380977412832E-02    4.33332061588626E-02    4.37787353397642E-02    4.84045642902551E-02    5.24174933481084E-02    5.61381681314051E-02    .061370201933016    6.95629034660193E-02    7.14046896805745E-02 
 46293.8919    4             11            2018          1 
   .074798894443216    7.40315588885496E-02    7.14278010062381E-02    6.31655037400976E-02    5.25355473768641E-02    4.24777649677432E-02    3.22269093477792E-02    2.55248580543571E-02    2.01325540794846E-02    1.90366109312522E-02    1.49409187782847E-02    1.23765963913198E-02    9.40447174605926E-03    7.9786810228704E-03    8.0376219990067E-03    1.65733447203701E-02    2.13870012603987E-02    3.64361247305554E-02    4.53027576797205E-02    5.84525724507621E-02    6.58498333850254E-02    7.40956292082266E-02    7.55564472632539E-02    7.82500006294027E-02 
 46947.6723    5             11            2018          2 
   7.51824518737908E-02    7.11308946331004E-02    6.73403129991947E-02    5.72652661049103E-02    5.11394871181398E-02    4.00872702760242E-02    3.11636960173902E-02    .024011648722891    1.72936095567718E-02    1.21476422555678E-02    1.35043227903781E-02    1.25226013052382E-02    1.39757455694887E-02    1.92346770604362E-02    1.74173409078952E-02    2.20313360730573E-02    2.67430729342903E-02    .034964077562245    .044359347614224    5.71074326757676E-02    6.61748230327066E-02    7.18845855291477E-02    7.75712588217606E-02    7.57470973133582E-02 
 43907.8345    6             11            2018          3 
   8.48195535564815E-02    7.77406831308915E-02    7.96158601209455E-02    6.56941761423437E-02    5.96071515953634E-02    4.26100253345377E-02    3.18931467410232E-02    1.74989111438323E-02    1.39763097318978E-02    7.50240385097163E-03    8.81700762696284E-03    1.22122288771509E-02    1.25217678621226E-02    .02035257539761    2.43596385855055E-02    3.40763336342202E-02    3.26659919598176E-02    4.11122535413142E-02    .038312432428951    4.49045377253161E-02    4.81725442326101E-02    6.15423909196518E-02    6.56134628629744E-02    7.43786158499373E-02 
 40278.6536    7             11            2018          4 
   8.43244931797137E-02    8.06809725950131E-02    7.76749179441601E-02    6.81852704399204E-02    5.82413231428899E-02    4.40063851671531E-02    3.19604277449551E-02    1.78320699880477E-02    1.25964885377567E-02    4.96199562767306E-03    3.09641921255265E-03    3.57314331821506E-03    6.20268499170733E-03    9.27032955297854E-03    1.44586980953565E-02    .018351530170259    2.25612722789333E-02    2.91275381056462E-02    4.05587048821826E-02    .051520964155549    6.89713470970359E-02    .077665504759837    8.68104709120354E-02    8.73670489226426E-02 
 43554.0174    8             11            2018          5 
   7.88200523527509E-02    7.28644394236753E-02    7.01333940426153E-02    6.07794216540229E-02    5.22372274499126E-02    4.22956395184627E-02    2.78276282472811E-02    1.78431570887972E-02    9.11397009744114E-03    2.58554338771002E-03    9.4455813162367E-04    1.50818463878375E-03    6.46454943071846E-03    .014010843363097    2.56683797800547E-02    3.49295452475154E-02    4.69647135955132E-02    .051562777611446    .058657460755991    5.96194822833955E-02    6.41088955245693E-02    6.48675170616265E-02    6.82218119418532E-02    .067970815927749 
 51430.3915    9             11            2018          6 
   5.90228467390604E-02    5.81409138395826E-02    5.68940639772303E-02    5.72634573713093E-02    5.19147914103473E-02    4.88109251556908E-02    4.43646422168252E-02    4.06248901275863E-02    3.70094219021682E-02    3.85401881082438E-02    3.72667003946672E-02    3.87113320893882E-02    4.17270416060803E-02    4.38379328841246E-02    4.70912018103634E-02    5.10133767784584E-02    .049930028209828    4.64870639841547E-02    3.88472247681728E-02    3.07532176653577E-02    2.24082289798982E-02    1.91288704821849E-02    1.78932176316076E-02    2.23184179086625E-02 
 37730.8104    10            11            2018          7 
   3.06296629885251E-02    3.82260554050576E-02    3.64921927275332E-02    3.52930661231736E-02    2.96227129233288E-02    2.81725985823495E-02    2.04338968503303E-02    1.90147750204101E-02    2.45372153733569E-02    2.77208995976386E-02    3.73228936121907E-02    .045780463394844    5.04282303474424E-02    5.24061087002752E-02    4.81935569029764E-02    4.28273085175289E-02    3.40737448057255E-02    3.51731369627317E-02    3.30608838560671E-02    4.51448572856853E-02    5.61406941505489E-02    6.79298448279056E-02    7.80060101881286E-02    8.33691850430676E-02 
 39809.5593    11            11            2018          1 
   7.85179783007859E-02    7.51538843982662E-02    7.03658602600695E-02    6.07652014040727E-02    4.79657406083666E-02    .03563026252411    2.15160552589783E-02    1.54974454130159E-02    1.03391801568224E-02    1.21791023204048E-02    1.47848087630401E-02    1.64534680005512E-02    1.64008063890252E-02    1.82243595734689E-02    2.13620198919472E-02    2.54896565667057E-02    3.12779891503895E-02    3.97636409519594E-02    4.50387037383161E-02    5.38721110635354E-02    6.21935042645335E-02    7.16004429639121E-02    7.45526699549993E-02    8.10551064403833E-02 
 42733.6142    12            11            2018          2 
   7.52771342628884E-02    7.27123376877429E-02    7.16307085137676E-02    6.43401708135741E-02    5.56386105066588E-02    4.47166496096269E-02    3.42605476689867E-02    2.31831966655084E-02    1.90646132875314E-02    1.37754980445266E-02    1.13325379334538E-02    9.73547882231131E-03    7.96968170369864E-03    8.6261183502482E-03    1.15551424449275E-02    .017365972728995    2.42143793289531E-02    3.49675300908597E-02    4.44514226528741E-02    .055805809552773    6.74191961504803E-02    7.37582829540428E-02    7.81114854540989E-02    8.00874918395183E-02 
 45685.1074    13            11            2018          3 
   7.32951131726463E-02    6.95728925518379E-02    6.98625259651491E-02    6.17672405335776E-02    5.51155744355326E-02    4.30029627270423E-02    .030556653759537    .016542277358714    9.17780955217565E-03    3.41515011156106E-03    2.51637147270381E-03    3.14830178928492E-03    8.49120006049827E-03    1.15442853594759E-02    2.03622916076127E-02    2.89623045976193E-02    3.91694615906783E-02    4.63711922977908E-02    5.72112457001004E-02    6.10706892218831E-02    6.81604607270771E-02    .071797663856975    7.40428171289442E-02    7.48435120614109E-02 
 39927.97168   14            11            2018          4 
   .0845762220797087081083603894    .0804590833149979833886718485    .0790549799348084490526767474    .0688781293986331539093097253    .0621190833303055478424442721    .0465832077548698561889983789    .0344333544167651042573570569    .0146740111091964188650215953    .0095677236765661821367030182   -.0021525363394066602884346666   -.0017156293474910619351551293    .0002493788084153439772225364    .0050573242642612493457869533    .0107698383340468247897735435    .0173550463708403431726737791    .0212710254056160961492647502    .0257004790582440124591873583    .0328332230474072506154412299    .0410461871976563173118339579    .0535356520769802349248710948    .0678881216838210299992879578    .0769026792697825315628454683    .0847660889745451752935124302    .0861473261794299088723457039 
 42301.3976    15            11            2018          5 
   7.93428392134554E-02    7.64852762697195E-02    7.52173741140913E-02    6.67841524999933E-02    6.04971042504486E-02    .047465501604705    3.55639787622378E-02    2.23183287112488E-02    1.58618940203652E-02    8.11751435249122E-03    6.83293701966318E-03    6.59472525254587E-03    8.03549115132583E-03    1.19706042765742E-02    1.43745625774327E-02    2.07097606356074E-02    2.59852877593296E-02    3.33835316104382E-02    4.38690221257755E-02    5.44052466188493E-02    6.54968640260423E-02    7.11541714744078E-02    7.56661047629754E-02    7.38677250657198E-02 
 55053.931     16            11            2018          6 
   5.56757153669463E-02    5.27166540242717E-02    5.42908206809633E-02    5.19979384935973E-02    .051423120392166    .048082761238816    4.84511278373224E-02    4.03221536788399E-02    4.17657754028046E-02    3.53555682099306E-02    3.72052614814644E-02    3.52606617156798E-02    4.42597476954575E-02    .046421042825659    5.20613484396895E-02    5.44398888212451E-02    5.17948661345931E-02    4.52864486912728E-02    3.85075666971333E-02    3.25456149186865E-02    .024363545628757    2.16491906250073E-02    1.85220922600025E-02    1.76010859636521E-02 
 36069.0665    17            11            2018          7 
   2.88403636705482E-02    3.49509447165412E-02    3.43418938693891E-02    3.63174365811838E-02    3.12045210356619E-02    2.70180067517567E-02    2.14300673518696E-02    .024221686621368    2.95070838262476E-02    3.83247786370577E-02    4.76780297701131E-02    5.38249587253665E-02    5.32480388885047E-02    5.24779877862933E-02    .044590728381219    3.75006659424323E-02    2.56289582004084E-02    2.45764104028682E-02    2.37686847265518E-02    3.62863276443195E-02    5.13862204592871E-02    7.05340113880027E-02    8.21988271012642E-02    9.01433632303909E-02 
 37940.3794    18            11            2018          1 
   8.46029473264012E-02    8.04365432558115E-02    7.09445484864471E-02    .062762232166572    4.79407182229163E-02    3.74445137366546E-02    2.38846131354102E-02    1.67521312229015E-02    1.17535965675119E-02    1.04445342548461E-02    1.00904550616954E-02    1.40799828200115E-02    1.66746089842986E-02    .019567260369214    .02263650332432    2.26633784725509E-02    2.31227478878801E-02    3.04926853929767E-02    3.56193330724096E-02    4.88385212712762E-02    .062901874831904    7.51423160126761E-02    8.23813863782158E-02    8.88225676009581E-02 
 42345.4385    19            11            2018          2 
   7.92962152892218E-02    7.67276023093668E-02    7.61171965299905E-02    6.54584079991136E-02    5.67264626057362E-02    4.18109509423976E-02    3.15806623910699E-02    1.75752173553364E-02    1.53682452821741E-02    9.00565017330984E-03    1.16034622886351E-02    9.84201197359524E-03    1.30827073843392E-02    1.34009185768026E-02    1.52932670104774E-02    1.63251677443073E-02    2.35482408216435E-02    2.87864530104214E-02    4.22713309929474E-02    5.60039072393978E-02    6.77181541440556E-02    7.55342285402683E-02    8.08824527743998E-02    7.60410810227381E-02 
 42440.7877    20            11            2018          3 
   .0751355290033    .067814811403038    6.55490685334877E-02    .05590885670505    5.09142084402954E-02    3.63924683804599E-02    2.81435389089382E-02    1.70327637706124E-02    1.19477775291058E-02    7.65297264395164E-03    4.87094650791849E-03    6.65212467611228E-03    4.24082594325349E-03    9.71950860078449E-03    1.35143752287253E-02    2.52518176341482E-02    3.40630108225392E-02    4.76364857966279E-02    5.79641903874819E-02    6.69829481518141E-02    7.40292312415952E-02    7.86632898055725E-02    8.06387500275472E-02    7.92805042772863E-02 
 42205.5532    21            11            2018          4 
   .07694181983409    7.16547651816171E-02    6.73360692897517E-02    5.83768418487848E-02    5.06271778206428E-02    4.10415662277337E-02    2.92522419932186E-02    2.12312964844932E-02    1.44361473147589E-02    9.7268836039796E-03    6.65052789746101E-03    7.21003673201913E-03    7.06008787845437E-03    9.77871761489996E-03    1.40595072741888E-02    2.22140747111856E-02    3.14023606710183E-02    4.06040393372409E-02    5.30698883041918E-02    6.13639605686711E-02    .070030142115798    7.64972068555602E-02    7.96220097121455E-02    7.98126225880597E-02 
 40327.02808   22            11            2018          5 
   .0808731055888906951657519713    .0768236130332766143177689875    .0694291430165810522578930394    .0613044183443333967594469957    .0485691134024176273988400486    .0382798850670971635854798651    .0234276599338237175646591808    .0149210003476159952127074771    .0057069144679703855826511478    .0043889398358065169874526494    .0019666879454311625534494383    .0067023461154591484094307204    .0087021587433576136711931984    .0169543760736261029230795725    .0194151078638076520515071886    .0284757656260198185177051609    .0339028206414758446539113278    .044360843959320098750009351    .0517708370638752013882596032    .0635889655670356554576039564    .0697049877918997893087488831    .0755509678014438003188456133    .0773414791145204568717130221    .0778388626549144902918916013 
 49798.623     23            11            2018          6 
   6.06964593711005E-02    .059550442374619    5.73500616987442E-02    .053877354528583    5.26390861029681E-02    .046827157821525    4.25940296268333E-02    3.79784185843603E-02    3.09670820012872E-02    2.93862130351664E-02    .032203158983589    3.17399334609865E-02    4.16791437153543E-02    4.74645246465951E-02    5.12856565958661E-02    5.35637722273842E-02    5.23798829723038E-02    4.17760329641168E-02    3.56057228087788E-02    2.63085980913129E-02    2.26649240248257E-02    .025664122557509    3.01884038517051E-02    3.56098188957767E-02 
 34458.1673    24            11            2018          7 
   5.30396758626818E-02    4.76902886906891E-02    3.56493425795802E-02    2.30232585362598E-02    1.40643611825433E-02    6.81825569222638E-03    5.54274703585544E-03    1.11816215848444E-02    1.88585831828458E-02    2.93317970716082E-02    4.49863724824027E-02    5.42412786332643E-02    6.06340115500716E-02    6.34656195295353E-02    5.23032154765454E-02    4.42006385536028E-02    3.23145450628769E-02    2.91434530375836E-02    .029204657940639    4.63246049167602E-02    5.51273096747172E-02    7.40888522081418E-02    .082232232399788    8.65332752671346E-02 
 32813.7836    25            11            2018          1 
   8.65885546859986E-02    7.60721208427828E-02    .063783412579592    4.79406469198473E-02    3.43949044975417E-02    2.23108552669359E-02    1.74975502561893E-02    1.14349265583139E-02    .009630641671814    1.04114537609685E-02    8.00860970036175E-03    9.94339171405635E-03    .012008889410384    1.69755003658832E-02    1.87520287117098E-02    2.40127269350606E-02    2.98223452773364E-02    3.68340315509878E-02    4.59789416662145E-02    6.15642806403427E-02    7.31670261545403E-02    8.60029451541211E-02    9.52814809943922E-02    .10158273747023 
 43302.1879    26            11            2018          2 
   7.51827346880289E-02    7.53238160318511E-02    7.05670806156887E-02    6.38842293762453E-02    5.37396840965974E-02    4.35389075584028E-02    3.01730951372148E-02    1.92701861871633E-02    1.08917709492234E-02    8.86036282021503E-03    5.83020640763916E-03    8.54179443092694E-03    1.11719412850366E-02    1.13027106048069E-02    1.59879743632892E-02    2.18870483465369E-02    3.00879011298685E-02    3.98096731566218E-02    5.24124098931356E-02    6.01169408430602E-02    6.84634671755668E-02    7.30936279936071E-02    7.44446440960752E-02    7.54177800519983E-02 
 39543.2641    27            11            2018          3 
   7.99505289906632E-02    7.79210568428391E-02    7.55155132176481E-02    6.84408599440834E-02    6.10222771046169E-02    4.88855691278942E-02    3.54490955949878E-02    .021058629014668    1.25663428752684E-02    3.39474513913148E-03    1.59097638305463E-03    1.46539493361777E-03    5.82968825640648E-03    8.84519272014388E-03    1.68632205105841E-02    .018311722669463    2.75273183513257E-02    3.07354250080815E-02    4.37065600972512E-02    5.12447335677361E-02    6.72374460341401E-02    7.36869125814496E-02    8.40436155779753E-02    8.47071676207586E-02 
 43679.3054    28            11            2018          4 
   7.83335919248758E-02    7.47450980491954E-02    7.28901475531477E-02    6.29768688737407E-02    5.37321258225354E-02    3.72104818985901E-02    2.58498617037589E-02    1.11118316039348E-02    6.99943103134903E-03    3.94372119950302E-03    7.88829617816135E-03    1.03462704723973E-02    1.63446559242546E-02    1.73760001836555E-02    2.35981763832032E-02    2.84716064902714E-02    3.62958622450487E-02    4.38961204447461E-02    5.33066168239422E-02    5.75285002503869E-02    6.68423616847968E-02    6.81346675254565E-02    7.07499593624776E-02    7.14277398399289E-02 
 38864.9949    29            11            2018          5 
   7.80118945742001E-02    7.47352712890746E-02    7.26272817688412E-02    6.36409708073672E-02    5.50882584269296E-02    4.29412383826709E-02    2.88875372850702E-02    1.74792351072914E-02    1.17827807465645E-02    5.66664151370501E-03    7.7617145546578E-03    9.36272117189196E-03    1.36887778731334E-02    1.71639472205722E-02    2.06018107574621E-02    2.03134951837791E-02    .023793119870495    2.81065510165309E-02    3.79151225598611E-02    5.14309604006117E-02    6.71812773092632E-02    7.81570912073341E-02    8.55492732950931E-02    8.81130171688412E-02 
 53373.906     30            11            2018          6 
   6.21012069900786E-02    5.91841847452808E-02    5.72582405204825E-02    .050491658071994    4.81471235930929E-02    4.18872113656297E-02    3.58906287816934E-02    2.92375631871265E-02    2.86005477886282E-02    2.51500987915155E-02    3.29336581368583E-02    4.00474900000175E-02    4.94063341214549E-02    5.86035046642221E-02    5.94900814937195E-02    5.64484820834079E-02    4.68610078733394E-02    3.75646284397028E-02    2.99464866205232E-02    2.83818847880695E-02    2.90078261525047E-02    3.21206955028151E-02    3.25870468170872E-02    2.86524095805355E-02 
