 60660.334     1             5             2020          6 
   5.29812947800349E-02    4.94531561712655E-02    4.69075071170582E-02    4.40443683305469E-02    4.31423771233995E-02    .040683521072642    3.87440506143809E-02    3.64414903900072E-02    3.42334586734945E-02    3.21419424890881E-02    3.27019133190892E-02    3.24904084491245E-02    3.36269158407381E-02    3.67901716723568E-02    3.99162974852727E-02    4.46787038405731E-02    4.88711459957095E-02    5.31955022468843E-02    5.30188494062899E-02    5.14022054539277E-02    4.55190685942625E-02    4.19869938131131E-02    3.46929846629162E-02    3.23356782373171E-02 
 37970.4775    2             5             2020          7 
   4.40467196017205E-02    3.97602569623417E-02    2.98195087572477E-02    2.67986360412754E-02    1.87735623153088E-02    1.51807779272397E-02    .014197119620969    2.07188698983515E-02    2.38233036272843E-02    3.28661390461593E-02    4.25084472545562E-02    4.71772581100178E-02    .051960341672685    5.72619330229156E-02    5.23614422505946E-02    4.85418436579281E-02    4.26352290376863E-02    3.52941053533795E-02    3.36987336236669E-02    4.01207215290238E-02    5.03767170936865E-02    6.52782928320759E-02    7.97573601445524E-02    .087042676825782 
 51356.4833    3             5             2020          1 
   6.81305044738991E-02    6.63036456453104E-02    6.53965317105713E-02    5.68047650714043E-02    5.16617922074505E-02    3.89513036913698E-02    3.11642437151467E-02    2.05430332558604E-02    1.90653001744676E-02    1.65482999065275E-02    1.96552983594405E-02    .022819320339742    2.57269961254337E-02    .030074665426602    3.26469386194871E-02    3.91520394382283E-02    .040135906534548    4.50368042386116E-02    4.44253555285176E-02    4.73258648968742E-02    4.88486156768132E-02    5.35016385333256E-02    5.59717825541926E-02    6.01093510390829E-02 
 46169.6928    4             5             2020          2 
   6.54363890096238E-02    6.44767783006561E-02    6.32689272213167E-02    5.80817795677834E-02    5.33839369774435E-02    4.38847623455218E-02    3.59137109095082E-02    2.54056476474027E-02    2.23909667776084E-02    1.71018155721639E-02    1.50660092236552E-02    1.40203287213453E-02    9.58529466029458E-03    1.32805491508862E-02    .014671071987699    2.72170329619618E-02    3.26298257978256E-02    .046819069810066    4.88329446017291E-02    5.76891425674458E-02    .060152901142909    6.75245323283264E-02    7.04088955965097E-02    7.27576846942303E-02 
 55345.3129    5             5             2020          3 
   5.98647999329384E-02    .056243135727443    5.31313297238469E-02    4.56638846181657E-02    4.12827530471081E-02    3.20776205651486E-02    2.53036067875632E-02    1.65985814947563E-02    1.44801568820214E-02    1.14851347504956E-02    1.47330810812324E-02    2.19348844261785E-02    2.90499586774289E-02    3.81274920665527E-02    4.53389052650473E-02    5.24757555282518E-02    .052545426415075    5.49311536147377E-02    5.32299294238767E-02    5.34235866103035E-02    5.37844292222463E-02    5.70567376455627E-02    5.81554193871492E-02    5.90822398047753E-02 
 42040.6861    6             5             2020          4 
   7.51437539146899E-02    7.27287349853396E-02    6.59261148823758E-02    5.86037288006314E-02    5.06339508849322E-02    4.82150323895924E-02    4.33178714728296E-02    4.38620104649499E-02    4.21254318126854E-02    3.80552315009004E-02    3.42923768037203E-02    2.59637546119207E-02    2.31655706583485E-02    1.65633731484002E-02    1.46491188874547E-02    9.63182418934055E-03    9.55702540328658E-03    9.04255926279501E-03    1.84405931469392E-02    3.28138779908242E-02    4.89100988132571E-02    6.54298101792427E-02    7.43462157238378E-02    7.85819457883592E-02 
 53439.3084    7             5             2020          5 
   6.08918446707714E-02    5.78815481516177E-02    5.54906522719543E-02    5.02687072793755E-02    4.68293682620783E-02    3.78606316634084E-02    2.91786520819698E-02    2.18813638533517E-02    1.79000464211513E-02    .015609095761175    1.96683676550677E-02    2.19486747150776E-02    2.53864444324119E-02    2.98813558234188E-02    3.35209804604304E-02    3.83164390635387E-02    4.40979320061943E-02    .048695820997821    5.17336202412146E-02    5.58044071876733E-02    5.70119275442499E-02    .059461378642615    6.01642148722704E-02    6.05165192875138E-02 
 57568.134     8             5             2020          6 
   5.37368812826533E-02    5.11393520295881E-02    4.78000895928054E-02    4.07580348821429E-02    3.58443260779805E-02    2.82853355013209E-02    2.38232675662253E-02    2.21232291041104E-02    2.56592310727733E-02    3.02277476858443E-02    3.82639114622314E-02    4.58030843192368E-02    4.71022921196842E-02    4.94187473291973E-02    4.72366861996843E-02    4.47609937255501E-02    4.48305995960152E-02    4.64654109155792E-02    4.91941959836018E-02    5.15105112434576E-02    5.30585028847079E-02    4.76616115273512E-02    4.15258538338024E-02    3.37701067616678E-02 
 35927.8648    9             5             2020          7 
   4.29223129247598E-02    .037277416319848    3.16576283489838E-02    3.02543716871796E-02    2.71035676862625E-02    2.67914357669051E-02    2.43398902359633E-02    2.59768032933634E-02    2.83348590848662E-02    3.21931727489637E-02    3.59312741557895E-02    4.36735673326442E-02    4.89210815801893E-02    5.42432727787131E-02    5.35395311094649E-02    5.10698030541516E-02    3.79337030105112E-02    3.17200024090442E-02    2.97057463344144E-02    3.41314743561869E-02    4.57867731703819E-02    6.34707943230598E-02    7.71236191829197E-02    8.58978942073813E-02 
 53683.196     10            5             2020          1 
   6.05967479955809E-02    6.04191471745064E-02    5.94555904101024E-02    .055100873032911    5.01848293691382E-02    4.14810793690916E-02    3.36400249481118E-02    2.57107636049475E-02    .02328838518275    2.19719211430473E-02    2.38222404624764E-02    2.50151838860572E-02    2.52303904940174E-02    2.67084129780574E-02    2.77088933588268E-02    3.31356940085066E-02    3.72364370270657E-02    4.28582543112048E-02    4.49970771871053E-02    4.94875510456522E-02    5.19031123104495E-02    5.63640982113029E-02    6.09018692259283E-02    6.27814127304497E-02 
 48970.0338    11            5             2020          2 
   6.93891897374364E-02    6.33084321957957E-02    6.02794353457874E-02    5.03390500103913E-02    4.49453456913124E-02    3.34702855693148E-02    2.72803154313935E-02    1.47593898999029E-02    .011209475737828    5.81437796852269E-03    9.8969789869292E-03    1.15646883860706E-02    1.98043502708066E-02    2.71518911698262E-02    3.50301371846945E-02    4.39069934463676E-02    4.96987209936335E-02    5.67559556075521E-02    5.59405155147529E-02    .060073473929849    5.83412931533703E-02    6.27900936391124E-02    6.15100238958534E-02    6.67395902478298E-02 
 54642.415     12            5             2020          3 
   5.80926377702079E-02    5.69322927756762E-02    5.48338663804025E-02    4.78942032785452E-02    .042125903183166    .033175602578058    2.48166734349132E-02    1.71020310294753E-02    .015789931462454    1.32186364342322E-02    1.70979171468721E-02    2.38179616926819E-02    2.98711551395388E-02    .038392923886657    4.49494407612429E-02    5.01683191570939E-02    4.82098742355755E-02    5.08129622153413E-02    4.71322134783025E-02    4.95294889267225E-02    .052024550348159    5.82709588873177E-02    .060655554239264    6.50848978050064E-02 
 54541.2552    13            5             2020          4 
   6.41009449319338E-02    6.31667368600343E-02    6.15200341559521E-02    5.51909572119868E-02    5.03795907007518E-02    4.01308890760549E-02    3.06321505850275E-02    2.23666475005672E-02    1.89261321745821E-02    .016491446136782    .021715927440366    2.77112994938405E-02    3.52548899033337E-02    4.35697325203954E-02    4.64678173731781E-02    4.63913987294429E-02    4.08615662604195E-02    3.60956494152556E-02    3.18396967579724E-02    3.48790097280916E-02    4.09904018628086E-02    5.11375282846213E-02    5.78497861774893E-02    .062329770975137 
 63637.311     14            5             2020          5 
   .052754853233084    5.06922880263985E-02    4.82434893815674E-02    4.29709377827203E-02    3.97387959586712E-02    3.32940052541955E-02    2.80907531607862E-02    2.25960525951071E-02    2.22223719834786E-02    2.16516845042172E-02    2.65315727941231E-02    3.14825215147025E-02    .036051679392829    4.04083542107279E-02    4.12118924017999E-02    4.45055246608786E-02    4.55081126230432E-02    4.83846664790625E-02    5.03275654984856E-02    5.42243357512191E-02    5.44200861852687E-02    5.56193223080737E-02    .055522774498743    5.35463526803875E-02 
 66094.534     15            5             2020          6 
   4.87711893574002E-02    .046056833995815    4.35240515395248E-02    3.98971552884956E-02    3.96241384324421E-02    3.91294856120402E-02    4.03535033032194E-02    .040638033763834    .041434393259547    .03931967986897    .037052050148069    3.59976521942798E-02    3.54810581447817E-02    3.70699798999264E-02    4.03319277612749E-02    4.49939181170602E-02    4.63287168523175E-02    4.90186524385568E-02    4.85427272328885E-02    4.82416891371172E-02    4.50906885412794E-02    4.25368624516288E-02    3.68435309016533E-02    3.37220770889031E-02 
 42659.0628    16            5             2020          7 
   4.16923142931996E-02    3.89856418126188E-02    3.15409404167176E-02    2.67756697080072E-02    .022600538656268    2.46005641670766E-02    2.46096123341668E-02    2.89239369316896E-02    3.44206354852514E-02    3.95118605472431E-02    4.25511690604713E-02    5.00228518502667E-02    5.17451112221516E-02    5.81915725822919E-02    5.19425398243717E-02    4.83660872438341E-02    3.58259629171489E-02    3.02284182204523E-02    2.56649084748016E-02    3.57104199409416E-02    4.59660366001334E-02    5.95133089145567E-02    7.20250926192113E-02    7.85848020061578E-02 
 64438.697     17            5             2020          1 
   5.43680605835632E-02    5.32993857518565E-02    5.35727916514494E-02    4.94512629759083E-02    4.65298362796562E-02    4.05141942079559E-02    .036271513412197    3.03521353136804E-02    2.95269790093822E-02    2.76447697931561E-02    2.86363478210878E-02    3.07256829484434E-02    3.33227245302423E-02    3.62920293683836E-02    3.94102160189552E-02    4.10908535976934E-02    4.26230374901416E-02    4.20730734701716E-02    .043038857845339    4.32310107077429E-02    4.61808680106846E-02    4.82202184639922E-02    5.12967859495204E-02    5.23273613434777E-02 
 65408.186     18            5             2020          2 
   5.05888969083415E-02    4.97161175583302E-02    4.74544414906549E-02    4.35172446641943E-02    3.87673479325183E-02    .035672170347684    3.20495059873412E-02    3.18971387522504E-02    3.57984543844501E-02    3.95935597407009E-02    4.46429765424354E-02    4.80297387537624E-02    4.94763895251869E-02    4.82700602655167E-02    4.73124731952511E-02    .044594647227623    4.23400966358496E-02    3.94780702960292E-02    3.62713485928867E-02    3.53982743698549E-02    3.56226354128002E-02    3.80377313002726E-02    .040083116141084    4.53875607799018E-02 
 55593.091     19            5             2020          3 
   5.45877702835299E-02    5.62890797985468E-02    5.59061397968949E-02    5.13168630452546E-02    4.60470168153404E-02    3.96466721860725E-02    3.52211568613018E-02    3.06304967669566E-02    3.17625256264139E-02    3.10031517253871E-02    3.29569190882573E-02    3.32604288692659E-02    3.34638175751743E-02    3.39179733767412E-02    3.27704203380405E-02    3.26740957701414E-02    3.20856064130231E-02    3.39269497338482E-02    3.49127197453255E-02    .043851098605659    4.76671482671853E-02    5.59410175993137E-02    5.82752261638389E-02    6.18857110994242E-02 
 72732.133     20            5             2020          4 
   4.54225232464051E-02    4.75079426572881E-02    4.66327579196925E-02    4.81565830863145E-02    4.80626892146402E-02    4.82892066695352E-02    4.67675969310308E-02    4.48426416500462E-02    4.27110272062023E-02    4.00496703323516E-02    3.92191868920921E-02    .037695073048473    3.77131388577591E-02    3.62042040534546E-02    3.57310859521076E-02    3.29613879298886E-02    3.31191868326273E-02    3.21156415325826E-02    3.44774725249361E-02    3.74798039263385E-02    .042161131093744    4.50340277857312E-02    4.89147898625924E-02    4.87312382863414E-02 
 63278.508     21            5             2020          5 
   5.62256461546154E-02    5.51833633377939E-02    5.47922352789592E-02    5.01231479348111E-02    4.64881678989156E-02    .04133749332939    3.64351667122311E-02    3.57132951554914E-02    3.88926690300501E-02    4.19035325165714E-02    4.38335389839726E-02    4.31734910937296E-02    3.84947929936377E-02    3.27270816568162E-02    2.95816077851079E-02    2.87214894973454E-02    2.90222394116666E-02    3.25185463863378E-02    3.43291263826495E-02    3.93690052562949E-02    .042253115565369    4.73297514329431E-02    4.91200759219465E-02    5.24314192493583E-02 
 70147.395     22            5             2020          6 
   4.58230999704266E-02    4.54540597939346E-02    4.37390152337891E-02    4.11840957351303E-02    4.01225892591949E-02    3.94518858680978E-02    3.87992457257322E-02    3.94057532357403E-02    4.09832456347363E-02    4.25796296164134E-02    4.45859310108736E-02    4.76056607082487E-02    4.77447233607178E-02    .048076826107771    4.60731872152915E-02    4.56946699239063E-02    4.42787061254645E-02    .044311508845945    4.39354452328558E-02    4.11775525930079E-02    3.85802210039749E-02    3.48786993778422E-02    2.99773360258068E-02    2.55369144137275E-02 
 37126.9224    23            5             2020          7 
   4.15483141461855E-02    3.18412594508507E-02    2.54123454556625E-02    2.30482051305132E-02    1.97628523801033E-02    .023422986794239    2.63214386115953E-02    3.09725090606941E-02    3.36101368419057E-02    3.85939085237779E-02    4.21374007244925E-02    4.56972437462508E-02    4.82617153303538E-02    .051632045990533    5.11074157757367E-02    4.98979942372206E-02    4.64270894236324E-02    4.08513805377052E-02    3.67547551526332E-02    3.95267075754928E-02    4.44941810430249E-02    5.69944905882335E-02    6.98656872571466E-02    8.18179303011324E-02 
 61635.397     24            5             2020          1 
   5.43277739578059E-02    5.59419436569866E-02    5.73691916090137E-02    5.20688767312049E-02    .048660464233726    4.23637879174973E-02    3.86013411153172E-02    3.59112959460921E-02    3.99714153335359E-02    4.34181192599137E-02    .047528793473781    5.21418075048559E-02    5.00473610130839E-02    4.72638945807391E-02    3.95253897032171E-02    3.22853923311764E-02    2.20545836279456E-02    1.82284214249636E-02    1.76130769346357E-02    2.31061877903891E-02    3.26304053542683E-02    4.31211636239238E-02    .050888584135144    5.49307243361007E-02 
 56243.522     25            5             2020          2 
   6.06451352049708E-02    5.65784819752775E-02    5.47644926862644E-02    4.74266728039253E-02    4.21779954262444E-02    3.38900531027489E-02    2.55542493645424E-02    1.60561318646033E-02    1.25235386205344E-02    1.25661444386681E-02    1.76696879145839E-02    2.63686552211126E-02    3.57085568005503E-02    4.13029771205251E-02    4.41828487098923E-02    4.68749252344452E-02    4.65487939257142E-02    4.67814248831959E-02    4.96801745146979E-02    5.17916199350811E-02    5.36851322712107E-02    5.81219279545429E-02    5.91977679988973E-02    5.99026147971872E-02 
 54974.4662    26            5             2020          3 
   6.03288067090409E-02    5.75176294583557E-02    .05476678739163    4.92702725614414E-02    4.65502109422369E-02    .03809248471924    3.14004863513516E-02    2.32526496447022E-02    2.05268014257113E-02    .017432769137727    2.45154717952666E-02    3.01694616332286E-02    .039827545371873    4.56546335929338E-02    5.06829489943506E-02    4.80559081879839E-02    4.44769384093742E-02    3.76699430283077E-02    3.53864654857031E-02    3.48162900035183E-02    4.18216529563137E-02    4.91027054216535E-02    5.74966191716405E-02    .061184512920291 
 65088.582     27            5             2020          4 
   5.32966431760259E-02    5.15413579950167E-02    5.08279334651103E-02    4.62786081954436E-02    4.43144692689245E-02    .037147636168977    3.10064054532205E-02    2.60699950229222E-02    .024450387320453    2.47919515842704E-02    3.15240237359334E-02    3.71146207657339E-02    4.19063815697352E-02    4.55854610195399E-02    4.60945666394876E-02    .043796038916818    .042317990100783    .040363517238131    3.99752130356846E-02    .041575586133765    4.54580505199533E-02    4.87903257015858E-02    5.23446352839197E-02    5.34282021686807E-02 
 71181.517     28            5             2020          5 
   4.88276331621311E-02    4.69028081701234E-02    .04524213852782    4.29966962963065E-02    4.15381706461805E-02    4.05481805882189E-02    4.03545219997208E-02    4.12721323188609E-02    4.35321719141817E-02    4.61826909913461E-02    .048791781131145    .050494555387663    4.99504091551954E-02    4.90284429497688E-02    4.74553094726648E-02    4.64403296607794E-02    4.40619711605577E-02    4.17819425059633E-02    3.57319457179102E-02    3.17125156338425E-02    .027766590273401    2.78316919093091E-02    2.95671421726391E-02    3.19882329462805E-02 
 39841.8561    29            5             2020          6 
   5.86616976905539E-02    5.70748514293772E-02    4.86675369745842E-02    4.09015826625388E-02    3.47309615346883E-02    2.95968388170566E-02    2.57298504725035E-02    2.74764806767577E-02    .024861193986423    3.09255661913756E-02    3.33014358642041E-02    3.97776658813609E-02    4.59792841933903E-02    4.96620695419939E-02    4.81333755547834E-02    4.58371205731568E-02    .039907828318395    3.51552893023742E-02    3.76562537693949E-02    4.32029573728165E-02    4.97135977265863E-02    5.37067624118389E-02    5.29634979154498E-02    4.63763036777327E-02 
 41645.796     30            5             2020          7 
   .037365813065989    3.13884010354626E-02    2.74684873710752E-02    2.43376071139592E-02    2.03709473784018E-02    2.13794540001784E-02    2.19515379180057E-02    2.75311115126948E-02    3.30093829006699E-02    4.05367197198233E-02    4.39678954132534E-02    4.74554753358988E-02    4.87132489043357E-02    5.10646249413746E-02    4.87032126272046E-02    4.50316030248287E-02    .038462249962157    3.46338674969437E-02    3.32043106173085E-02    4.37104637323792E-02    5.28864437331201E-02    6.72792975872943E-02    .075980996077011    8.35668504886424E-02 
 67849.935     31            5             2020          1 
   .052638089731359    5.28234568719097E-02    5.25660061082778E-02    5.00162292033239E-02    4.86866348474118E-02    4.40959303182733E-02    3.97642525836613E-02    3.64076845939959E-02    3.52434835259054E-02    3.49529720959294E-02    3.93751312754574E-02    4.47704643446324E-02    4.78797214224026E-02    4.91623011215394E-02    4.65494613913411E-02    3.99834144323425E-02    3.14630531817201E-02    2.69370486788694E-02    .025509029754298    .027671993624607    3.43536809509287E-02    4.21044173796463E-02    4.69644360830541E-02    5.00811091418142E-02 
