 60786.049     1             10            2020          5 
   5.67459654617357E-02    5.28364332016072E-02    5.26315851402227E-02    4.35803115147667E-02    3.74524413899643E-02    2.81321297198474E-02    2.32693187736527E-02    1.78841539061712E-02    2.22242113000355E-02    2.51365737379919E-02    3.32142497482492E-02    3.99576902454624E-02    4.50436077728748E-02    4.74884621359109E-02    4.70644997873505E-02    .047382879212599    4.37608322874073E-02    4.53206143400499E-02    4.32259050497241E-02    4.64778855959202E-02    4.63851511118838E-02    5.09534199217015E-02    5.01947595455867E-02    5.36369283209211E-02 
 61981.652     2             10            2020          6 
   5.06896283483518E-02    4.94753348665384E-02    4.76118801783671E-02    4.29479022855627E-02    3.79062333930189E-02    3.20849305848306E-02    2.89634899704623E-02    2.63452165480409E-02    3.08402562309387E-02    3.65211287459412E-02    4.34298524974173E-02    4.82995049158862E-02    5.22247151639932E-02    5.16091450476243E-02    4.99822932667538E-02    4.95381290922191E-02    4.87411993890345E-02    .047873956066315    4.84955448489014E-02    4.52923382118389E-02    4.21623481766427E-02    3.52453014921053E-02    .029865177158849    2.38544951274451E-02 
 39308.4443    3             10            2020          7 
   3.27763407032271E-02    2.70518207772057E-02    2.40434976408611E-02    2.12624746333369E-02    2.54932494386693E-02    .02969695095216    3.86659928033342E-02    4.50728354566855E-02    4.62025910686845E-02    3.93898571026951E-02    3.72858294272091E-02    3.18442002468077E-02    3.64948315624625E-02    4.12133852271835E-02    4.67644037979408E-02    4.37932885815549E-02    4.02906294332952E-02    3.53213419324541E-02    3.71161229288652E-02    .040781134875643    5.46360705388403E-02    6.59632836830431E-02    7.61916963165406E-02    8.26481702328207E-02 
 61769.454     4             10            2020          1 
   5.48993682849495E-02    5.51873595386848E-02    5.41918324604869E-02    .050333534616833    4.26048286253773E-02    3.47589127548383E-02    2.80553554716189E-02    2.70678775560834E-02    3.00212305508035E-02    3.76553425771236E-02    4.46170362895409E-02    .047479048184763    4.82287408316941E-02    4.24916502444113E-02    3.68490864306288E-02    3.13032726429849E-02    2.91715705841384E-02    2.86054810568515E-02    3.45166869096313E-02    3.96012241923613E-02    .046080916732828    5.08860237666481E-02    .05262342159494    .0527701918411 
 55083.212     5             10            2020          2 
   5.91991600419471E-02    5.67647705197706E-02    .056621082549616    5.09808499338011E-02    .044842702312367    3.93694888451789E-02    3.48972932966003E-02    3.33334417228497E-02    3.89028697079475E-02    4.40393545235252E-02    4.65322359838284E-02    4.91079378090506E-02    4.34722127556419E-02    3.69118811660064E-02    2.97221418394966E-02    2.33625629849912E-02    1.95950629892291E-02    2.19242117881465E-02    2.54553240421453E-02    3.38628586948427E-02    4.38813726607846E-02    5.12471019385861E-02    5.60787035655709E-02    5.98953812001513E-02 
 58979.9488    6             10            2020          3 
   5.43060991478111E-02    5.40299194828332E-02    5.27187987450618E-02    4.79894123939541E-02    4.23118050537054E-02    3.33222397463428E-02    2.37425101198121E-02    1.69667150319181E-02    1.68433138016649E-02    2.02546469825384E-02    3.04080123700499E-02    3.99944415887235E-02    4.76063662659856E-02    5.17054859508881E-02    5.12753584753557E-02    5.26503002274351E-02    4.65742192770329E-02    4.50393069114533E-02    4.19846074874856E-02    .040464716944511    3.97959995452726E-02    4.62958167631327E-02    4.92016515394445E-02    5.45182549686912E-02 
 56797.0281    7             10            2020          4 
   6.29004193401736E-02    5.88053650416812E-02    5.67896595054196E-02    4.71471863570864E-02    3.76903514635104E-02    2.63283678195655E-02    2.07406099278426E-02    1.45917161690587E-02    1.96156752882441E-02    2.43907999681391E-02    3.43069720864002E-02    4.20725009303458E-02    4.82714525837686E-02    4.78805492358257E-02    4.74522706447514E-02    4.28718368086917E-02    4.02970371811584E-02    3.86769547187694E-02    4.11956592430406E-02    4.32133721672886E-02    4.77690295914554E-02    5.03477752193561E-02    5.29207093085892E-02    5.37237246818311E-02 
 64823.033     8             10            2020          5 
   .048611781030633    4.87285126024379E-02    5.04769665492106E-02    4.77347161776779E-02    4.44374918101545E-02    3.70878356786198E-02    2.96869790775458E-02    2.29889882255712E-02    2.35865548958067E-02    .026559185724251    3.41592946141729E-02    4.28002179627456E-02    4.90664179999588E-02    5.20988740414229E-02    5.15125534340838E-02    4.90562829848034E-02    4.26271468548166E-02    3.94725734847018E-02    3.65155707667694E-02    3.75523477909175E-02    4.04456705251087E-02    .045594872125015    4.85259629498708E-02    5.06732077103674E-02 
 60765.346     9             10            2020          6 
   5.36222248594618E-02    4.86897926921929E-02    4.52682836681597E-02    3.74722808832727E-02    3.30485574993681E-02    2.88475606941486E-02    3.07777552565178E-02    3.16529099400514E-02    3.83898249520993E-02    4.17608588472347E-02    4.36521675117262E-02    4.57780330515706E-02    4.67980059141665E-02    4.80935650253785E-02    .050614111279396    5.41994284289005E-02    5.20019262140382E-02    5.05437602878333E-02    4.71566633850299E-02    4.29225903640457E-02    .038930675821843    3.62427295642014E-02    3.02534434990967E-02    2.32828595368321E-02 
 42459.4431    10            10            2020          7 
   2.45274760476737E-02    2.09496549226371E-02    1.92222913457038E-02    2.20573928511846E-02    2.92838733234586E-02    2.98979904983065E-02    .02965599428583    3.21924393510239E-02    3.63794686119909E-02    3.98698599695306E-02    4.84711746497506E-02    5.17478769088295E-02    4.85414508121516E-02    4.94707843477344E-02    .041550709144914    3.98274884230789E-02    3.64807428754803E-02    3.83695081770573E-02    3.94878950544484E-02    4.92277272653542E-02    5.57286402856753E-02    6.53836661539815E-02    7.40872670928296E-02    7.75886322726522E-02 
 69226.345     11            10            2020          1 
   4.95743925799672E-02    4.98135628664474E-02    5.01669982676032E-02    4.48424661058861E-02    4.01682047210043E-02    3.13460279791693E-02    2.59148889341505E-02    .023090891868912    .027720401180563    3.23535218341099E-02    .041402158631768    4.56627168209047E-02    4.91571238894401E-02    4.88253847532684E-02    4.86521002961824E-02    4.57641800106953E-02    4.45613316033712E-02    4.20804984224214E-02    4.13037707253106E-02    4.03448289640039E-02    4.26081140627351E-02    4.32534615648764E-02    4.50603880184181E-02    4.63325925289895E-02 
 56583.2039    12            10            2020          2 
   5.80554631924638E-02    5.76711425416143E-02    5.44388225787065E-02    4.84860334532506E-02    3.86751865564982E-02    2.85104571940882E-02    1.99559399729893E-02    1.51833613292525E-02    1.36900467911534E-02    1.90994660939481E-02    2.63639902017483E-02    .034483890092604    4.25354491492042E-02    4.79613161608303E-02    4.87533000923243E-02    5.17383737123226E-02    4.66802113686735E-02    4.68707623039109E-02    4.53963322121991E-02    4.65092276841052E-02    4.74237194321922E-02    5.25361005348068E-02    5.30944294882443E-02    5.58869717169838E-02 
 58854.1316    13            10            2020          3 
   5.41965173579037E-02    4.81010919893834E-02    4.52375048296524E-02    3.57783191604661E-02    2.85707215308366E-02    2.10665252731594E-02    1.44382086164443E-02    1.03264369464234E-02    1.46706247532639E-02    2.02211113291768E-02    3.01745340185047E-02    4.34389058597757E-02    5.14623674987458E-02    5.83828680270065E-02    .059433378885226    5.86816237359855E-02    5.31550289055025E-02    5.13235842302149E-02    4.74662838124775E-02    4.77316006187894E-02    4.79995681457073E-02    5.09905931579173E-02    5.21502730524211E-02    5.50023239774024E-02 
 54656.0394    14            10            2020          4 
   5.90725189259689E-02    5.56670241001766E-02    5.12928872129934E-02    4.24258129522805E-02    3.26572513343329E-02    2.25542696527925E-02    1.67482766820247E-02    1.23605460371308E-02    1.43504251488766E-02    2.05454689415519E-02    2.85666681948201E-02    .038615219009825    4.49514444678528E-02    5.05375821657368E-02    5.00999732754373E-02    4.85523106153412E-02    4.26426251799197E-02    4.40157231307955E-02    4.16617841364183E-02    4.61786281200747E-02    5.16494628793941E-02    5.78010240681312E-02    6.12597638103489E-02    6.57933138332193E-02 
 65283.661     15            10            2020          5 
   5.47487371770844E-02    5.24203915028505E-02    4.86432115624421E-02    4.17172840728096E-02    3.34241672193158E-02    2.52874759702747E-02    1.87187580171764E-02    1.59382763966489E-02    1.97257311341032E-02    .025554970354441    3.46877148269151E-02    4.42450973084023E-02    4.98728925414527E-02    5.10326450655184E-02    5.10053490714736E-02    4.75829459995454E-02    4.44800283457889E-02    4.53226252782741E-02    4.61043213663944E-02    4.90386238976013E-02    5.15770877690399E-02    5.33118250412036E-02    4.88170398122281E-02    4.67427985637172E-02 
 57579.109     16            10            2020          6 
   4.19321870498204E-02    3.56430645433833E-02    2.73480612899572E-02    2.67047208598369E-02    2.43999773438336E-02    2.98329556451249E-02    3.21004096864585E-02    3.57165113885967E-02    3.91253023527704E-02    .042437978948667    4.64942571513329E-02    4.89059315061214E-02    5.25953443705815E-02    5.03152442597497E-02    5.16245036011564E-02    4.67959989417017E-02    4.96237618436836E-02    4.67504985320501E-02    5.14349588417997E-02    4.68450440668941E-02    .049304254074707    4.27405178760234E-02    .042917961417493    3.84105460807191E-02 
 47303.493     17            10            2020          7 
   4.90227645143853E-02    4.79177717069567E-02    4.68286546100702E-02    .04509715444666    4.12516042040093E-02    3.47216214982726E-02    3.22947409556917E-02    3.26013135194768E-02    3.26915614630853E-02    3.45538530174915E-02    3.98377343774129E-02    4.02632844500643E-02    4.07813430518955E-02    4.31101152129109E-02    3.96231000352606E-02    .035207464175135    3.18292977410912E-02    .029495622483517    2.89399984203135E-02    3.74642098477009E-02    4.62616811686216E-02    5.60070036328369E-02    6.50381152465184E-02    6.91599885277632E-02 
 68452.227     18            10            2020          1 
   4.90159077932556E-02    4.92962627036773E-02    4.83912812186063E-02    4.40812961516212E-02    3.89735910500399E-02    3.18573855073408E-02    2.71635717917822E-02    2.58255142647696E-02    3.06951891095431E-02    3.66056181632246E-02    4.51821687022597E-02    5.08639119494973E-02    .052400678143523    5.16859168552873E-02    .047957095969007    4.52522306804843E-02    3.94989203565284E-02    3.78719445506499E-02    3.54546244061114E-02    3.63827030898681E-02    .038132069796009    4.32147802761589E-02    .045929403738802    .048267941606971 
 53024.712     19            10            2020          2 
   6.41778122201894E-02    5.77174639684394E-02    5.28147528749779E-02    4.44292446207086E-02    3.50450565072435E-02    2.80387373283553E-02    2.45220941047084E-02    1.96149490895337E-02    1.94308653678131E-02    2.02799406566378E-02    2.09927960172726E-02    2.66584570385962E-02    3.16643684656823E-02    4.10969890012675E-02    4.53571912272362E-02    5.14614951049852E-02    5.00802525206903E-02    5.16446763878109E-02    4.74234539969661E-02    4.91213973820122E-02    4.94423433289935E-02    5.37720609755504E-02    5.59661109345111E-02    5.92474892591119E-02 
 55999.5852    20            10            2020          3 
   5.50968741748711E-02    5.14060247798608E-02    4.43256151913983E-02    3.58650509881924E-02    2.55570108550721E-02    1.96387170697405E-02    1.47211870971814E-02    1.52404845925482E-02    2.10466559653419E-02    .029422127811136    3.75821701175744E-02    4.72829037677742E-02    4.95001530316581E-02    5.25954779960026E-02    5.03465163738949E-02    5.06944106221143E-02    4.71233654069214E-02    4.92407560558591E-02    4.63888977735343E-02    4.77976737289074E-02    4.83411435050237E-02    5.04865364191349E-02    5.34228418252976E-02    5.68774049416419E-02 
 55688.9979    21            10            2020          4 
   5.90451114211466E-02    5.51901847740804E-02    5.03141585235703E-02    4.04336416399226E-02    2.97907667025184E-02    .02101790275495    1.74101767748197E-02    1.53882031567541E-02    2.11810599298488E-02    2.76264796425233E-02    3.65532877867941E-02    4.20910263870653E-02    4.62559589000411E-02    4.72025173337133E-02    .045344520698742    4.31208501525891E-02    4.18233042112368E-02    4.43307862170541E-02    4.39202025991655E-02    4.92308367932919E-02    5.12906509163792E-02    5.40737156118992E-02    5.66651424697301E-02    6.06995106635776E-02 
 60938.7       22            10            2020          5 
   5.74375227687824E-02    5.77496560452348E-02    5.92257968484108E-02    5.23194945481586E-02    4.66884275522472E-02    3.63170532628999E-02    2.94478055214195E-02    2.39790149773461E-02    2.38225296774925E-02    2.51145815577273E-02    3.15854957971597E-02    3.56794456265579E-02    3.95147106462109E-02    4.29273838274159E-02    4.30379225160387E-02    4.19785443391781E-02    4.20601212583814E-02    4.13108892176175E-02    4.07576148564562E-02    4.19032092842377E-02    4.43268554673077E-02    4.57181061152437E-02    4.71519400592317E-02    4.99458794311435E-02 
 60656.622     23            10            2020          6 
   5.13073392516402E-02    .05077077955932    4.99507055380223E-02    4.49054996496302E-02    3.97940066548917E-02    3.36260898196944E-02    3.19914781129287E-02    3.15841358146302E-02    3.59260861789645E-02    .040625885891012    4.48833100317246E-02    .04738986343821    4.76609124585256E-02    4.96874528699439E-02    4.96442891727881E-02    5.10541288648377E-02    4.98794677278806E-02    4.53791008795379E-02    3.92755150189434E-02    3.54258759223972E-02    3.25868626312402E-02    3.12415028374035E-02    .03336662866623    .03204308014383 
 39363.8994    24            10            2020          7 
   4.60651010085938E-02    4.18554568844525E-02    3.64147117200519E-02    3.32114463042754E-02    3.03892655064141E-02    2.75759258667267E-02    2.57049479418007E-02    2.51536671526969E-02    2.93494045164625E-02    3.39186676335173E-02    4.04610068414535E-02    4.64211134539954E-02    4.84597307156961E-02    5.00438981823232E-02    4.92808389386374E-02    4.30377594452222E-02    3.94232297723342E-02    3.74349088082214E-02    .034241805607575    3.83934007524608E-02    4.71361091724138E-02    5.56479675408821E-02    .065940340892968    7.44392956980686E-02 
 66612.757     25            10            2020          1 
   4.69627149341492E-02    4.93510415061619E-02    5.09973923507906E-02    4.81080979294908E-02    4.67776470670532E-02    4.13840411698468E-02    3.74076860617329E-02    .035367413158376    3.60459794557445E-02    3.76276270995472E-02    4.29434858007003E-02    4.74830233742802E-02    .049699355395009    5.16292546214158E-02    .047392917551673    4.20331366142731E-02    3.43069572373258E-02    2.94421224340801E-02    2.61384914967845E-02    .029284901792535    3.41565499667072E-02    4.06133312692173E-02    4.56148219887427E-02    4.92320109265069E-02 
 59426.5598    26            10            2020          2 
   5.41574159239086E-02    5.04926419096912E-02    4.64729745958852E-02    3.70992354102353E-02    2.95703477367697E-02    2.18409413434687E-02    1.74124842758597E-02    1.67941375981456E-02    2.26057849844292E-02    2.98748078576149E-02    .040336272308287    5.01810128497039E-02    5.60018463379484E-02    .059579455090403    6.03258381995385E-02    5.90105001438263E-02    5.46951726333252E-02    5.09465651680295E-02    4.55581809868939E-02    3.94317617105693E-02    3.76639341843472E-02    .037520830655904    3.94488274831745E-02    4.29790308552511E-02 
 54549.978     27            10            2020          3 
   .048837216612569    4.52522461732821E-02    4.30817210154283E-02    .033342983360856    .029741607828593    2.66015329485445E-02    2.73503512608257E-02    2.92391143034409E-02    3.43786032467557E-02    3.61242116572783E-02    3.95066325691277E-02    4.30781674364287E-02    4.38936019283317E-02    4.72332008705737E-02    4.43479901085501E-02    4.66708895115182E-02    .040554096972436    4.25813019032061E-02    4.09007678486713E-02    4.44369369965076E-02    .046561999615976    5.29189048922485E-02    5.44578239005546E-02    5.89081087284077E-02 
 58033.585     28            10            2020          4 
   5.74078947130356E-02    5.35246116133658E-02    5.22215710173471E-02    4.46518155244179E-02    3.69046304448105E-02    2.93025492466453E-02    2.44560619375617E-02    1.90211933657414E-02    1.94662797076361E-02    2.24276512787541E-02    2.67391553178862E-02    3.21362544751296E-02    .038758263958006    4.28930262361764E-02    4.58701799368094E-02    4.88926544108037E-02    4.78415389231081E-02    4.88234174955545E-02    4.70717967395518E-02    4.80684078236766E-02    4.83742988542755E-02    5.28540172982377E-02    5.37649173049968E-02    5.85278180136984E-02 
 59767.5276    29            10            2020          5 
   5.75054079146399E-02    .053783267419646    4.95225288744941E-02    4.02280167527375E-02    3.08739395337331E-02    2.12098783103199E-02    1.72456683155696E-02    .013224749546041    1.89611998955422E-02    2.42195231048005E-02    3.35703692175147E-02    4.03643767908889E-02    4.82873230984315E-02    .050429138085072    5.12699650760587E-02    5.07398594026102E-02    4.83214396594117E-02    4.66277435771306E-02    4.66739063232557E-02    4.78748770780569E-02    4.94421311071076E-02    5.21837390912294E-02    5.42136540453637E-02    5.32272965565272E-02 
 55753.65      30            10            2020          6 
   5.79086377290433E-02    5.20428327268147E-02    5.07924766682876E-02    .041228457022825    3.58654896676327E-02    2.82883183783147E-02    2.65525571426994E-02    2.63674581170919E-02    3.43145953750057E-02    4.23030608548162E-02    5.06265157009339E-02    5.67119453025721E-02    5.91508884115659E-02    5.77013704343796E-02    5.55682377759685E-02    5.16166020492604E-02    4.70139964701302E-02    4.09034756721085E-02    3.64400890121095E-02    3.23790810668898E-02    3.01196254009267E-02    2.97263416974718E-02    2.86986601542847E-02    2.76792810383827E-02 
 39236.219     31            10            2020          7 
   3.89880340404917E-02    3.72725008705843E-02    3.58065577223353E-02    3.53805242560929E-02    .031816265873782    2.81673433852262E-02    2.90775455284297E-02    3.02293140013058E-02    3.42015113199682E-02    4.03547808353982E-02    4.21522776211885E-02    4.26918810185065E-02    4.22000651004051E-02    3.97365241007056E-02    3.80446202214655E-02    3.83709751039435E-02    3.69099538171606E-02    3.99778322037653E-02    4.26077240319955E-02    4.99561129796378E-02    5.44638878493873E-02    6.17737916982075E-02    6.35060193742005E-02    6.63139568964806E-02 
