#2021-01-01#,2021,1,1,6,-1089.677
#2021-01-02#,2021,1,2,7,-1265.247
#2021-01-03#,2021,1,3,1,641.5951
#2021-01-04#,2021,1,4,2,-990.2255
#2021-01-05#,2021,1,5,3,-990.2255
#2021-01-06#,2021,1,6,4,-990.2255
#2021-01-07#,2021,1,7,5,-990.2255
#2021-01-08#,2021,1,8,6,-1089.677
#2021-01-09#,2021,1,9,7,-1265.247
#2021-01-10#,2021,1,10,1,641.5951
#2021-01-11#,2021,1,11,2,-921.0696
#2021-01-12#,2021,1,12,3,-921.0696
#2021-01-13#,2021,1,13,4,-921.0696
#2021-01-14#,2021,1,14,5,-921.0696
#2021-01-15#,2021,1,15,6,-1332.395
#2021-01-16#,2021,1,16,7,-1146.107
#2021-01-17#,2021,1,17,1,-1341.89
#2021-01-18#,2021,1,18,2,-921.0696
#2021-01-19#,2021,1,19,3,-921.0696
#2021-01-20#,2021,1,20,4,-921.0696
#2021-01-21#,2021,1,21,5,-219.3873
#2021-01-22#,2021,1,22,6,-170.6799
#2021-01-23#,2021,1,23,7,436.3149
#2021-01-24#,2021,1,24,1,-918.7761
#2021-01-25#,2021,1,25,2,-219.3873
#2021-01-26#,2021,1,26,3,-219.3873
#2021-01-27#,2021,1,27,4,-219.3873
#2021-01-28#,2021,1,28,5,-219.3873
#2021-01-29#,2021,1,29,6,-170.6799
#2021-01-30#,2021,1,30,7,436.3149
#2021-01-31#,2021,1,31,1,-918.7761
#2021-02-01#,2021,2,1,2,-839.0952
#2021-02-02#,2021,2,2,3,-839.0952
#2021-02-03#,2021,2,3,4,-839.0952
#2021-02-04#,2021,2,4,5,-839.0952
#2021-02-05#,2021,2,5,6,-1254.198
#2021-02-06#,2021,2,6,7,-1160.688
#2021-02-07#,2021,2,7,1,-853.6816
#2021-02-08#,2021,2,8,2,-839.0952
#2021-02-09#,2021,2,9,3,-839.0952
#2021-02-10#,2021,2,10,4,-839.0952
#2021-02-11#,2021,2,11,5,-441.0736
#2021-02-12#,2021,2,12,6,-806.0643
#2021-02-13#,2021,2,13,7,178.1138
#2021-02-14#,2021,2,14,1,-656.719
#2021-02-15#,2021,2,15,2,-441.0736
#2021-02-16#,2021,2,16,3,-441.0736
#2021-02-17#,2021,2,17,4,-441.0736
#2021-02-18#,2021,2,18,5,-441.0736
#2021-02-19#,2021,2,19,6,-806.0643
#2021-02-20#,2021,2,20,7,178.1138
#2021-02-21#,2021,2,21,1,29972.4
#2021-02-22#,2021,2,22,2,-167.1814
#2021-02-23#,2021,2,23,3,-167.1814
#2021-02-24#,2021,2,24,4,-167.1814
#2021-02-25#,2021,2,25,5,-167.1814
#2021-02-26#,2021,2,26,6,-1323.484
#2021-02-27#,2021,2,27,7,994.0847
#2021-02-28#,2021,2,28,1,29972.4
#2021-03-01#,2021,3,1,2,-257.6012
#2021-03-02#,2021,3,2,3,-257.6012
#2021-03-03#,2021,3,3,4,-431.2196
#2021-03-04#,2021,3,4,5,-257.6012
#2021-03-05#,2021,3,5,6,-282.082
#2021-03-06#,2021,3,6,7,130.0598
#2021-03-07#,2021,3,7,1,-421.7798
#2021-03-08#,2021,3,8,2,-257.6012
#2021-03-09#,2021,3,9,3,-257.6012
#2021-03-10#,2021,3,10,4,-257.6012
#2021-03-11#,2021,3,11,5,-198.8161
#2021-03-12#,2021,3,12,6,408.5154
#2021-03-13#,2021,3,13,7,-680.4475
#2021-03-14#,2021,3,14,1,-1214.543
#2021-03-15#,2021,3,15,2,-198.8161
#2021-03-16#,2021,3,16,3,-198.8161
#2021-03-17#,2021,3,17,4,-198.8161
#2021-03-18#,2021,3,18,5,-198.8161
#2021-03-19#,2021,3,19,6,408.5154
#2021-03-20#,2021,3,20,7,-680.4475
#2021-03-21#,2021,3,21,1,253.8855
#2021-03-22#,2021,3,22,2,80.62518
#2021-03-23#,2021,3,23,3,80.62518
#2021-03-24#,2021,3,24,4,80.62518
#2021-03-25#,2021,3,25,5,80.62518
#2021-03-26#,2021,3,26,6,679.4464
#2021-03-27#,2021,3,27,7,-1004.17
#2021-03-28#,2021,3,28,1,-207.0495
#2021-03-29#,2021,3,29,2,80.62518
#2021-03-30#,2021,3,30,3,80.62518
#2021-03-31#,2021,3,31,4,80.62518
#2021-04-01#,2021,4,1,5,-767.121
#2021-04-02#,2021,4,2,6,-565.6064
#2021-04-03#,2021,4,3,7,10.7431
#2021-04-04#,2021,4,4,1,-796.2436
#2021-04-05#,2021,4,5,2,-767.121
#2021-04-06#,2021,4,6,3,-767.121
#2021-04-07#,2021,4,7,4,-767.121
#2021-04-08#,2021,4,8,5,-767.121
#2021-04-09#,2021,4,9,6,485.3501
#2021-04-10#,2021,4,10,7,10.7431
#2021-04-11#,2021,4,11,1,324.4258
#2021-04-12#,2021,4,12,2,-560.9514
#2021-04-13#,2021,4,13,3,-560.9514
#2021-04-14#,2021,4,14,4,-560.9514
#2021-04-15#,2021,4,15,5,-797.0059
#2021-04-16#,2021,4,16,6,-9351.374
#2021-04-17#,2021,4,17,7,-776.0052
#2021-04-18#,2021,4,18,1,324.4258
#2021-04-19#,2021,4,19,2,-560.9514
#2021-04-20#,2021,4,20,3,-560.9514
#2021-04-21#,2021,4,21,4,86.40488
#2021-04-22#,2021,4,22,5,86.40488
#2021-04-23#,2021,4,23,6,354.0206
#2021-04-24#,2021,4,24,7,-251.5937
#2021-04-25#,2021,4,25,1,-1190.502
#2021-04-26#,2021,4,26,2,86.40488
#2021-04-27#,2021,4,27,3,86.40488
#2021-04-28#,2021,4,28,4,86.40488
#2021-04-29#,2021,4,29,5,86.40488
#2021-04-30#,2021,4,30,6,354.0206
#2021-05-01#,2021,5,1,7,904.2375
#2021-05-02#,2021,5,2,1,-215.3822
#2021-05-03#,2021,5,3,2,-977.731
#2021-05-04#,2021,5,4,3,-977.731
#2021-05-05#,2021,5,5,4,-977.731
#2021-05-06#,2021,5,6,5,-977.731
#2021-05-07#,2021,5,7,6,-113.1609
#2021-05-08#,2021,5,8,7,904.2375
#2021-05-09#,2021,5,9,1,-215.3822
#2021-05-10#,2021,5,10,2,-977.731
#2021-05-11#,2021,5,11,3,-534.5371
#2021-05-12#,2021,5,12,4,-534.5371
#2021-05-13#,2021,5,13,5,-534.5371
#2021-05-14#,2021,5,14,6,-1232.912
#2021-05-15#,2021,5,15,7,-579.3192
#2021-05-16#,2021,5,16,1,-1143.253
#2021-05-17#,2021,5,17,2,-618.0018
#2021-05-18#,2021,5,18,3,-534.5371
#2021-05-19#,2021,5,19,4,-534.5371
#2021-05-20#,2021,5,20,5,-534.5371
#2021-05-21#,2021,5,21,6,-1499.647
#2021-05-22#,2021,5,22,7,245.6371
#2021-05-23#,2021,5,23,1,724.0925
#2021-05-24#,2021,5,24,2,-799.7497
#2021-05-25#,2021,5,25,3,-799.7497
#2021-05-26#,2021,5,26,4,-799.7497
#2021-05-27#,2021,5,27,5,-799.7497
#2021-05-28#,2021,5,28,6,-1499.647
#2021-05-29#,2021,5,29,7,245.6371
#2021-05-30#,2021,5,30,1,724.0925
#2021-05-31#,2021,5,31,2,-799.7497
#2021-06-01#,2021,6,1,3,-312.6445
#2021-06-02#,2021,6,2,4,-312.6445
#2021-06-03#,2021,6,3,5,-312.6445
#2021-06-04#,2021,6,4,6,-1062.95
#2021-06-05#,2021,6,5,7,-1479.013
#2021-06-06#,2021,6,6,1,-1035.059
#2021-06-07#,2021,6,7,2,-312.6445
#2021-06-08#,2021,6,8,3,-312.6445
#2021-06-09#,2021,6,9,4,-312.6445
#2021-06-10#,2021,6,10,5,-312.6445
#2021-06-11#,2021,6,11,6,-181.4698
#2021-06-12#,2021,6,12,7,-307.2852
#2021-06-13#,2021,6,13,1,-1269.042
#2021-06-14#,2021,6,14,2,-1165.326
#2021-06-15#,2021,6,15,3,-1165.326
#2021-06-16#,2021,6,16,4,-1165.326
#2021-06-17#,2021,6,17,5,-1165.326
#2021-06-18#,2021,6,18,6,-181.4698
#2021-06-19#,2021,6,19,7,-307.2852
#2021-06-20#,2021,6,20,1,-1269.042
#2021-06-21#,2021,6,21,2,-317.663
#2021-06-22#,2021,6,22,3,-317.663
#2021-06-23#,2021,6,23,4,-317.663
#2021-06-24#,2021,6,24,5,-317.663
#2021-06-25#,2021,6,25,6,-1472.84
#2021-06-26#,2021,6,26,7,-1350.832
#2021-06-27#,2021,6,27,1,-975.5377
#2021-06-28#,2021,6,28,2,-317.663
#2021-06-29#,2021,6,29,3,-317.663
#2021-06-30#,2021,6,30,4,-317.663
#2021-07-01#,2021,7,1,5,197.6809
#2021-07-02#,2021,7,2,6,-897.3495
#2021-07-03#,2021,7,3,7,-1528.25
#2021-07-04#,2021,7,4,1,-1311.286
#2021-07-05#,2021,7,5,2,197.6809
#2021-07-06#,2021,7,6,3,197.6809
#2021-07-07#,2021,7,7,4,197.6809
#2021-07-08#,2021,7,8,5,197.6809
#2021-07-09#,2021,7,9,6,-897.3495
#2021-07-10#,2021,7,10,7,-1528.25
#2021-07-11#,2021,7,11,1,-59.58099
#2021-07-12#,2021,7,12,2,-1242.599
#2021-07-13#,2021,7,13,3,-1242.599
#2021-07-14#,2021,7,14,4,-1242.599
#2021-07-15#,2021,7,15,5,-1242.599
#2021-07-16#,2021,7,16,6,-1800.401
#2021-07-17#,2021,7,17,7,-914.3373
#2021-07-18#,2021,7,18,1,-59.58099
#2021-07-19#,2021,7,19,2,-1242.599
#2021-07-20#,2021,7,20,3,-1242.599
#2021-07-21#,2021,7,21,4,-918.6342
#2021-07-22#,2021,7,22,5,-918.6342
#2021-07-23#,2021,7,23,6,-1569.474
#2021-07-24#,2021,7,24,7,-1346.802
#2021-07-25#,2021,7,25,1,-523.3605
#2021-07-26#,2021,7,26,2,-918.6342
#2021-07-27#,2021,7,27,3,-918.6342
#2021-07-28#,2021,7,28,4,-918.6342
#2021-07-29#,2021,7,29,5,-918.6342
#2021-07-30#,2021,7,30,6,-1569.474
#2021-07-31#,2021,7,31,7,-1346.802
#2021-08-01#,2021,8,1,1,-1.938599
#2021-08-02#,2021,8,2,2,-651.8026
#2021-08-03#,2021,8,3,3,-651.8026
#2021-08-04#,2021,8,4,4,-651.8026
#2021-08-05#,2021,8,5,5,-651.8026
#2021-08-06#,2021,8,6,6,-1845.853
#2021-08-07#,2021,8,7,7,-849.2023
#2021-08-08#,2021,8,8,1,-1.938599
#2021-08-09#,2021,8,9,2,-651.8026
#2021-08-10#,2021,8,10,3,-651.8026
#2021-08-11#,2021,8,11,4,-722.5156
#2021-08-12#,2021,8,12,5,-722.5156
#2021-08-13#,2021,8,13,6,-2008.089
#2021-08-14#,2021,8,14,7,-1604.131
#2021-08-15#,2021,8,15,1,-847.2402
#2021-08-16#,2021,8,16,2,-722.5156
#2021-08-17#,2021,8,17,3,-722.5156
#2021-08-18#,2021,8,18,4,-722.5156
#2021-08-19#,2021,8,19,5,-722.5156
#2021-08-20#,2021,8,20,6,-2008.089
#2021-08-21#,2021,8,21,7,-1344.498
#2021-08-22#,2021,8,22,1,-491.9285
#2021-08-23#,2021,8,23,2,-900.3005
#2021-08-24#,2021,8,24,3,-900.3005
#2021-08-25#,2021,8,25,4,-900.3005
#2021-08-26#,2021,8,26,5,-900.3005
#2021-08-27#,2021,8,27,6,-1054.708
#2021-08-28#,2021,8,28,7,-1344.498
#2021-08-29#,2021,8,29,1,-491.9285
#2021-08-30#,2021,8,30,2,-900.3005
#2021-08-31#,2021,8,31,3,-900.3005
#2021-09-01#,2021,9,1,4,-1672.057
#2021-09-02#,2021,9,2,5,-1672.057
#2021-09-03#,2021,9,3,6,-1320.041
#2021-09-04#,2021,9,4,7,-2156.357
#2021-09-05#,2021,9,5,1,-2348.106
#2021-09-06#,2021,9,6,2,-1645.598
#2021-09-07#,2021,9,7,3,-895.2275
#2021-09-08#,2021,9,8,4,-688.0475
#2021-09-09#,2021,9,9,5,-1672.057
#2021-09-10#,2021,9,10,6,-1320.041
#2021-09-11#,2021,9,11,7,-1285.899
#2021-09-12#,2021,9,12,1,-2914.354
#2021-09-13#,2021,9,13,2,-1094.134
#2021-09-14#,2021,9,14,3,-1094.134
#2021-09-15#,2021,9,15,4,-644.4521
#2021-09-16#,2021,9,16,5,-1298.245
#2021-09-17#,2021,9,17,6,-1651.924
#2021-09-18#,2021,9,18,7,-1285.899
#2021-09-19#,2021,9,19,1,-2914.354
#2021-09-20#,2021,9,20,2,-844.2178
#2021-09-21#,2021,9,21,3,-1671.695
#2021-09-22#,2021,9,22,4,-731.6204
#2021-09-23#,2021,9,23,5,-731.6204
#2021-09-24#,2021,9,24,6,-1627.419
#2021-09-25#,2021,9,25,7,-2185.36
#2021-09-26#,2021,9,26,1,-1935.322
#2021-09-27#,2021,9,27,2,-1437.573
#2021-09-28#,2021,9,28,3,-2206.92
#2021-09-29#,2021,9,29,4,-731.6204
#2021-09-30#,2021,9,30,5,-731.6204
#2021-10-01#,2021,10,1,6,-1814.312
#2021-10-02#,2021,10,2,7,-3000.232
#2021-10-03#,2021,10,3,1,-127.8649
#2021-10-04#,2021,10,4,2,-1428.249
#2021-10-05#,2021,10,5,3,-1428.249
#2021-10-06#,2021,10,6,4,-1428.249
#2021-10-07#,2021,10,7,5,-1428.249
#2021-10-08#,2021,10,8,6,-1814.312
#2021-10-09#,2021,10,9,7,-3000.232
#2021-10-10#,2021,10,10,1,-127.8649
#2021-10-11#,2021,10,11,2,-881.214
#2021-10-12#,2021,10,12,3,-881.214
#2021-10-13#,2021,10,13,4,-881.214
#2021-10-14#,2021,10,14,5,-881.214
#2021-10-15#,2021,10,15,6,-1518.817
#2021-10-16#,2021,10,16,7,-1730.319
#2021-10-17#,2021,10,17,1,-1789.932
#2021-10-18#,2021,10,18,2,-881.214
#2021-10-19#,2021,10,19,3,-881.214
#2021-10-20#,2021,10,20,4,-881.214
#2021-10-21#,2021,10,21,5,-1415.324
#2021-10-22#,2021,10,22,6,-2214.164
#2021-10-23#,2021,10,23,7,-2313.357
#2021-10-24#,2021,10,24,1,-1162.948
#2021-10-25#,2021,10,25,2,-1415.324
#2021-10-26#,2021,10,26,3,-1415.324
#2021-10-27#,2021,10,27,4,-1415.324
#2021-10-28#,2021,10,28,5,-1415.324
#2021-10-29#,2021,10,29,6,-2214.164
#2021-10-30#,2021,10,30,7,-2313.357
#2021-10-31#,2021,10,31,1,-1162.948
#2021-11-01#,2021,11,1,2,-1180.21
#2021-11-02#,2021,11,2,3,-1180.21
#2021-11-03#,2021,11,3,4,-1180.21
#2021-11-04#,2021,11,4,5,-1180.21
#2021-11-05#,2021,11,5,6,-1667.366
#2021-11-06#,2021,11,6,7,-1349.034
#2021-11-07#,2021,11,7,1,-1798.509
#2021-11-08#,2021,11,8,2,-1180.21
#2021-11-09#,2021,11,9,3,-1180.21
#2021-11-10#,2021,11,10,4,-1180.21
#2021-11-11#,2021,11,11,5,-324.8412
#2021-11-12#,2021,11,12,6,-1636.289
#2021-11-13#,2021,11,13,7,-1898.525
#2021-11-14#,2021,11,14,1,-105.5468
#2021-11-15#,2021,11,15,2,-324.8412
#2021-11-16#,2021,11,16,3,-324.8412
#2021-11-17#,2021,11,17,4,-324.8412
#2021-11-18#,2021,11,18,5,-324.8412
#2021-11-19#,2021,11,19,6,-1636.289
#2021-11-20#,2021,11,20,7,-1898.525
#2021-11-21#,2021,11,21,1,-1007.932
#2021-11-22#,2021,11,22,2,-1400.184
#2021-11-23#,2021,11,23,3,-1400.184
#2021-11-24#,2021,11,24,4,-1400.184
#2021-11-25#,2021,11,25,5,-1400.184
#2021-11-26#,2021,11,26,6,-1437.034
#2021-11-27#,2021,11,27,7,-1730.724
#2021-11-28#,2021,11,28,1,-1007.932
#2021-11-29#,2021,11,29,2,-1400.184
#2021-11-30#,2021,11,30,3,-1400.184
#2021-12-01#,2021,12,1,4,-842.0687
#2021-12-02#,2021,12,2,5,-842.0687
#2021-12-03#,2021,12,3,6,-249.2597
#2021-12-04#,2021,12,4,7,-1128.8
#2021-12-05#,2021,12,5,1,-491.636
#2021-12-06#,2021,12,6,2,-842.0687
#2021-12-07#,2021,12,7,3,-842.0687
#2021-12-08#,2021,12,8,4,-842.0687
#2021-12-09#,2021,12,9,5,-842.0687
#2021-12-10#,2021,12,10,6,-249.2597
#2021-12-11#,2021,12,11,7,-713.5496
#2021-12-12#,2021,12,12,1,-714.6025
#2021-12-13#,2021,12,13,2,-861.6769
#2021-12-14#,2021,12,14,3,-861.6769
#2021-12-15#,2021,12,15,4,-861.6769
#2021-12-16#,2021,12,16,5,-861.6769
#2021-12-17#,2021,12,17,6,-1418.025
#2021-12-18#,2021,12,18,7,-713.5496
#2021-12-19#,2021,12,19,1,-714.6025
#2021-12-20#,2021,12,20,2,-861.6769
#2021-12-21#,2021,12,21,3,-947.379
#2021-12-22#,2021,12,22,4,-947.379
#2021-12-23#,2021,12,23,5,-947.379
#2021-12-24#,2021,12,24,6,-179.5251
#2021-12-25#,2021,12,25,7,-1049.056
#2021-12-26#,2021,12,26,1,-851.3972
#2021-12-27#,2021,12,27,2,-947.379
#2021-12-28#,2021,12,28,3,-947.379
#2021-12-29#,2021,12,29,4,-947.379
#2021-12-30#,2021,12,30,5,-947.379
#2021-12-31#,2021,12,31,6,-179.5251
