#2022-01-01#,2022,1,1,7,-548.6101
#2022-01-02#,2022,1,2,1,351.425
#2022-01-03#,2022,1,3,2,-588.5936
#2022-01-04#,2022,1,4,3,-588.5936
#2022-01-05#,2022,1,5,4,-588.5936
#2022-01-06#,2022,1,6,5,-588.5936
#2022-01-07#,2022,1,7,6,-255.8546
#2022-01-08#,2022,1,8,7,-548.6101
#2022-01-09#,2022,1,9,1,351.425
#2022-01-10#,2022,1,10,2,-588.5936
#2022-01-11#,2022,1,11,3,357.6211
#2022-01-12#,2022,1,12,4,357.6211
#2022-01-13#,2022,1,13,5,357.6211
#2022-01-14#,2022,1,14,6,-1163.734
#2022-01-15#,2022,1,15,7,-985.6396
#2022-01-16#,2022,1,16,1,-752.6041
#2022-01-17#,2022,1,17,2,357.6211
#2022-01-18#,2022,1,18,3,357.6211
#2022-01-19#,2022,1,19,4,357.6211
#2022-01-20#,2022,1,20,5,357.6211
#2022-01-21#,2022,1,21,6,-421.5509
#2022-01-22#,2022,1,22,7,-374.1898
#2022-01-23#,2022,1,23,1,334.8528
#2022-01-24#,2022,1,24,2,-540.0173
#2022-01-25#,2022,1,25,3,-540.0173
#2022-01-26#,2022,1,26,4,-540.0173
#2022-01-27#,2022,1,27,5,-540.0173
#2022-01-28#,2022,1,28,6,-421.5509
#2022-01-29#,2022,1,29,7,-374.1898
#2022-01-30#,2022,1,30,1,334.8528
#2022-01-31#,2022,1,31,2,-540.0173
#2022-02-01#,2022,2,1,3,-686.7958
#2022-02-02#,2022,2,2,4,-686.7958
#2022-02-03#,2022,2,3,5,-686.7958
#2022-02-04#,2022,2,4,6,-1104.115
#2022-02-05#,2022,2,5,7,-377.715
#2022-02-06#,2022,2,6,1,-713.0405
#2022-02-07#,2022,2,7,2,-686.7958
#2022-02-08#,2022,2,8,3,-686.7958
#2022-02-09#,2022,2,9,4,-686.7958
#2022-02-10#,2022,2,10,5,-686.7958
#2022-02-11#,2022,2,11,6,-814.8384
#2022-02-12#,2022,2,12,7,-522.712
#2022-02-13#,2022,2,13,1,-604.3364
#2022-02-14#,2022,2,14,2,-1408.091
#2022-02-15#,2022,2,15,3,-1408.091
#2022-02-16#,2022,2,16,4,-1408.091
#2022-02-17#,2022,2,17,5,-1408.091
#2022-02-18#,2022,2,18,6,-814.8384
#2022-02-19#,2022,2,19,7,-522.712
#2022-02-20#,2022,2,20,1,-604.3364
#2022-02-21#,2022,2,21,2,-883.9045
#2022-02-22#,2022,2,22,3,-883.9045
#2022-02-23#,2022,2,23,4,-883.9045
#2022-02-24#,2022,2,24,5,-883.9045
#2022-02-25#,2022,2,25,6,56.12068
#2022-02-26#,2022,2,26,7,-359.5458
#2022-02-27#,2022,2,27,1,-679.6953
#2022-02-28#,2022,2,28,2,-883.9045
#2022-03-01#,2022,3,1,3,101.5293
#2022-03-02#,2022,3,2,4,101.5293
#2022-03-03#,2022,3,3,5,101.5293
#2022-03-04#,2022,3,4,6,-504.7198
#2022-03-05#,2022,3,5,7,-356.3878
#2022-03-06#,2022,3,6,1,950.5212
#2022-03-07#,2022,3,7,2,101.5293
#2022-03-08#,2022,3,8,3,101.5293
#2022-03-09#,2022,3,9,4,101.5293
#2022-03-10#,2022,3,10,5,101.5293
#2022-03-11#,2022,3,11,6,-362.7777
#2022-03-12#,2022,3,12,7,-1301.442
#2022-03-13#,2022,3,13,1,765.64
#2022-03-14#,2022,3,14,2,-773.9092
#2022-03-15#,2022,3,15,3,-773.9092
#2022-03-16#,2022,3,16,4,-773.9092
#2022-03-17#,2022,3,17,5,-773.9092
#2022-03-18#,2022,3,18,6,-362.7777
#2022-03-19#,2022,3,19,7,-1301.442
#2022-03-20#,2022,3,20,1,765.64
#2022-03-21#,2022,3,21,2,-248.7234
#2022-03-22#,2022,3,22,3,-248.7234
#2022-03-23#,2022,3,23,4,-248.7234
#2022-03-24#,2022,3,24,5,-248.7234
#2022-03-25#,2022,3,25,6,-741.4233
#2022-03-26#,2022,3,26,7,-857.2129
#2022-03-27#,2022,3,27,1,-105.3347
#2022-03-28#,2022,3,28,2,-248.7234
#2022-03-29#,2022,3,29,3,-248.7234
#2022-03-30#,2022,3,30,4,-248.7234
#2022-03-31#,2022,3,31,5,-248.7234
#2022-04-01#,2022,4,1,6,-751.6415
#2022-04-02#,2022,4,2,7,-538.6857
#2022-04-03#,2022,4,3,1,107.0068
#2022-04-04#,2022,4,4,2,-98.49787
#2022-04-05#,2022,4,5,3,-98.49787
#2022-04-06#,2022,4,6,4,-98.49787
#2022-04-07#,2022,4,7,5,-98.49787
#2022-04-08#,2022,4,8,6,-751.6415
#2022-04-09#,2022,4,9,7,-538.6857
#2022-04-10#,2022,4,10,1,107.0068
#2022-04-11#,2022,4,11,2,818.4388
#2022-04-12#,2022,4,12,3,818.4388
#2022-04-13#,2022,4,13,4,818.4388
#2022-04-14#,2022,4,14,5,818.4388
#2022-04-15#,2022,4,15,6,-1347.792
#2022-04-16#,2022,4,16,7,-911.3853
#2022-04-17#,2022,4,17,1,-651.3613
#2022-04-18#,2022,4,18,2,818.4388
#2022-04-19#,2022,4,19,3,818.4388
#2022-04-20#,2022,4,20,4,818.4388
#2022-04-21#,2022,4,21,5,-1454.423
#2022-04-22#,2022,4,22,6,-1006.242
#2022-04-23#,2022,4,23,7,-721.0981
#2022-04-24#,2022,4,24,1,-106.4772
#2022-04-25#,2022,4,25,2,-195.0825
#2022-04-26#,2022,4,26,3,-195.0825
#2022-04-27#,2022,4,27,4,-195.0825
#2022-04-28#,2022,4,28,5,-195.0825
#2022-04-29#,2022,4,29,6,-22.27802
#2022-04-30#,2022,4,30,7,-721.0981
#2022-05-01#,2022,5,1,1,901.0438
#2022-05-02#,2022,5,2,2,-909.2921
#2022-05-03#,2022,5,3,3,-909.2921
#2022-05-04#,2022,5,4,4,-909.2921
#2022-05-05#,2022,5,5,5,-575.6693
#2022-05-06#,2022,5,6,6,-853.5454
#2022-05-07#,2022,5,7,7,-409.1717
#2022-05-08#,2022,5,8,1,901.0438
#2022-05-09#,2022,5,9,2,-909.2921
#2022-05-10#,2022,5,10,3,-909.2921
#2022-05-11#,2022,5,11,4,-38361.71
#2022-05-12#,2022,5,12,5,-38361.71
#2022-05-13#,2022,5,13,6,-565.4506
#2022-05-14#,2022,5,14,7,-907.3665
#2022-05-15#,2022,5,15,1,-38695.45
#2022-05-16#,2022,5,16,2,-38361.71
#2022-05-17#,2022,5,17,3,-38361.71
#2022-05-18#,2022,5,18,4,-38361.71
#2022-05-19#,2022,5,19,5,-38361.71
#2022-05-20#,2022,5,20,6,-565.4506
#2022-05-21#,2022,5,21,7,-1572.471
#2022-05-22#,2022,5,22,1,1077.701
#2022-05-23#,2022,5,23,2,-10724.23
#2022-05-24#,2022,5,24,3,-10724.23
#2022-05-25#,2022,5,25,4,-10724.23
#2022-05-26#,2022,5,26,5,-10724.23
#2022-05-27#,2022,5,27,6,-38739.27
#2022-05-28#,2022,5,28,7,-1572.471
#2022-05-29#,2022,5,29,1,1077.701
#2022-05-30#,2022,5,30,2,-10724.23
#2022-05-31#,2022,5,31,3,-10724.23
#2022-06-01#,2022,6,1,4,-579.5331
#2022-06-02#,2022,6,2,5,-579.5331
#2022-06-03#,2022,6,3,6,-728.4081
#2022-06-04#,2022,6,4,7,-590.3921
#2022-06-05#,2022,6,5,1,-780.8601
#2022-06-06#,2022,6,6,2,-579.5331
#2022-06-07#,2022,6,7,3,-579.5331
#2022-06-08#,2022,6,8,4,-579.5331
#2022-06-09#,2022,6,9,5,-579.5331
#2022-06-10#,2022,6,10,6,-728.4081
#2022-06-11#,2022,6,11,7,-575.9053
#2022-06-12#,2022,6,12,1,-674.7186
#2022-06-13#,2022,6,13,2,-521.7631
#2022-06-14#,2022,6,14,3,-521.7631
#2022-06-15#,2022,6,15,4,-521.7631
#2022-06-16#,2022,6,16,5,-521.7631
#2022-06-17#,2022,6,17,6,-599.8705
#2022-06-18#,2022,6,18,7,-575.9053
#2022-06-19#,2022,6,19,1,-674.7186
#2022-06-20#,2022,6,20,2,-521.7631
#2022-06-21#,2022,6,21,3,-540.4208
#2022-06-22#,2022,6,22,4,-540.4208
#2022-06-23#,2022,6,23,5,-540.4208
#2022-06-24#,2022,6,24,6,-1180.87
#2022-06-25#,2022,6,25,7,-675.6672
#2022-06-26#,2022,6,26,1,-82.64099
#2022-06-27#,2022,6,27,2,-540.4208
#2022-06-28#,2022,6,28,3,-540.4208
#2022-06-29#,2022,6,29,4,-540.4208
#2022-06-30#,2022,6,30,5,-540.4208
#2022-07-01#,2022,7,1,6,-520.6371
#2022-07-02#,2022,7,2,7,-603.7381
#2022-07-03#,2022,7,3,1,-546.7303
#2022-07-04#,2022,7,4,2,-1014.887
#2022-07-05#,2022,7,5,3,-1014.887
#2022-07-06#,2022,7,6,4,-1014.887
#2022-07-07#,2022,7,7,5,-1014.887
#2022-07-08#,2022,7,8,6,-520.6371
#2022-07-09#,2022,7,9,7,-603.7381
#2022-07-10#,2022,7,10,1,-546.7303
#2022-07-11#,2022,7,11,2,-755.1166
#2022-07-12#,2022,7,12,3,-755.1166
#2022-07-13#,2022,7,13,4,-755.1166
#2022-07-14#,2022,7,14,5,-755.1166
#2022-07-15#,2022,7,15,6,-1258.146
#2022-07-16#,2022,7,16,7,-66.0031
#2022-07-17#,2022,7,17,1,-94.46875
#2022-07-18#,2022,7,18,2,-755.1166
#2022-07-19#,2022,7,19,3,-755.1166
#2022-07-20#,2022,7,20,4,-755.1166
#2022-07-21#,2022,7,21,5,-29.71108
#2022-07-22#,2022,7,22,6,-97.08005
#2022-07-23#,2022,7,23,7,-786.49
#2022-07-24#,2022,7,24,1,-887.8247
#2022-07-25#,2022,7,25,2,-29.71108
#2022-07-26#,2022,7,26,3,-29.71108
#2022-07-27#,2022,7,27,4,-29.71108
#2022-07-28#,2022,7,28,5,-29.71108
#2022-07-29#,2022,7,29,6,-97.08005
#2022-07-30#,2022,7,30,7,-786.49
#2022-07-31#,2022,7,31,1,-887.8247
#2022-08-01#,2022,8,1,2,14.72095
#2022-08-02#,2022,8,2,3,14.72095
#2022-08-03#,2022,8,3,4,14.72095
#2022-08-04#,2022,8,4,5,14.72095
#2022-08-05#,2022,8,5,6,-951.3379
#2022-08-06#,2022,8,6,7,-406.3094
#2022-08-07#,2022,8,7,1,534.5771
#2022-08-08#,2022,8,8,2,14.72095
#2022-08-09#,2022,8,9,3,14.72095
#2022-08-10#,2022,8,10,4,14.72095
#2022-08-11#,2022,8,11,5,-22.25133
#2022-08-12#,2022,8,12,6,-516.8852
#2022-08-13#,2022,8,13,7,-786.4338
#2022-08-14#,2022,8,14,1,-220.5521
#2022-08-15#,2022,8,15,2,-22.25133
#2022-08-16#,2022,8,16,3,-22.25133
#2022-08-17#,2022,8,17,4,-22.25133
#2022-08-18#,2022,8,18,5,-22.25133
#2022-08-19#,2022,8,19,6,-516.8852
#2022-08-20#,2022,8,20,7,-786.4338
#2022-08-21#,2022,8,21,1,149.5835
#2022-08-22#,2022,8,22,2,-206.8842
#2022-08-23#,2022,8,23,3,-206.8842
#2022-08-24#,2022,8,24,4,-206.8842
#2022-08-25#,2022,8,25,5,-206.8842
#2022-08-26#,2022,8,26,6,-436.5546
#2022-08-27#,2022,8,27,7,.7611817
#2022-08-28#,2022,8,28,1,149.5835
#2022-08-29#,2022,8,29,2,-206.8842
#2022-08-30#,2022,8,30,3,-206.8842
#2022-08-31#,2022,8,31,4,-206.8842
#2022-09-01#,2022,9,1,5,-64065.08
#2022-09-02#,2022,9,2,6,-682.7283
#2022-09-03#,2022,9,3,7,-1448.179
#2022-09-04#,2022,9,4,1,-295.4683
#2022-09-05#,2022,9,5,2,-64065.08
#2022-09-06#,2022,9,6,3,-64065.08
#2022-09-07#,2022,9,7,4,-64065.08
#2022-09-08#,2022,9,8,5,-64065.08
#2022-09-09#,2022,9,9,6,-682.7283
#2022-09-10#,2022,9,10,7,926.7839
#2022-09-11#,2022,9,11,1,-54930.7
#2022-09-12#,2022,9,12,2,-83.68004
#2022-09-13#,2022,9,13,3,-83.68004
#2022-09-14#,2022,9,14,4,-83.68004
#2022-09-15#,2022,9,15,5,-83.68004
#2022-09-16#,2022,9,16,6,-98795.78
#2022-09-17#,2022,9,17,7,-132716.3
#2022-09-18#,2022,9,18,1,-54930.7
#2022-09-19#,2022,9,19,2,-83.68004
#2022-09-20#,2022,9,20,3,-83.68004
#2022-09-21#,2022,9,21,4,-2910.132
#2022-09-22#,2022,9,22,5,-2910.132
#2022-09-23#,2022,9,23,6,197.8779
#2022-09-24#,2022,9,24,7,211.8101
#2022-09-25#,2022,9,25,1,298.1865
#2022-09-26#,2022,9,26,2,10.08417
#2022-09-27#,2022,9,27,3,20.43339
#2022-09-28#,2022,9,28,4,-2910.132
#2022-09-29#,2022,9,29,5,-2910.132
#2022-09-30#,2022,9,30,6,197.8779
#2022-10-01#,2022,10,1,7,29.09769
#2022-10-02#,2022,10,2,1,1021.476
#2022-10-03#,2022,10,3,2,-117.131
#2022-10-04#,2022,10,4,3,-221.8114
#2022-10-05#,2022,10,5,4,115.9012
#2022-10-06#,2022,10,6,5,-117.131
#2022-10-07#,2022,10,7,6,10.62909
#2022-10-08#,2022,10,8,7,29.09769
#2022-10-09#,2022,10,9,1,755.5126
#2022-10-10#,2022,10,10,2,482.6199
#2022-10-11#,2022,10,11,3,-41375.57
#2022-10-12#,2022,10,12,4,-41375.57
#2022-10-13#,2022,10,13,5,-41375.57
#2022-10-14#,2022,10,14,6,-5426.23
#2022-10-15#,2022,10,15,7,212.1566
#2022-10-16#,2022,10,16,1,-24.26864
#2022-10-17#,2022,10,17,2,259.7689
#2022-10-18#,2022,10,18,3,-41375.57
#2022-10-19#,2022,10,19,4,-41375.57
#2022-10-20#,2022,10,20,5,-41375.57
#2022-10-21#,2022,10,21,6,137.3097
#2022-10-22#,2022,10,22,7,-75.28015
#2022-10-23#,2022,10,23,1,-322.5345
#2022-10-24#,2022,10,24,2,-4977.299
#2022-10-25#,2022,10,25,3,-4977.299
#2022-10-26#,2022,10,26,4,-4977.299
#2022-10-27#,2022,10,27,5,-4977.299
#2022-10-28#,2022,10,28,6,137.3097
#2022-10-29#,2022,10,29,7,-75.28015
#2022-10-30#,2022,10,30,1,-322.5345
#2022-10-31#,2022,10,31,2,-4977.299
#2022-11-01#,2022,11,1,3,172.9558
#2022-11-02#,2022,11,2,4,172.9558
#2022-11-03#,2022,11,3,5,172.9558
#2022-11-04#,2022,11,4,6,-307.6014
#2022-11-05#,2022,11,5,7,-395.77
#2022-11-06#,2022,11,6,1,303.598
#2022-11-07#,2022,11,7,2,172.9558
#2022-11-08#,2022,11,8,3,172.9558
#2022-11-09#,2022,11,9,4,172.9558
#2022-11-10#,2022,11,10,5,172.9558
#2022-11-11#,2022,11,11,6,292.9843
#2022-11-12#,2022,11,12,7,71.22479
#2022-11-13#,2022,11,13,1,164.553
#2022-11-14#,2022,11,14,2,19.42116
#2022-11-15#,2022,11,15,3,19.42116
#2022-11-16#,2022,11,16,4,19.42116
#2022-11-17#,2022,11,17,5,19.42116
#2022-11-18#,2022,11,18,6,292.9843
#2022-11-19#,2022,11,19,7,71.22479
#2022-11-20#,2022,11,20,1,164.553
#2022-11-21#,2022,11,21,2,-160.9434
#2022-11-22#,2022,11,22,3,-160.9434
#2022-11-23#,2022,11,23,4,-160.9434
#2022-11-24#,2022,11,24,5,-160.9434
#2022-11-25#,2022,11,25,6,82.76485
#2022-11-26#,2022,11,26,7,-119.2726
#2022-11-27#,2022,11,27,1,741.8115
#2022-11-28#,2022,11,28,2,-160.9434
#2022-11-29#,2022,11,29,3,-160.9434
#2022-11-30#,2022,11,30,4,-160.9434
#2022-12-01#,2022,12,1,5,1738.674
#2022-12-02#,2022,12,2,6,-631.1785
#2022-12-03#,2022,12,3,7,-58.2439
#2022-12-04#,2022,12,4,1,6339.194
#2022-12-05#,2022,12,5,2,1738.674
#2022-12-06#,2022,12,6,3,1738.674
#2022-12-07#,2022,12,7,4,1738.674
#2022-12-08#,2022,12,8,5,1738.674
#2022-12-09#,2022,12,9,6,-631.1785
#2022-12-10#,2022,12,10,7,-58.2439
#2022-12-11#,2022,12,11,1,232.4055
#2022-12-12#,2022,12,12,2,-288.2504
#2022-12-13#,2022,12,13,3,-288.2504
#2022-12-14#,2022,12,14,4,-288.2504
#2022-12-15#,2022,12,15,5,-288.2504
#2022-12-16#,2022,12,16,6,730.17
#2022-12-17#,2022,12,17,7,994.8351
#2022-12-18#,2022,12,18,1,232.4055
#2022-12-19#,2022,12,19,2,-288.2504
#2022-12-20#,2022,12,20,3,-288.2504
#2022-12-21#,2022,12,21,4,531.1097
#2022-12-22#,2022,12,22,5,531.1097
#2022-12-23#,2022,12,23,6,-236.8727
#2022-12-24#,2022,12,24,7,-702.9562
#2022-12-25#,2022,12,25,1,1699.016
#2022-12-26#,2022,12,26,2,531.1097
#2022-12-27#,2022,12,27,3,531.1097
#2022-12-28#,2022,12,28,4,531.1097
#2022-12-29#,2022,12,29,5,531.1097
#2022-12-30#,2022,12,30,6,-236.8727
#2022-12-31#,2022,12,31,7,-702.9562
