 20091.9745    1             9             2019          1 
   1.64916596974337E-02    3.48460028157014E-02    5.83460563114858E-02    8.34288337365748E-02    .111803352012827    .144054415681464    .180342529301936    .220028773180058    .277028560893804    .331312663468566    .399466746466045    .462303388381515    .524035757955869    .569617400283382    .620149373105416    .656629122535344    .698859282875608    .742545880228198    .787316846335834    .832087812443471    .876275231654062    .918539658241404    .959334573177464    1.00000010265293 
 21072.675     2             9             2019          2 
   3.68172301055306E-02    7.16283065350774E-02    .108521457401291    .143738865727476    .181928723027125    .222642583567938    .266164585402067    .309989714167755    .35703108872776    .406737069970353    .457797251431653    .51383129121896    .570662006603338    .625886348523621    .673136519657566    .716452111561536    .751534848298804    .784852858915634    .818234915002485    .854205112485719    .89002219402615    .927609933539525    .964054679223212    .999999944388883 
 18309.3745    3             9             2019          3 
   4.26414068811017E-02    .083933774053491    .125090289194307    .161986691571577    .197428240798518    .230749280921639    .264447865217897    .300093534180742    .339516645003015    .381760043067351    .430450253903745    .483033967363959    .538617526229528    .593625528243742    .648854077712349    .697237762256024    .744673172750931    .786634579426785    .827533038044937    .862696036103664    .898238631800338    .930178596830274    .963667567705549    1.00000002730842 
 19674.889     4             9             2019          4 
   3.18356300659673E-02    6.57824525044017E-02    9.47546629404586E-02    .122116317911628    .146399804458554    .175044814976466    .203946500326349    .242022316213893    .284359902194048    .343036873160695    .401389827051566    .472270175514078    .539754673139452    .6045085525959    .656886250412899    .709021233232879    .747139598697355    .786824046694749    .823427155834272    .857802151228147    .891915471066952    .925582076187317    .961121706487137    .999999983322651 
 20613.665     5             9             2019          5 
   3.74205654355982E-02    .07501758911731    .11158677519712    .142791199486936    .172197050096987    .200451972256632    .229877850445324    .266378521124519    .310442747224657    .362111768266039    .419443299960245    .479080336393358    .535454973830466    .58963749744405    .639022829713324    .684164020793367    .727179185506313    .766612362706365    .80328284735514    .838530059277426    .875472805296875    .917476476617574    .956688935925513    1.0000000492695 
 20475.2005    6             9             2019          6 
   .035989269663417    6.69682086873826E-02    9.05583293883679E-02    .115145392593347    .139839292358975    .171602719966344    .210602953329444    .254126951917699    .301626486781839    .349526515663729    .40114872554911    .451374691285074    .505104896210296    .565022511928516    .625435820671207    .689504179855284    .750509096052564    .804781496523074    .850628403339689    .890665213662987    .921989693245006    .950853879458958    .976244923553984    .999999842034514 
 13780.1625    7             9             2019          7 
   3.23091259702863E-02    6.63417439530943E-02    .102604920340086    .142804919753305    .185286269472058    .230784651487238    .272570261780295    .319093667992395    .359723645709457    .401609037119029    .43799286060442    .472027292346425    .499582294135682    .53364121051956    .564668602250246    .607258804096106    .650734315315585    .699128156825074    .746881570813298    .799136969878802    .849044748882678    .904790644477161    .956407387703157    .999999971653092 
 15075.4375    8             9             2019          1 
   3.58041026807369E-02    6.10015463896156E-02    8.78962850114217E-02    .117666568549006    .158112329995605    .203055460403305    .257791851889663    .31208962892868    .368194123719461    .423659353014216    .478748964841402    .530941492939674    .580368728934069    .624718214023639    .665813233032209    .70405754963579    .735305411949073    .767123712723926    .792817022826867    .822688474007802    .855087189115573    .898974804317453    .943975959963849    1.00000006477839 
 17722.2625    9             9             2019          2 
   4.28655758706299E-02    8.59935349676713E-02    .123820251505698    .158629571271938    .189456614442745    .223294703682198    .256438031508392    .292758873725914    .338088153909172    .386503242126252    .440998970177693    .497771528624661    .555679581772502    .605924306186922    .655779667751931    .698664299175966    .739991534306074    .780219891153852    .820942693635336    .863016198376195    .902713465619867    .938403039679612    .97192869085564    1.00000006612446 
 13616.75      10            9             2019          3 
   .031220739163163    6.28233618306153E-02    9.37888979077928E-02    .123833690296418    .160656911524409    .197935450737373    .240983538484312    .287454803481925    .337402478220758    .387724698842877    .436674528843153    .482659260710614    .531878964556521    .57830250139993    .627034775643968    .676016699331705    .72164065512145    .764062700809665    .806499376916298    .845800266675235    .884554954146548    .92412478542053    .959304773991591    1.00000007171774 
 13966.975     11            9             2019          4 
   3.68163130824006E-02    7.96119059424106E-02    .120826988264392    .163810524469329    .198691914319314    .23931274292796    .275666355646534    .320594673719166    .369583456018572    .425161896970353    .481147548502808    .536840517430403    .587959289345939    .633528418711818    .67199233873566    .70511777279529    .735444682903778    .765964011198738    .799047423699477    .836037372869752    .87574802569991    .918225039557599    .959182355274675    1.00000004195164 
 10808.225     12            9             2019          5 
   4.81589263923569E-02    9.19716279803691E-02    .132853692225712    .165472373723195    .199607257110615    .230353517481767    .267981111281859    .299143721238628    .341339595214235    .373758188569932    .409718080009669    .444017181142718    .476176708016349    .509757633220302    .546798877056015    .585584172080175    .625187122394056    .676322947194151    .72048030839939    .776799721681867    .830403556232638    .88540678800173    .940058453747031    1.00000005421219 
 15037.2       13            9             2019          6 
   3.81370850680936E-02    7.67014470779134E-02    .11089914005454    .142471670257761    .170861257570808    .201831943758645    .237282356812397    .279261597903865    .328440480628874    .383743336057827    .439787679419623    .497706540643787    .546734982659671    .590154775531681    .626389068131866    .667467207367396    .705808773928158    .756350098110852    .80638434650816    .857702065544117    .899630569832648    .940541610451913    .969222954676569    .999999948045514 
 9754.6375     14            9             2019          7 
   4.22068471428574E-02    8.69957994638928E-02    .125145603821772    .16647594291289    .204307945956154    .250792246372238    .301266961483705    .367486741682802    .438142863298354    .512312713279966    .582471650503414    .638546241146839    .682796978536491    .72200013679391    .756076226483942    .787576618204674    .822431834505639    .84169450732408    .85834303891995    .866435343733942    .882399505331438    .906435548764626    .951584546805301    1.00000002002253 
 15529.076     15            9             2019          1 
   4.18698454568083E-02    7.79513508190619E-02    .11397007623544    .143913913336264    .171780993129034    .194840967699076    .22080355870115    .246927138032472    .279861325488313    .319953865292758    .371357438821537    .427794318752851    .495147842444876    .560408549299714    .626318806331426    .681754319989    .733026713183869    .772125936131036    .811423187300391    .849607983960218    .886574929063712    .924778277113043    .963696388189806    1.00000007395401 
 13665.85      16            9             2019          2 
   4.38968313136052E-02    8.23905940720848E-02    .123025644215325    .15446989410419    .182799628613478    .205046682572343    .230770482969409    .258583418304112    .29741378028992    .349454999826209    .401097400751691    .460882389999524    .514851780681864    .56721953697538    .613827505012495    .65836827635127    .702503869133643    .745382622330481    .789916104742844    .832841521360728    .878572317126267    .919953767626053    .96224254654394    .999999971415975 
 14137.0625    17            9             2019          3 
   3.28710446181469E-02    6.12609620158449E-02    8.75862665538942E-02    .112166155534212    .136266814664357    .162982946256073    .193544461339431    .22772765887428    .265667828469493    .299576923799587    .345840961866636    .385643254598949    .435990538223995    .486244082763392    .541622468146671    .589762807646567    .644120839283267    .693402661112413    .742917898100295    .796143254875261    .845991863143422    .898810487614559    .951680368092735    1.00000013815635 
 14434.7875    18            9             2019          4 
   4.95963293942455E-02    9.34902887328182E-02    .136933084438267    .169713264039651    .209286073660593    .240486740798921    .278089483316346    .316518341541225    .361381309031654    .406902408829191    .461277986048028    .517857440532117    .575856229590321    .634110477899311    .689724416838488    .742576743855772    .793388035349499    .838840703729619    .881253028166331    .915135611517489    .943844874426624    .963967296777836    .982537005870367    1.00000004059204 
 13957.375     19            9             2019          5 
   2.49124562388332E-02    5.04213722136147E-02    8.49998656624186E-02    .122914409048979    .164725634381241    .212600872130773    .265258510285781    .320993388631906    .378703904018037    .433158097421614    .483753198913657    .526682102427928    .566150483839189    .601251074700651    .637570569210722    .672141925975515    .712470067907647    .752978236192336    .797432361027772    .84257426629291    .886997885302573    .928250297781639    .964962100009851    1 
 14898.75      20            9             2019          6 
   .03705847806024    7.50037771231857E-02    .11944542491243    .1644080944815    .208033392063093    .248511616825027    .289246587643678    .328561966450625    .367605523481416    .404698413509942    .4417476494987    .475810909839332    .512294675255894    .55276285500042    .598233125681685    .644537345834382    .695376342394496    .743799028861482    .794299936026512    .848887542998574    .894083435586039    .94120738159661    .974704319259166    1.00000006554661 
 4373.7125     21            9             2019          7 
   .051652344799416    9.59339518576181E-02    .114693755523947    .146708883033793    .186309111033926    .233823093720259    .290528355487472    .343521098932329    .414093290311149    .470009745725171    .541819438559776    .609676573123662    .650911587463596    .659339793210573    .643640865204617    .588736147262623    .549033056960334    .54081635318751    .563037178173148    .620025377557538    .703669970644933    .795399811408786    .894540426807746    1.000000089312 
 12410.375     22            9             2019          1 
   3.81606110932574E-02    6.77084677607194E-02    9.63810521438716E-02    .118742378950827    .142599430101327    .172759683021011    .215493093291399    .264459180134061    .324790761478551    .383845177736873    .441521726403312    .490221922433851    .533608000614405    .567246178537615    .601083794242217    .632369125693724    .671603443565364    .71413841934168    .763269674818448    .813635799935538    .863854854934883    .911446084047621    .955207824476496    1 
 11729.375     23            9             2019          2 
   4.15037033089998E-02    8.48020451041056E-02    .119533227373848    .154921943687723    .190458796524484    .238403597405019    .293047387035754    .364665661466937    .436508773711835    .505183591876698    .5665626082352    .616857257752971    .657800385983375    .695294932594448    .732993003010604    .766348344167954    .803973980257899    .83580536979805    .86804064315021    .896361632120211    .922221935445196    .945479765013055    .970689991074759    .999999916742154 
 9119.025      24            9             2019          3 
   4.27553945961362E-02    9.13337774597613E-02    .141679069372651    .184512593305959    .22396582700299    .252280265579722    .269754732165377    .288564298138027    .311157645220089    .343739258805766    .395777908556904    .463460577611093    .535385777433717    .617813252204868    .681497396582968    .737761174868613    .783903706810761    .816777276336423    .851697402117414    .880349029056012    .910788159918412    .937453522649077    .972109134474354    1.00000004283627 
 16801.501     25            9             2019          4 
   2.15992603218298E-02    4.29314321381167E-02    6.87252585349368E-02    9.48642950905473E-02    .128888776207778    .171301659298178    .221849220634737    .283648741227049    .349370553680368    .40750599618116    .462265972964633    .500682166079239    .529666160388735    .550285597902086    .571603622088586    .5899040471146    .620596233764323    .652916983522038    .702777088840902    .758306330506572    .824622601334101    .888230780783366    .951437907895104    .999999824234454 
 17071.689     26            9             2019          5 
   3.81852968506532E-02    6.13859896589062E-02    7.86594752081209E-02    .090620796151343    .10539233099058    .13127216631326    .180410538035003    .243636560955173    .330560472718165    .42219247165402    .51066711649401    .580583332202074    .639475436862164    .675627384375237    .699754329009274    .720915094063042    .737205199240977    .756877411558399    .779632212833481    .811471464631443    .850603492205722    .899088026490818    .949370127495879    1.00000002654248 
 12957.8125    27            9             2019          6 
   5.44092627064995E-02    .11566513173761    .156755207705294    .212513414928253    .258850329344025    .317262977812613    .34505475250211    .392885942963946    .407393245809719    .438615737670324    .457940959242735    .505117116845532    .539707245568552    .593516482274207    .640561467502713    .694168123718799    .731227842758953    .774731550705414    .811585750030146    .845758169540576    .887699113710358    .924070978536115    .966189406728566    1.00000007536477 
 10112.4375    28            9             2019          7 
   6.02562462723812E-02    .105370248155118    .16361164884749    .206718216931192    .244864311777267    .266817475888294    .292627276937744    .316812835678836    .348816736931316    .400118646437864    .451703628035402    .506005570569039    .549092353784634    .588467114289952    .612299152806878    .638482246877298    .66445766622476    .703588924375305    .748439614892552    .802795926581746    .863409423111391    .921229330063845    .960361795344841    .999999903429564 
 15167.1245    29            9             2019          1 
   1.30627924891102E-02    1.82170316985905E-02    2.73815902146098E-02    4.39511449776105E-02    6.28563427158482E-02    .100108794440774    .144788480001186    .195149044468886    .25681613897978    .325534633569221    .398281632709944    .472320069943878    .540527574850295    .600981493414424    .654053530590126    .702844103602993    .747656474246321    .794277019187124    .839049019311472    .879597245839183    .914814052776616    .945008496728401    .972762616852654    .999999968579245 
 12636.0875    30            9             2019          2 
   .039923354923232    8.30676445073732E-02    .134077302362307    .188843069409588    .24476821624227    .298674347998342    .348625529485491    .396379615130079    .439551593983798    .486215555620955    .529474594465059    .567726157510681    .602553013158246    .626512169819673    .646361074791248    .666859896308885    .691675741823765    .72357741270785    .762217750970188    .807095185960449    .851567036548101    .90088511067508    .948423575038555    1.00000003091345 
