 11958.6875    1             11            2018          5 
   2.32414719424686E-02    4.03315581245852E-02    5.94306460816927E-02    7.91579343468922E-02    .115235263067122    .150827584646883    .200518451544118    .253539529317076    .305718127413909    .356923567268043    .406920684622581    .453255862304601    .497291824000857    .538001392489247    .579559054871197    .619627214329018    .655731042155546    .702069772106053    .741962727149196    .789063439105462    .839081502594871    .894673932784221    .94357878882507    1.00000008166134 
 9770.95       2             11            2018          6 
   6.00171925752326E-02    .115094991003306    .162755402733997    .205881961683933    .240435920101487    .270642798894619    .302604895602526    .338549445758217    .379847876549875    .428448575560718    .482712736399096    .538382880582876    .600210267345422    .662622335293011    .713898075657306    .761696662044121    .790126609762229    .807013401732303    .822815335253993    .846395477474043    .873369569041393    .917059046043373    .963249559280316    1.0000001199346 
 5757.6375     3             11            2018          7 
   5.75908945112443E-02    8.34999619561029E-02    .107159846174429    .115142725335207    .128071205115325    .144620957611195    .173701895756397    .197077373009709    .245521709207987    .283178213286265    .334429707395449    .383258341230453    .438167998593173    .486165132427363    .525055646196031    .560268427764969    .584939589751439    .614267609693972    .644398910496058    .698851379607738    .761603710886193    .840407751198951    .925225542811613    1.00000011872817 
 6656.0875     4             11            2018          1 
   5.51919559039704E-02    9.64061094449254E-02    .152441276588677    .199187961396241    .255410926551963    .314813326722061    .358521443363876    .384833815485167    .387079872372471    .373488944917904    .345086366251664    .325639882112145    .326317825599498    .342605561849397    .387669565465918    .44193754231324    .510021840908792    .565961220062649    .642214695499609    .709352484778971    .790854914650499    .873031583400158    .941258601148948    .999999911969682 
 7604.8        5             11            2018          2 
   4.60301372544931E-02    9.10099526342532E-02    .137571001363859    .197306303332887    .268108625550434    .33709795129392    .41229880485639    .47705067851883    .532397288862791    .569539935920406    .601580567844486    .615690051944989    .62511666408469    .632707277599345    .642631943291572    .661726778440919    .689280112868682    .731062934244655    .782170471281296    .833166223963812    .881050442134409    .924718573096926    .961271157998074    .999999974317208 
 5610.7        6             11            2018          3 
   5.81455946304327E-02    .119278786567268    .182374748248882    .246876508174392    .316549182811414    .383690965894407    .47030225346492    .55429799416461    .644825922734686    .72148304174947    .792554867958766    .833195947029782    .869782273574376    .888621312430936    .900386813226291    .907524925170879    .91452718828533    .930253800773522    .943253515604114    .967909512599809    .9875750449476    .995348104403194    1.00164414505989    .999999947783922 
 3544.2125     7             11            2018          4 
  -3.20945767219093E-03    1.10814465909928E-02    6.82521135221109E-02    .102021956611373    .181105111502203    .222556484856915    .244271470742795    .228072533578069    .239672427149058    .182544070251413    .175899438251225    .128815636137215    8.65953933591559E-02   -3.37980684344107E-02   -8.63696939244261E-02   -.201257697959173   -.182311310175127   -.142813822992017    3.07790414313211E-02    .203560724245204    .444767342699101    .637204301709301    .842687225344488    1.00000004133058 
 8632.225      8             11            2018          5 
   6.71220311780494E-02    .122994060319761    .178334661892827    .213447274873367    .248423778477956    .259314649739059    .271977954970329    .269061551745422    .276794204682527    .275637197210163    .291855495505214    .307333839597048    .336781629844855    .389725674091124    .452436898873118    .530640976652891    .612840235824194    .697531632921987    .763114376652601    .835530503976379    .884165148614639    .935245547932312    .970895372246147    .999999954748052 
 5852.8875     9             11            2018          6 
   2.05347360597654E-02    3.86305060713222E-02    3.06429956330983E-02    3.59480699321956E-02    3.44893871703083E-02    3.92263663286324E-02    5.61218725122456E-02    .09227923406796    .115481454816773    .156104568144516    .185547292128511    .22105967393765    .260136544014867    .316766724116942    .378385865496945    .457385333708148    .537333060164214    .618795004829347    .696534411233451    .768906833646213    .832687284694948    .891092200617857    .940484471073039    .999999949944579 
 8123.25       10            11            2018          7 
   .038885298371957    9.52512848921306E-02    .148750503113171    .211667134315468    .261979503277629    .31436617718624    .352454368777506    .390987277548241    .418633226050611    .449726070807559    .477068889116502    .506330570238205    .540390189810113    .579874054604069    .61739139006863    .664042964542363    .701321787096452    .745566713407503    .78511062719278    .830103370822177    .872621783441818    .920992177642108    .9584140598552    .9999999398909 
 12596.15      11            11            2018          1 
   2.15968773080279E-02    .047659404834575    7.04183421124709E-02    .113201257877531    .148278446098858    .205760299588069    .250876275315275    .304161406089361    .337538652683558    .378117535541614    .399783885788019    .43011359745835    .469538350073733    .512171432032308    .56921069384296    .626907902538673    .683476759267713    .727134925031657    .769989273756267    .809176827468115    .849103694382807    .899215267413059    .950016535310393    1.00000003101146 
 8694.7625     12            11            2018          2 
   5.57059501169256E-02    .104780029999202    .135018058419868    .160319215159701    .185134435951744    .211214786182343    .248566289592801    .288199355781354    .337441632651337    .385315280723956    .433745286988503    .474115849286424    .50498932052845    .532452704106351    .55391677514912    .585149658163463    .625945758383998    .684817406689516    .743375636697955    .810886083899646    .869008695608419    .916714150203211    .957111977253548    .999999910147057 
 5826.1        13            11            2018          3 
   4.90400943850062E-02    .10724154885652    .160008406238468    .209059233449477    .248032560374865    .317703948711134    .379956162382426    .461861296176902    .550271622526218    .629153713662978    .68461748036315    .731164484362395    .757719538745902    .774345120985737    .793204220554917    .809615251036285    .826678569148959    .843495152739397    .858801241664664    .884272809667917    .907633221891574    .938000844261169    .968284824968675    .999999849143295 
 5403.0625     14            11            2018          4 
   1.92923000708872E-02    3.00292658098995E-02    2.89349778753224E-02    1.94704386536788E-02    .024860900081804    4.01300182902275E-02    8.09563975219494E-02    .129456667099243    .189281532681118    .224259389929322    .261298569098544    .278087663138093    .31582089313497    .345218577210263    .410690705285775    .460729465494106    .528600677856308    .57998818306169    .636710661777464    .691991810200234    .756971144113871    .838077941907946    .920110140805562    1 
 7779.7        15            11            2018          5 
   4.48876555518188E-02    7.79737634861201E-02    9.50615046586589E-02    .104285833643971    .11654369548864    .131380384280363    .169196761935309    .225402329138656    .295091725600762    .381124927395176    .464918319321841    .5399405112424    .608249675437356    .667777974046236    .719691929597221    .772605268459099    .821456741483444    .862780610615609    .893679963458585    .915920525735247    .932487706386493    .949732921196351    .968647519746905    .999999962341896 
 4876.8375     16            11            2018          6 
   5.70836145774862E-02    .119572881443565    .192160905957402    .256905720391929    .323795897563931    .391201255151904    .463284361807857    .533409222197018    .602385777428123    .685380135964777    .763696770464082    .847770199437648    .926015046091601    1.00112265376896    1.05368237004257    1.11130167763689    1.15234259859104    1.1710817292905    1.1884418725506    1.16795470281074    1.13866576252028    1.08438363857085    1.04675419216987    .999999979975497 
 6474.35       17            11            2018          7 
  -7.08951501322587E-03   -6.07010789527255E-03    2.05194329692906E-02    5.88340876823059E-02    .110779456715491    .170428301773296    .223055202633759    .274334481634739    .313998702572459    .361364476380834    .40043983511617    .452138060010368    .507568334864214    .575161992914829    .63749258190494    .70763475833964    .76428333237603    .811963824674485    .850830690894646    .882190996972669    .91724473909543    .940079062594121    .975744820184652    1.00000016591917 
 5108.025      18            11            2018          1 
   3.52435616302748E-02    6.35128034402668E-02    .11623866367138    .146061838854364    .190176251844524    .219502664465473    .23566839411086    .234877975977445    .268846574637764    .308401989661794    .376977902188835    .469388882490664    .561239460518008    .627816063250351    .693041869472546    .743469853349631    .783199005027628    .841455414366365    .878512319463002    .922773536341101    .944124743510212    .962365610516051    .972893143631834    .999999980881799 
 2773.58742    19            11            2018          2 
   .0374740306544943876331830204    .1444924710539680771987349149    .1858108009445759600395072458    .2669061355924378976307874947    .2766813818329187547295696921    .2699346682211300194028137033    .275038166996012694635022537    .2868477821405751833125923249    .3162762398165189255148842577    .3908313803932669985934678057    .4823904198411745031638483564    .5446761797037570930430597353    .6681959928993332396928740036    .7437659924200261912061888426    .8520463364374503833017817769    .9514392735455946075786571025    1.0109243284641087678426231108    1.0344588309388856400278885026    1.0286948157559785874713839018    .9969579397645234488408517515    .9628728414120078465022746606    .9525973405229823259005119081    .9640896770436029739419570918    .9999998485715658459396963951 
 3652.075      20            11            2018          3 
   .021029141803429    5.00058186099683E-02    6.06744094511981E-02    7.83800989848237E-02    9.66676495152798E-02    .136915321950963    .16284921553586    .207125418025412    .24180091406726    .280059979279759    .32726943570821    .392051107610913    .468185921060288    .552805616873199    .637113859287186    .710363299994695    .774391941888344    .823566014804084    .869731577574906    .903609605177365    .938675287015772    .971841363835114    1.00016430353378    .999999986630032 
 3367.625      21            11            2018          4 
  -4.24631608054188E-03   -4.05441538483399E-02   -7.52867394984642E-02   -.103277528760764   -.090661074199176   -6.14156852227437E-02    .01532236838862    .102382977791749    .204149808841543    .303396303206544    .407739148161724    .516055084780168    .623658381973572    .729314462622026    .835237764930775    .943963487342712    1.04063545397814    1.10082405186333    1.14777111326603    1.14433398734735    1.11018898936565    1.07216144770053    1.03354741031328    1 
 2288.76235    22            11            2018          5 
  -.0002293816131674832906963888    .0353520757626933176351839237    .0897264410173472138774040913    .2002119180263516655628313704    .3418113724214311721791473894    .4657451657224263585076886641    .5939056975487210369394620634    .6145544119073786756410074641    .6199975283585034505657610105    .521990411105810089894217283    .4650185721553834542935399125    .3738258801749338457966157998    .350139454190165265520030946    .3018716207036523473046469853    .3342581198961089166815418822    .3305552452835481149888716057    .3673873785978697176664060382    .3992386540262688260316760279    .5039348012693410480122586777    .5671733458915033271147613906    .711432534705929604268437918    .8297060636286681314903663982    .9593232779279159323815336267    1.0000002839962829692650265765 
 6793.5125     23            11            2018          6 
   2.05508568729001E-02    8.13643921695572E-03   -4.01485998971503E-03   -1.12165830192028E-02   -3.76278047406297E-03    3.09983228700152E-02    8.28566152151593E-02    .163957890058484    .244509000487138    .330824798268017    .404152094323445    .476092066120987    .533523711040496    .592859746361878    .651603319044272    .705067915207707    .76424568257676    .815625554872203    .867010961514754    .917665906213833    .955878847995606    .98781921826614    .99569250983475    .999999956875217 
 2728.8        24            11            2018          7 
   1.31009969498817E-03    1.15160514308154E-02    5.84780844870427E-02    .140354734681911    .231191366168279    .317919039719268    .411316338468947    .462135397699424    .510851866476908    .548221763715965    .587002528583993    .626740691879214    .676877198768689    .739881101153666    .806224401379498    .870712490523536    .940193616900057    .941325030834295    .941375401389805    .892558191501301    .87310370515428    .862650428130039    .925718479162086    1.00000019682988 
 5910.9624     25            11            2018          1 
   5.25252886236454E-02    9.86387679996281E-02    .14226745225704    .183686259490026    .221636924033566    .253184236123715    .285943275695997    .322300304341092    .358737667368896    .408944797926434    .474967847848897    .527306627502401    .57916662249556    .615255057572139    .632517491462135    .637975562244631    .647419870530516    .659251700149328    .691877537467503    .741332292130212    .807106284814762    .880450956683467    .945148509942729    1.00000000039651 
 7264.6628     26            11            2018          2 
   .0325255977469456669069347582    .0629950092108886320229481264    .0870997068163989662396993843    .1147231499857089031028391297    .1433411334659607325476965015    .162987606252006631333253348    .1770573577069537212381006865    .1891685874256957941667987673    .1828303717001152482948004139    .1965408497693795230247988936    .2073392862776782977456297077    .2445688188032622794274773497    .3062168281231167398437268141    .3979199144659542904042290855    .49568549830007250990369436    .6142129542475116670246552944    .7115953131369015503376151196    .7918520320034675250171281178    .8545768979119030824114782038    .891829143122788851259551923    .9195420605069240102926731851    .9448891419984421025019908701    .9707144287550414590474866913    1.0000000275305276385298984559 
 8083.375      27            11            2018          3 
   3.05859251923556E-02    6.27367900165463E-02    9.33196250840846E-02    .122283393312083    .154879607982046    .198212377328274    .246416255586311    .312174685552523    .37742897024371    .441307003572147    .491035625299612    .535845176055794    .563380109831908    .590308812841171    .615988086079453    .641916290863191    .678746501306694    .716926716872593    .766268742654677    .815156095361622    .864397606197906    .909788621418189    .955943526064299    1 
 4618.65034    28            11            2018          4 
   .0767810883904235972104352892    .1576705198254951683569100838    .2059151332075075421275558175    .251096081025263324003869061    .2805113841980079401291070672    .3288029810024544962630793133    .3729206311816191740550768777    .4584646691396863785969127942    .522963381549251463794507553    .5828323864845763578630202173    .6069775353463973200447990614    .6267740112147134307638451799    .6331340943207231400851184591    .6498597596803571841725520187    .6887646316174694445477333969    .7213958093220800083342095994    .7642059346713828092039545908    .7810643227865567325020754873    .8113246780227143152819834376    .8300126049377446485806067753    .8617047637340738809857600088    .9003091149783813251383736488    .9531788890518176788416505243    .999999926385421070866343175 
 4811.61281    29            11            2018          5 
   .034653141593909756009648665    .0758815213146795159521574222    .1006159512656214746423039804    .1076970073159315576766036584    .1339444434640616895356548857    .1463807724794880159943709186    .1855381418356478271991299317    .2424338877757705529094723646    .3518464736982857936983503874    .4580256323658760896847807669    .6007808845284041049013667415    .695159426180013017298455484    .7723268988470416845531675272    .7986278513544817002846078964    .8085985206278474431112839273    .7709732986599144082002724571    .7703940749962381116862975514    .758927025967411538253012507    .7821416952292135908583217859    .8185664881044324927715869141    .8787880835324320287525379666    .9113628159951631685842153205    .9717244891947155656525072723    .9999998316572775106565567565 
 5295.1625     30            11            2018          6 
   3.70267201431495E-02    .069844408721448    .123213876816812    .168009482656487    .23204669839423    .275862624944525    .339387587587314    .3914256367988    .436974286155642    .475950890022261    .499925593569484    .513522909988008    .529105519808174    .54744538167797    .561196140035244    .58843328292864    .611553451351823    .639475181356568    .676775727122987    .732505857719782    .798842339588256    .870931741501087    .942324753076511    1.00000001844254 
