 14786.725     1             5             2020          6 
   .051274030442371    9.54335664147233E-02    .127750563506921    .156302355739481    .174996491785706    .197367070643178    .221840877464626    .259227448944915    .298261616416076    .346956482767905    .394349505743327    .441104287323173    .493393587354113    .546496110214567    .606702139609176    .665908935527475    .724985560316771    .772103810597005    .815580307251944    .848445116100759    .881199170518658    .9156067483038    .955502317112139    .999999973582724 
 10760.5375    2             5             2020          7 
   6.43590039610881E-02    .1278723275288    .187877462030678    .241293704071184    .28429109605352    .327102623714487    .362371535808504    .400298294084984    .438351699656616    .480030593920727    .519505843400016    .563091026760977    .605561024193726    .649467976085651    .695659888402996    .740232475971228    .776187919864598    .810099990648701    .831382635248239    .856715905949168    .88171810582766    .917997677857635    .953551217382264    .999999872944312 
 12475.1625    3             5             2020          1 
   3.90255442446955E-02    7.98827308925335E-02    .123542480862599    .152869748283589    .182867361353259    .193792076574904    .211045362760806    .215755718331074    .240274437025119    .257137944815098    .302889849944339    .343327191128773    .407448584712824    .471367583951812    .543565024641463    .606691472518394    .668957186679933    .715879405503736    .76403008089574    .81577993911402    .860647058830897    .913616293074339    .95881211279312    .999999968687783 
 12651.975     4             5             2020          2 
   3.60141396024324E-02    7.52698689335064E-02    .106079291875626    .14506134417749    .183544462518451    .22538477194272    .271411178979715    .324185544339421    .380591749879959    .440011318946745    .489915598342848    .535004400869232    .569653141480876    .600686849286376    .631464645033186    .671346750581431    .713418214473432    .7590751487169    .802983344127103    .842294384868766    .879590933431342    .917256974084086    .957731911050449    1.00000004631194 
 11414.6       5             5             2020          3 
   5.44105805027799E-02    .104207554257541    .144575808562198    .187340125598466    .21659323982553    .247124314063787    .282040127918685    .325834908493016    .361264301859023    .403576349382041    .432903938199214    .452946243872978    .468369456660768    .485987252961668    .499376894503531    .536459893264438    .574018143430344    .634174662069302    .694888563769208    .766942152210765    .819636710468391    .88049951857161    .937699254819486    .999999965778477 
 10933.3625    6             5             2020          4 
   7.80043628468312E-02    .161432496178554    .243208564825665    .311992307947349    .37687854991431    .429663071116045    .477967058109982    .525460470618028    .556687149295905    .584842934155663    .593886355152635    .590653123138582    .58308798456902    .572962993715337    .564092227316848    .575011804465461    .599561671686661    .639218950254325    .698995848715343    .763258997832323    .829245120154024    .893937002883377    .951321031870342    .9999999821361 
 10577.275     7             5             2020          5 
   4.54382142652969E-02    8.05748598927299E-02    .100372021677222    .112758241301074    .115928951676471    .121876842374779    .137841497621818    .175007254091023    .223964820806871    .288677854062424    .355613808738841    .412852090699755    .463862374982569    .505654784151046    .54270946033182    .572304757575793    .604263612541392    .635534681442645    .670488145576247    .719697417340478    .778578348836302    .849096293705137    .924187722765315    1.00000003693059 
 14681.2625    8             5             2020          6 
   4.68777787731769E-02    .087324743058435    .119529909337561    .142883652025413    .163259110278535    .182997712299734    .207829534494862    .242904852518218    .286598308558273    .33433517058521    .38387791921846    .429550939345731    .470956621950513    .511323565550391    .55186588283024    .593838628064174    .638910561804545    .685856429666727    .735696345724695    .790292270930378    .844644741681786    .898533185582643    .952142322037189    1.00000007982113 
 9583.9        9             5             2020          7 
   6.71555930042017E-02    .126746415925243    .178077301393809    .221516037190301    .262707504374198    .292437055895825    .321655318017065    .344974379028566    .364496713115551    .387189724189135    .41541021922182    .447754808030916    .490609220362405    .538680715509866    .584635369115131    .633244213603022    .681220486799476    .730780175199423    .779340771860881    .82920304087454    .880364383888605    .922288841018531    .96556321832709    .999999836966162 
 12321.8625    10            5             2020          1 
   2.61100954586627E-02    5.29830596296572E-02    8.63789849615622E-02    .110533206776649    .142306000865205    .159839880084205    .1788761562908    .193747085813681    .220213259156236    .244891947328884    .287186681777004    .325231871589522    .371539813887714    .416896187569047    .466358060913579    .516692367301412    .580149705642613    .639712519680466    .708130552884152    .772471459519614    .834343193602022    .890974226831577    .948061765723323    .999999904894654 
 15252.7998    11            5             2020          2 
   .041354704230371    7.97615874046981E-02    .111036175065258    .139199037335305    .163101203229587    .19803168187235    .23876847156366    .29247089442556    .351949312436642    .412466058004069    .459082915694435    .506670426378048    .540036739066424    .576480675760099    .615840508979047    .662574372595679    .707476285148973    .753955776921526    .793700913376736    .831144858586061    .867039907834659    .907613593505633    .951734975691151    .999999872257059 
 19214.3015    12            5             2020          3 
   3.69327769842183E-02    7.21097042042486E-02    .102552523059777    .130368387318165    .164899309445525    .202828096317345    .254314480162407    .310937037616551    .372784864505743    .428991065424627    .484158306346707    .529430573985476    .57280905978094    .614247614839785    .653759199478966    .692174595427656    .728540075832317    .764716233959897    .800921667156363    .839705288580878    .880182289771241    .922286954296777    .962053577643715    .999999962592967 
 11561.1125    13            5             2020          4 
   5.48087413226074E-02    .101666254004535    .142570624099892    .180446526894038    .201051153165407    .225644370398772    .238930297480292    .255804746400649    .274616737792319    .307915877270137    .340866854191422    .389027215360438    .440109020852773    .494147937955257    .550859599773594    .611322007289523    .664266747482671    .718304608715208    .764599860091319    .811303859841559    .855055055931036    .905967077535791    .951317367543565    .999999983106081 
 14097.1875    14            5             2020          5 
   3.62935877959367E-02    6.57666644499124E-02    8.99665287429895E-02    .109887174137128    .128776578536831    .149757715690186    .179816903028086    .219801832563011    .2694659942974    .328166529504999    .391766108875884    .454377881780497    .514456354880184    .569805175012746    .618446096849992    .662626909179579    .703629796501962    .743405433264614    .784391417836005    .826970833056239    .868025121367294    .914968009465541    .956290940679657    1 
 15030.3625    15            5             2020          6 
   3.71231881856434E-02    7.49990195626935E-02    .105442393844044    .139568320535973    .169443687657442    .201409809721614    .233518985320547    .275808384528317    .320577757345756    .376603512036885    .439131957063577    .504807352450748    .565819660661877    .62403184252459    .673697132013616    .717090936346346    .758302504243494    .796910163198825    .835320760103091    .875481980121072    .911068280850678    .946990555159598    .974904885236467    .999999922032819 
 12820.675     16            5             2020          7 
   2.09700352051289E-02    .03965177245293    4.77821936509534E-02    5.59096917902504E-02    .061028377038882    6.74467189425601E-02    9.40843579285753E-02    .129291162562497    .182655160603625    .247815547750508    .319110549677328    .383792202645824    .456526282559713    .521508220303826    .583968862793886    .645844474598646    .703588119141543    .756103849348806    .806523356073296    .853116036207142    .893121760603478    .931349046559561    .963520745056325    .999999908594906 
 17654.2495    17            5             2020          1 
   2.51773652452895E-02    5.39055752885977E-02    .081741645394994    .112198193547891    .142139998644519    .179167908053632    .221907609535455    .272715495628616    .330649825228694    .391408562231008    .452129075875967    .508919940741463    .561978717928508    .609275393139057    .653841836440711    .694879395397125    .736006179064706    .774946542438692    .815676821004201    .856055898273246    .896154578728339    .934606335856984    .9697126365029    .999999917689789 
 21126.127     18            5             2020          2 
   2.05438749945521E-02    3.79796329364168E-02    5.00996987122273E-02    6.46770286891825E-02    7.64959247887846E-02    9.76788218357534E-02    .124287459148777    .163752219955532    .208624964717859    .265465150724563    .323560262385647    .384766455299639    .447618963860484    .507110150265593    .564143072846481    .61555799817508    .661856609916006    .704755162662446    .746260298622175    .794789699266695    .843686498949855    .900111928052406    .950270217388876    1.00000009023187 
 23476.989     19            5             2020          3 
   3.27799707282323E-02    6.34914266226415E-02    8.57866590631309E-02    .109314486623476    .136098692213043    .170163963530417    .213160312197084    .266253274443009    .324313866907613    .384020768897898    .44114052986895    .491842312593834    .53632578066655    .576523136921434    .612574936209345    .652922955284534    .692771025039667    .738337418530332    .785173672478826    .834273862003769    .879115143875563    .924677294514854    .963431748530444    .999999969384916 
 21703.1625    20            5             2020          4 
   3.69416208352124E-02    7.19163624195322E-02    .107417527230335    .144197881245562    .185466067229257    .23013121683591    .281128383939437    .333336807049433    .38765375783368    .437698307792701    .483888022799673    .521780550919135    .552522038478839    .58125057055337    .608629077962716    .642385679103218    .681442757046352    .729647137398755    .778195919603883    .83082127863854    .878494612392318    .923682169303667    .963127475517681    .999999982001471 
 19493.151     21            5             2020          5 
   .035095660008995    6.71319146313556E-02    9.56957958031644E-02    .123293304402146    .152673490414338    .187336944833374    .227883224696459    .274591937926044    .324022109820136    .372580180533665    .416944470570074    .460225046639458    .500879700404132    .545375446868492    .593613543418404    .647341398669333    .700320944215868    .754986979545405    .804299822569732    .849685655297597    .891394515469818    .931166196847806    .966324679402781    .99999996873902 
 17254.838     22            5             2020          6 
   3.29081624647552E-02    6.14516070457493E-02    8.59230045749524E-02    .107656039680817    .125967572041425    .146921118451315    .1660056238421    .193035718378122    .224916623519951    .268436290565652    .31995371453031    .382603517851051    .444658577423329    .510022152011801    .569475812559063    .625271758020852    .676676894637463    .726518724234038    .773882252074751    .823163380684884    .871606315935855    .918387409755021    .961825238340401    .999999993661198 
 7214.275      23            5             2020          7 
   8.73355257458303E-02    .152295268917788    .219774329530254    .272853127999695    .325597506495369    .371031718851253    .410694394750339    .447657581994552    .479630662817816    .521381213104834    .564885251647342    .633275692983702    .703509708182735    .795374421502854    .884206952101909    .970683043557738    1.03315467099085    1.08495477499472    1.09166368231302    1.0870356780697    1.05474902352887    1.02745416747525    .998067985218542    .99999991878082 
 7910.7375     24            5             2020          1 
   .011018251898021    3.52274345840661E-02    7.67058681687983E-02    .113902147276783    .143213581392143    .173877593587197    .207200978268856    .243811035021229    .302602949472157    .360288772360826    .398911921928897    .427396927573915    .426701670020494    .41581142086942    .423400801462095    .448752426241469    .496055215794513    .566990435468248    .634076493539635    .700928679907373    .768839553913273    .840953575855759    .918583797397999    1.00000003703432 
 16068.175     25            5             2020          2 
   4.10889833839834E-02    7.51392099965265E-02    .10898873082973    .135711582128765    .159034081416955    .192994070577399    .22473926891783    .267525708572613    .31100840029087    .362510814515728    .407498810974566    .464050025078688    .513467603177554    .56602721927428    .61497101656302    .658792900212688    .700193825002684    .735813171358135    .771731232700665    .8090487874323    .849436876971093    .895194239253213    .945628572667711    1.00000004862095 
 19381.375     26            5             2020          3 
   4.52812294170547E-02    8.85405434643279E-02    .127959182583473    .162342060535727    .194904242192891    .227628958576533    .275233305291485    .325219428808908    .39293003793913    .464733529209744    .538656282852094    .598761657454644    .656422675039181    .693950952025463    .72492206193446    .752391753358572    .779343520438436    .805139568996653    .834148723645768    .864131801794248    .894324488394141    .926558438836254    .961893888946218    1.00000010077329 
 16578.6625    27            5             2020          4 
   4.58345177121496E-02    9.18417000664635E-02    .136213494232609    .18230738442599    .225505986775735    .271709970006628    .320003968532971    .368205221480095    .41662212483403    .46638338257459    .514469299958606    .559242235690002    .603595180325916    .64139979815923    .676239738315742    .706813676352058    .735712244579441    .766561385757144    .796629390621077    .832043122258807    .869338802775857    .911207379327193    .953098575314806    .999999976438087 
 19309.6875    28            5             2020          5 
   .038366751175333    7.63683981081387E-02    .112489518598987    .149641204827564    .185801810741046    .226656946399961    .270977316680423    .319851748231943    .369121059296661    .420061806128724    .467317246848246    .511192871939279    .548648822239485    .583295301904808    .614109508261721    .646489628343934    .681586011716917    .722573878072859    .765699899661763    .812403808807108    .858430536000388    .905361015358224    .951754806525222    1 
 14426.7       29            5             2020          6 
   6.61429831899144E-02    .131481903386494    .194708422577582    .251472966709513    .302627253471428    .347009378119216    .390428864373436    .423443177948699    .459903352486189    .486250340893534    .513969771001858    .536640409470808    .565357982074903    .589081356096682    .62638807839804    .660962846341332    .70308871744751    .746256967333139    .792144987137564    .834279522733889    .879016045336078    .918198629754206    .955910823117899    1.0000000812296 
 8841.7        30            5             2020          7 
   .067672226428635    .150924035969115    .234766792452597    .321079395965991    .394022099292274    .460322969299597    .501436408492569    .532575804232359    .55537686032522    .574811743022411    .596826729093387    .62236765395088    .650852006242436    .672967391027744    .692341471203219    .705099176699617    .716096756880747    .727816788096463    .747545742935465    .773335455586171    .808398022209388    .85714286818782    .921012079125055    1.00000002208993 
 17087.3625    31            5             2020          1 
   4.73281072145606E-02    9.84272762299111E-02    .148878301142145    .199414924196537    .249098566264981    .297237955554141    .345444640328123    .391671066162566    .433139572630065    .473243052339851    .512345072363421    .551875726048271    .595287914716212    .639817179856605    .683011394019996    .723409659386433    .760807203368132    .794243486505744    .826478566670983    .858404230483932    .891022623444666    .925957809920197    .961967552408981    1.00000004572092 
