 16533.1875    1             11            2020          1 
   3.27303801645648E-02    6.81863388057543E-02    .107158710250405    .151552742164434    .198575586367949    .251547077658195    .306646096062465    .363883244071583    .416675556220254    .469051270219747    .514001785235001    .555305840808828    .589908944981874    .624209627132548    .655163288990704    .689935028881303    .72665886748623    .7673384097705    .804999047843164    .842358740563488    .877616600228329    .914475819941708    .954608758047261    1 
 12567.1125    2             11            2020          2 
   6.15903225348728E-02    .121982080164721    .179345103949396    .229184508374537    .276591969901101    .318766530777506    .355032813200924    .390275586936239    .423044649837522    .459283093446287    .49979060859744    .538478906749661    .578201650960991    .60921214779101    .63703775212136    .662301136448408    .69560832577392    .724861266733906    .768174732361949    .808383849611436    .853388236682253    .900143224776177    .950873820955291    1.00000006216623 
 12014.45      3             11            2020          3 
   5.25835566511185E-02    .101686929024139    .15191498976883    .200350419507863    .246379363918292    .289750050980278    .32695421337041    .362207599819904    .397021919438676    .437166287262421    .478204354313972    .522935890479797    .563447532515533    .604693682334085    .6400740114638    .678531852204533    .71695746450108    .755134393506361    .791044277021628    .826387134996816    .860447195226373    .899334775650363    .946436423301732    1.00000001625647 
 9019.5        4             11            2020          4 
   7.98242669311977E-02    .161925555610414    .240294628565192    .309069228044099    .368848046030476    .407443594434281    .437223526543184    .450630594432549    .457808104142414    .464263572589251    .482091590183076    .506584366684683    .54464356091316    .586725993420506    .626663063362714    .658859959237624    .688994645715533    .711781374729752    .739835878599839    .772494285385138    .81651555094171    .865524653181995    .931282135234769    .999999891727646 
 12307.0625    5             11            2020          5 
   5.75482573522317E-02    .117586956628689    .177438767374424    .233827129557216    .293830270220859    .347789141016591    .415478932955163    .478116763494538    .5461579955361    .602571749643243    .652949327558363    .682625385322452    .709673894689533    .725910522667371    .744447658991534    .767269920599453    .792652719729017    .820189785590591    .845765563345234    .871716110033365    .897669672012513    .92909368604409    .964977553538872    1.00000015869953 
 10980.7875    6             11            2020          6 
   3.97637703313202E-02    7.26496164323369E-02    .105249735101962    .138308618469133    .183113014221999    .230636937042311    .286655232633588    .338051819627008    .389060210845534    .434584058321181    .479183528503762    .522427248287634    .569271583934098    .609961971577061    .652790192927875    .689701252357811    .724029409178304    .753008468341865    .783811113843156    .812406512852562    .846851884342312    .887057316301313    .94194864353991    1.00000005336024 
 10790.225     7             11            2020          7 
   7.09728017719742E-02    .138733207547948    .204702645001031    .256395255891328    .303398450804142    .336217506940599    .371134522218026    .405282318241163    .44101837542776    .480861158841104    .521122117689274    .561222069265817    .60273302920004    .643714583830504    .682081467253927    .719669877351376    .760395440375432    .786356437481609    .818795556278947    .845180566351721    .876595537714691    .909243178577138    .956570718520698    1.00000005430262 
 10044.5       8             11            2020          1 
   5.50798944696102E-02    .110518191605947    .160322818341194    .207555139395316    .247043162808316    .286516262397954    .309894723363843    .332736826007081    .350200372988638    .368834953986012    .391790297823125    .42644110660685    .461322116581214    .498659723993852    .536427886141047    .566258907626686    .598455622479964    .632567593739111    .678121130500523    .727664432338593    .79308955032916    .858787186084424    .932334898763005    1 
 10439.9125    9             11            2020          2 
   6.73365306263792E-02    .122292689290829    .177488307717498    .223885962024646    .266061842330156    .305793980777497    .343348174838031    .381317832375271    .42102001423623    .460527069042724    .509500171292743    .554513719059547    .60459673505106    .650629227690486    .696524027604997    .733374183422275    .774783773780432    .806392018072469    .835895397081872    .857428125894254    .882853386881834    .9077123491217    .948725605189459    .999999962583499 
 12519.55      10            11            2020          3 
   5.64327401709352E-02    .110968447301545    .16994619633643    .219715349568275    .265258124574416    .304255141053143    .338120164437819    .366624567925764    .392665831576914    .417035724876293    .443203782409312    .470705769301812    .498256664077383    .530102872232828    .558694171066452    .59671771006396    .635656809312735    .688221590182954    .738417068829351    .798042798563048    .848805437046459    .9022658093991    .949464958679625    .999999906396396 
 9182.925      11            11            2020          4 
   6.61213611131529E-02    .131685977090293    .190459464232359    .239987541840563    .28529036759291    .320066879178952    .360077289549966    .400271464897827    .445198598681452    .483678990150197    .517122833444954    .536159523824108    .551146578602406    .558604692949142    .576845068428633    .607243868630502    .647732036037673    .699111362341656    .754681870070675    .802698977909408    .849167004419888    .897593861364979    .946012529708671    .999999978730906 
 15733.9083    12            11            2020          5 
   3.79260489007641E-02    7.94184430323647E-02    .126506234944817    .176470772438141    .23019392439552    .28133428189414    .332843257575662    .378972915309049    .422136869386022    .461409539969481    .500505846086411    .539477396765113    .578750036314881    .619156398667965    .660485951263934    .70058328012103    .740723497539229    .778627054772367    .814747291980054    .849202075121094    .883911334529165    .919587479617191    .958950985814504    1.0000000559103 
 17410.9917    13            11            2020          6 
   3.80451720509802E-02    7.45573096343932E-02    .10866435733427    .139391350717296    .167609875455321    .195674758811269    .224810083845267    .257142389190057    .294157075857431    .337194555182201    .383661615278281    .438669969569783    .49346297072211    .551792514082498    .608067298515799    .663904141209113    .714332055662717    .764986120359101    .81026569536961    .853274457203233    .894749693791853    .932040814355939    .967160118563206    1.00000002799955 
 17042.2375    14            11            2020          7 
   3.28316645284437E-02    6.89742234642752E-02    .105997679123432    .146875528901905    .188910795691257    .2336188364534    .273802087038894    .317769306993873    .358641276105177    .401875024296252    .445979426392074    .49227616412971    .537192485086685    .582382425393086    .625642590028158    .663602676236762    .701001656545979    .739043914513132    .777507918744531    .821073219093884    .86820611464237    .913247125799209    .957776196585836    .999999931237022 
 11112.3625    15            11            2020          1 
   5.69995826192731E-02    .113874308695046    .17158481344398    .229821767690601    .28855702763195    .348286679974387    .403605686487684    .454363353694478    .498904953407747    .536947026341158    .569283750628523    .601881436736    .633589374418581    .663242177349776    .693486637278414    .720533073595399    .740644709889549    .764703465115991    .786551844286037    .81560732191287    .851904698764552    .896770270779504    .943482919923644    .999999894543127 
 10394.7125    16            11            2020          2 
   5.72105770121107E-02    .116175656501142    .176232634932634    .231606939473134    .286567579204932    .336727687273698    .378324552138587    .413560009701447    .443370839005288    .46744797460127    .496153693524472    .528708697074955    .565070943520564    .60760820442665    .647774076769199    .686376654311627    .726323627802958    .764795100904667    .799961999911012    .838936141812484    .874257021598722    .909886896372795    .951423658001604    1.0000000375792 
 8540.375      17            11            2020          3 
   6.02666759020571E-02    .130843194961799    .202117878381914    .267372615645537    .32457882731657    .36068672655987    .383848765697496    .38350335332721    .380814665495148    .376731121154297    .398490985603311    .42478812154216    .479110970363201    .534774504010363    .591873858821334    .640336332109978    .687623494284502    .724192438856608    .761342435471949    .798284607214994    .840668588908567    .886995583021091    .939497691571652    1 
 9375.7625     18            11            2020          4 
   5.86472287233138E-02    .119484943349608    .180188000959255    .239308531031143    .295294628536879    .350858104165861    .394975844048017    .438272322601095    .470397730567914    .49732356143367    .523537418956591    .553896303933947    .585299062342929    .625290497206227    .664980602411004    .703494813671821    .738281307287007    .771399967802619    .803186705397961    .835548083755854    .871878462218406    .909871413791678    .954849109772405    1.00000012498983 
 11344.7125    19            11            2020          5 
   4.17705605144247E-02    8.21814578559863E-02    .128767031440583    .172183737578189    .218823310756277    .263058667301783    .306673703718803    .343044175762773    .379136994023648    .410532660038763    .441780697395373    .474376287425199    .512549357038025    .550398504410645    .600387634120852    .647264080279139    .698110446138454    .743661419361663    .78641588399662    .820273031930073    .860004078855017    .897909437022974    .945898736415753    .99999994835149 
 9596.8        20            11            2020          6 
   6.83522136976974E-02    .135000724321844    .19819365854699    .246691600447219    .289326916141644    .317715285181323    .340383007511293    .360489960072954    .387239751914375    .416662324941647    .456562353873817    .501133180054159    .548824858530317    .597077942403327    .644582078710482    .691066333634649    .733562290131867    .771167293394673    .807265243199556    .841479783218755    .879462465678664    .919667314234953    .959817416352326    1.00000008140734 
 14312.55      21            11            2020          7 
   2.35448950601373E-02    4.61491803467499E-02    7.01290109439574E-02    9.65254201622876E-02    .124213531336463    .155926959370884    .186774013180303    .220625423306381    .25776066475532    .301453095360366    .353438073415027    .411206430556138    .473006228307936    .53692214857983    .597703561515942    .652535657080674    .702312775763229    .743811334392718    .77974222688305    .814065251082092    .854631020939665    .896466709941625    .947428117609196    .99999998635376 
 10938.6275    22            11            2020          1 
   6.71976431954529E-02    .127166310612895    .187258397227223    .236181367360759    .282883986023669    .324212292629948    .353267578695031    .371886239734201    .389126761589834    .403059030729061    .427223414726276    .462091382836878    .498015224244884    .532286200325406    .560597790733458    .584493854176404    .603818246036237    .635471679448016    .669545890097958    .719647466412605    .768752538309765    .837297258042657    .914361099575792    1.00000003928166 
 10160.6599    23            11            2020          2 
   8.73139627937699E-02    .170486959195005    .230556862087397    .277865551161815    .326705882880821    .375153019942509    .428128671467367    .485716935554919    .54039939405166    .586606782470767    .629303820103628    .668869909519238    .703242676980926    .732300829001151    .754543478811721    .773439889270258    .789974248421478    .808673869327129    .830916519137699    .857292758736074    .888983613775912    .924611220994613    .962010366693801    1.00000002521982 
 6788.4        24            11            2020          3 
   5.50939838548112E-02    .108420246302516    .161157268281186    .213894290259855    .264274350362383    .304895115196512    .345773672735844    .374388663013376    .40340875611337    .435227741441282    .465131695244829    .491647516351423    .518016027340758    .535840551529079    .547625360909787    .566075953096459    .591256776265394    .625940972145498    .677667107215986    .745407679023223    .811487343644121    .882991660175815    .946784277683254    1.00000005754301 
 8332.625      25            11            2020          4 
   3.33598363185089E-02    7.18966141418896E-02    .101969673281604    .138356760324628    .172054121670655    .208751738038358    .246277427721981    .285142742992529    .325895201092093    .366361726684268    .402020343604206    .443374053982088    .485636835771666    .532800522419406    .583716959691574    .635597990672957    .68092434341294    .725862186567108    .766071580928129    .801548072992454    .847465452532215    .890564115918603    .943215603013756    .999999882802538 
 7395.2625     26            11            2020          5 
   .072852385186737    .139776985603959    .213236176538696    .274966568282312    .331234016371968    .378477099359218    .424119508625455    .459998884420938    .502414559162454    .542181558960466    .589250563811122    .632396455564458    .680329182449575    .71861211083616    .756435298632909    .790310052275866    .817859757872861    .844829753233066    .857626823697097    .872245953807421    .882008987278173    .906019291172051    .940663118258987    1.00000009243671 
 11414.3625    27            11            2020          6 
   4.22713051210701E-02    .100141383176513    .155189356676046    .221457838650921    .285756221397056    .357482732828925    .425652313450488    .49584566873807    .554646570206505    .60975476414583    .656067030818629    .697536722854102    .737824806658059    .773756528233618    .808328087064652    .837451466025807    .860547368227967    .878674715188868    .893027264033581    .907337120639677    .924273020476395    .944863341716412    .968825494251212    1.00000006844447 
 10923.65      28            11            2020          7 
   .02951165590256    6.37023785816068E-02    .092960001868795    .12301177251451    .152105756668158    .190918341990486    .230744778101871    .280055210269118    .330176959974745    .378876328181858    .424228623216599    .460410421854188    .492093979790981    .518269983233054    .54371363073183    .571421842244236    .607026928456262    .648308935414788    .699189346695587    .754426122592952    .818250960931099    .879604097960618    .942566147332851    1.00000003575957 
 8015.2625     29            11            2020          1 
   7.14028392707039E-02    .126131237197277    .180578920674385    .222536928083297    .262757070592666    .29825398536542    .330804373121747    .362548498782011    .39310370006012    .428425381518229    .467960338313546    .512257084530918    .566152674935787    .614016072461757    .663866280112473    .700443348510108    .731552759793425    .754686725111155    .785061575884134    .811913484683908    .853442044065151    .898785225277245    .94601701529192    .999999963448639 
 6999.58013    30            11            2020          2 
   .0753205892651163920599334578    .153593212740319039679312879    .2384214437159390016155154724    .3209942536938997796714986674    .3880572762297958006232582411    .4375102424893591438891063884    .478537703375073727457992541    .5132076400702623287205657006    .5502401470472201023291949942    .6054113134354531633885302775    .6722170348237730653709939027    .7482894548990612098328817903    .8228850721078894199329638934    .889844517002479118701081289    .9338560140178008077178766436    .9557586134812917699964954898    .9584022006188534054256194364    .9487419068949211386483548978    .9349157918705046669706458522    .9301709358386900844008196246    .9340791702601738770293926187    .9492160781935358742725043995    .9759998275782293244494938013    .9999999814274574209353325883 
