 7746.8        1             3             2020          1 
   4.68290124821196E-02    9.79727081615554E-02    .151683598389012    .190823956267628    .232284623898134    .248847914547176    .266389037751878    .279160440137379    .296023848405551    .321900649451628    .364610226157897    .416108903182201    .475499542200086    .536671568220104    .585354598027573    .627667242946281    .663670831222247    .70835542326751    .754498656905109    .81491876585332    .870712783726022    .922802020874748    .96025460714424    1.00000003781803 
 4403.7625     2             3             2020          2 
   4.62814468309769E-02    .102173996033399    .158469615204754    .213110391132157    .266045250545698    .317342300378441    .363782691106114    .411568533326261    .461835219785425    .509632399301308    .554522990017769    .600182798232194    .635272088888479    .668737790092847    .700875059608119    .734885727155188    .768342890738318    .803571278093874    .835890221536413    .862895549100769    .888589464779407    .921447719776555    .958458640480725    .999999822594883 
 8736.925      3             3             2020          3 
   3.21909596339673E-02    6.69571960386521E-02    .110323427545393    .155844301694926    .199015955337368    .236560632030148    .274287011600549    .310579803669126    .359975042840802    .416489485985487    .483492453544869    .553302461606916    .620223889912641    .676251919833065    .727983518496925    .768871737714499    .807622499567211    .84463209935847    .878127854712184    .912831162261751    .941247899539884    .966628682824621    .985086286078912    .999999977645167 
 6327.475      4             3             2020          4 
   1.11833704516007E-02    2.44983183573609E-02    3.12802480915324E-02    5.17050601679086E-02    7.15747563901008E-02    .114453229949052    .164224275876238    .234941667002092    .308565027913978    .396256018210759    .481414418122948    .565342058900371    .643653304882674    .708134002159234    .755155112846159    .785647133754973    .804943946094216    .814815561919446    .823796268332747    .839225013606336    .858519819566652    .893273003473937    .942330897445268    1.00000001543368 
 8021.325      5             3             2020          5 
   5.20783645835281E-02    .100360604315878    .157123358598992    .19074155454367    .249269911839495    .294800110954238    .353786612853082    .401782118437026    .460413335702019    .487833986426416    .523718038809829    .549887355930909    .576421301674754    .612339595059887    .65794459174061    .711369380993788    .768926891754168    .826193003980795    .876733270376154    .916653408550801    .944871950706398    .965828600344239    .980665637281715    1.00000002434916 
 6910.9        6             3             2020          6 
   2.44396524181343E-02    5.56023835111246E-02    8.91580656044708E-02    .125792221473166    .157005589251445    .188629552675619    .20810964933452    .23660087687566    .263800659188519    .304385094730335    .352969570149148    .416154191205198    .475871442384042    .546093851741452    .608591152766825    .66687586310665    .719833843208736    .764981753801061    .800319032931673    .835305445360771    .871364452915865    .909736806733747    .956194214596688    .999999985869243 
 4934.4875     7             3             2020          7 
   5.54008901633655E-02    .101469506652318    .139637090090093    .15540874058207    .160530858008462    .158238320029594    .149339224513406    .154980646122856    .18066466858577    .222512986166876    .279793509101439    .341223394170557    .39415187494142    .440795543135179    .49030424060946    .538401920934672    .601392241848824    .671559113044288    .764301763860989    .836206394281068    .916105815510223    .963154794285881    .994698070531641    1.00000005937167 
 4822.0125     8             3             2020          1 
   1.87266215199064E-02    2.42533598943671E-02    3.71447612489096E-02    8.28414535246565E-02    .111330595765578    .163243570318636    .224810200648847    .294617682240429    .358074081166836    .437561141321958    .496216609830958    .540692314185467    .593069304083357    .626522659917669    .671799388497671    .722071468392995    .775233938970632    .825311597968042    .867555360540594    .907421973223058    .927229614806836    .955490616275362    .971575705229404    1.00000004050435 
 4466.09629    9             3             2020          2 
   .0274064847804703288204294404    .0781638991487127117001769794    .1224587345383903489461038915    .1822928676712431562911958622    .2264140614845543332430031418    .2742354666070130789768529599    .3160254298950639060225009166    .3333671966127716426821599048    .3670346301467673909019099989    .3969406132083193396620653694    .4363793060986600447882416794    .4690588522890983167763272744    .5474859566899306597798409761    .5873388815806297808236463258    .6562077505050837137235122174    .7104049697952213206760036067    .7714706034696802293978305604    .8088074607992833938652048185    .8689915639951417169288125671    .9129758373391452337002792208    .9420168592021109334389205478    .9718050660300474623219554453    .9876858252870315968937606583    .9999999350663350789510183176 
 7248.517108   10            3             2020          3 
  -.0010357183252991502769037818    .0045552696514377875701635165    .0117978075688912342427763778    .0256192814658664112516294829    .0579381539344778214738815237    .1067281470779967979072610061    .1665864868646454741871045881    .2390357881735167175934324911    .3203800122699524157624434209    .4051421768403998916242883482    .4932584067510764023708226861    .5860205524398687809512168706    .6709103293186295118833290612    .7479053879884972467116097479    .8046186431101957192207540279    .849453744574096409789421442    .8806773723351747381983277786    .9027025669537814105963478675    .9239913350839814283294094144    .9432108523899754862798345485    .9627941682441014940900378158    .9784612348051589919762661613    .9910344271756942647751284027    1.0000001230596529896470515442 
 2878.775      11            3             2020          4 
   1.37558504829732E-02    5.31476035364367E-03   -3.9773864796448E-03   -2.08899621411675E-02   -.048232323159509   -5.94132942322744E-02   -5.74506559932719E-02   -4.63999486611601E-02   -1.44592805129922E-02    2.35733906932528E-02    5.91484203859226E-02    9.47147573485033E-02    .142530232297565    .204362098462019    .303397269875533    .422757909994268    .557758891721522    .686528924520847    .794422072702365    .860813159188804    .900660803531884    .921394448919245    .947911770468776    .999999881270028 
 12419.521112                12            3             2020          5 
   .0215789318753243083983414062    .0496003424322694609225122593    .0844577653631513066669039533    .1218243430125585022637706999    .1560355655040171568251366889    .1877115050553327647501647083    .2164998936554809086909340728    .241417279536083935278872611    .2670825203392914849130939663    .2976725081958216490046576926    .3312647857271100873023742399    .36907824051050254376346037    .4047931441690197112328077985    .430438255371597294161433686    .4471922024943211030953638593    .4540493106897180014230487505    .4556004171958607158894131119    .4558563046790688526509426976    .469622294402682923673104023    .516710180861923720203423573    .5963826570449168217493505558    .7167210329389711818060638279    .8607763458504598739958243247    .9999999104635363979080935114 
 12986.5537    13            3             2020          6 
   .105623400299106    .185163199682261    .229814890610182    .265432503990406    .308662784054287    .361489547297583    .421492941784567    .482482933662666    .537331958364847    .584544253032369    .62289544428702    .656626509748117    .687037772745474    .715673160438824    .745669556225298    .777465890666783    .810401850372166    .844801839392155    .879165282197809    .912190802687706    .937508305465599    .962691053477875    .981446029249469    .999999850446273 
 10873.75      14            3             2020          7 
   2.20404649825052E-02    5.96643314784745E-02    9.54684536297276E-02    .137560643644384    .177066329463157    .209540181522301    .227866416937292    .250940324498506    .284882152402575    .324424637530176    .385838575195425    .454320000862168    .520327587941143    .575882240415565    .630228734983906    .677109976721462    .720333335728245    .769313642372687    .814331478474537    .856752482325555    .890764473646396    .929317216777791    .961799129210254    1.00000008980917 
 9489.575      15            3             2020          1 
   4.54564601463152E-02    9.33234602799322E-02    .138282014613734    .186076573256047    .226499890175535    .277143612612393    .335152016324493    .391623191395228    .462057057102794    .524426794913761    .579613691620146    .620206911268418    .6572317619763    .660987219445418    .671386789499925    .668420386647979    .672524911383018    .68898901063799    .72511942793144    .773065442867568    .833199843232574    .892292290157884    .948787160021655    .999999917672815 
 3376.6125     16            3             2020          2 
   .119950096108595    .228501937962973    .31025917246945    .380899503396988    .446631046821611    .532593701180732    .617231070039685    .724890714829767    .819760174189924    .904471581748905    .980735130252583    1.0342502881725    1.0895571970938    1.12687270190816    1.12167148323116    1.10621590460021    1.04645929872857    .96266599997131    .887335310166624    .846229009450114    .814466407137886    .854965576053478    .916602793827208    1.00000001446068 
 6915.2125     17            3             2020          3 
   5.26954152018444E-02    .106988754949459    .160481323049997    .207598450856535    .232973661753661    .244401369060423    .234461320388292    .221216966087674    .219819687900498    .248457632950768    .292113207272192    .368934787061406    .445562966815011    .519235670631958    .578930155628352    .631594807055821    .669149718826428    .710245708284453    .750652970488976    .792020101289368    .84462152170848    .893526381826661    .947738410063321    .999999985878055 
 4547.85       18            3             2020          4 
   8.10108046204182E-02    .147127211274112    .215626604037485    .272219279697412    .326448201055856    .383447656971495    .449176501757012    .509606144593049    .575766517334427    .634973054747023    .692387558045972    .749818541917472    .816638567022054    .861659840810768    .921930099868619    .948384908184637    .963999472278109    .943319413637763    .929260572646965    .886759699122937    .879649217830953    .882568158065075    .929843244094737    1.00000002147306 
 10661.0125    19            3             2020          5 
   4.68705481772955E-02    9.87558662382267E-02    .156320761996691    .212040132210707    .266683164364372    .316181272651167    .362239271583609    .40431197318266    .448016780770119    .49197133927535    .53876686599596    .588678851812269    .638875763441793    .691900727504775    .737873125031511    .784991088293677    .824078641246551    .863113431856261    .897338605121934    .9251455507861    .949758634264335    .967093995234974    .983977945047433    1.00000010992155 
 8425.375      20            3             2020          6 
   3.51749907621879E-02    6.82907288993072E-02    .116116494779999    .167032624660623    .228292503440129    .297688524388751    .387635576773289    .490418812497218    .593877092358649    .688755681776034    .767185402077801    .81616985705384    .848942879026156    .869461253579218    .88496947697061    .90053849374286    .91800508693975    .934311505978962    .949604605414447    .961489856256398    .976122747689272    .982437029879976    .992878655252734    1 
 7463.85       21            3             2020          7 
   1.54360687213541E-02    .034774277054465    6.99119757229848E-02    .103964438672527    .149200821134954    .195118809249122    .242274435958403    .286114063274567    .333050289373949    .36480500727046    .392478399531575    .411813260226793    .435514152171801    .464197392368717    .506005581015076    .555864226509275    .607879916091394    .665449066060914    .718196668881509    .778606202207138    .833540974790155    .894218466341097    .947977585294453    1.0000000130839 
 9947.925      22            3             2020          1 
   .035073897933842    6.99279007639313E-02    .104314470044161    .138618106229597    .183421426845925    .229075429832101    .286104905946152    .344767888545224    .406641339659087    .457388098523059    .511532555784247    .567633441380363    .622319488501999    .684714429689483    .742980349466723    .792871407149607    .825523915791484    .855864433569061    .871754701671454    .890399254115808    .909024958408412    .934960015216741    .964074126953611    .999999980366509 
 8038.9125     23            3             2020          2 
   4.81081847567029E-02    .100270092503184    .147863591696755    .19300961446511    .229192991258923    .263109258209677    .290238226505295    .320299829695559    .35961485505852    .391704071397639    .43325043091183    .467434165195308    .498211039263318    .525348784447679    .569722000643744    .613371624621179    .678979080562047    .740982181105809    .799470152893037    .845259940710264    .888260743057596    .92263419783926    .96232705459616    1.00000007288766 
 6737.675      24            3             2020          3 
   4.73586947866266E-02    9.02722342033324E-02    .134823950899814    .179128924382066    .222574916595395    .292615765343062    .361250328145466    .442326137111003    .535737439971411    .622929958683819    .680785598797063    .726604431308834    .738878724045201    .728333572388658    .727129551018155    .73710885466333    .760093386373081    .801418843596827    .849187561686709    .893373783542728    .922022375578371    .950669155856805    .972175076273529    .999999971011885 
 5920.05       25            3             2020          4 
   3.63172608339457E-02    9.13548048085795E-02    .14384591552555    .208511756558486    .270686074890626    .330100699569155    .34363098657449    .287972672877816    .195606476646365    .04220194871401   -9.09789365825669E-02   -.164246898846399   -.188556233325996   -.259429802509058   -.142804944983705   -.117644682450951    4.96870947794729E-02    .253948561852307    .536458861200497    .681151457098124    .895323991008311    .942515315405909    .974814434897087    1.00000004948755 
 9379.3375     26            3             2020          5 
   2.54975358223845E-02    4.55682497720638E-02    7.34233601878531E-02    .101550346768728    .137729610433573    .170367843144572    .2118753056919    .251550282735854    .292308768892926    .337894344633216    .388948067527424    .444262475394717    .501915801122681    .558549598552403    .609276805847828    .65198371345191    .686555738961441    .726325359716904    .768140700652498    .811154133104417    .863891087640119    .909470051856008    .951058830947548    1.00000014576589 
 6985.6        27            3             2020          6 
   6.98902035764309E-02    .146538948062577    .236831836289787    .322071482596788    .40472187036994    .480805177291052    .5408107671943    .604821002871085    .6534388739201    .693447936089062    .733560797166671    .7696547182776    .799644983967018    .839015245983702    .852144025522146    .863102254548643    .857871838026619    .851932862893846    .850071891753214    .866403688927937    .883928998806473    .920164254188974    .958834904571547    .999999944081396 
 7239.0125     28            3             2020          7 
   .046979818572835    9.10120716622692E-02    .138280257453214    .176168707484058    .210942093437727    .240402251321399    .273542133924732    .304672067128458    .356250234730738    .414289905520608    .484202769693207    .557496599641957    .626737749429739    .679118858040893    .72176794929298    .752072497047249    .77610029089344    .798334013422929    .824787897844319    .849727431745697    .88044984068528    .913513756192575    .955726032426729    1.00000002698054 
 11329.2375    29            3             2020          1 
   3.38934979333754E-02    7.08719353613135E-02    .110092356274804    .151943138480745    .193306253061768    .237813886415569    .2816572962076    .331092441335416    .385461713966849    .444975869266356    .508977299401769    .574570857661979    .637709484599581    .694153036281127    .746434798403247    .789697877256744    .827024987339175    .85887729025784    .883893281790809    .906310907811536    .926148959578039    .94714775942004    .970263851329359    .999999982760314 
 12969.6125    30            3             2020          2 
   2.76617757243735E-02    5.91767872787256E-02    9.16729412242704E-02    .125103012727346    .158721974153044    .195694929385419    .245380292178159    .288740303807506    .344236368255991    .391428410423789    .444052395551525    .486746431140965    .543936829442187    .59402604338844    .660896784334343    .718757996456139    .78186803118636    .831498465403265    .873068742898063    .902410390899304    .930228269758445    .949034699740451    .972426894018615    .999999984940761 
 7809          31            3             2020          3 
   5.00544243821232E-02    .104181071557558    .17038833397362    .235177359457037    .297512473087943    .361627602916106    .420381924852334    .468835632113187    .536190588383596    .602186529565245    .679253055368805    .758374876944871    .835068423153573    .889468794519945    .93473388578083    .950012730703355    .969336575285728    .962562352934115    .965718954591657    .963028124099597    .97132946810171    .971388682129594    .991445667659111    .999999874943975 
