 17308.4129    1             7             2019          2 
 19320.7896    2             7             2019          3 
 14617.625     3             7             2019          4 
 16393.3625    4             7             2019          5 
 12809.8375    5             7             2019          6 
 8090.7625     6             7             2019          7 
 19818.2895    7             7             2019          1 
 16451.8005    8             7             2019          2 
 13196.9125    9             7             2019          3 
 16764.575     10            7             2019          4 
 17742.2875    11            7             2019          5 
 12265.3625    12            7             2019          6 
 9907.475      13            7             2019          7 
 17710.3635    14            7             2019          1 
 13295.0625    15            7             2019          2 
 18310.7995    16            7             2019          3 
 16591.8625    17            7             2019          4 
 14758.05      18            7             2019          5 
 12905.5       19            7             2019          6 
 9100.1125     20            7             2019          7 
 17247.8375    21            7             2019          1 
 12911.7625    22            7             2019          2 
 11415.2875    23            7             2019          3 
 18701.0885    24            7             2019          4 
 19842.988     25            7             2019          5 
 12851.3125    26            7             2019          6 
 9400.325      27            7             2019          7 
 23266.9765    28            7             2019          1 
 17513.625     29            7             2019          2 
 18024.8625    30            7             2019          3 
 27631.827     31            7             2019          4 
