 18056.8       1             10            2020          5 
 17416.1       2             10            2020          6 
 9763.7875     3             10            2020          7 
 18443.149     4             10            2020          1 
 14351.2875    5             10            2020          2 
 16134.1       6             10            2020          3 
 15487.1375    7             10            2020          4 
 21627.924     8             10            2020          5 
 19992.876     9             10            2020          6 
 8956.85       10            10            2020          7 
 18696.713     11            10            2020          1 
 17422.675     12            10            2020          2 
 14491.9       13            10            2020          3 
 21343.662     14            10            2020          4 
 17256.025     15            10            2020          5 
 18664.8375    16            10            2020          6 
 9764.375      17            10            2020          7 
 18230.2245    18            10            2020          1 
 17294.0875    19            10            2020          2 
 12758.4       20            10            2020          3 
 17027.0125    21            10            2020          4 
 19439.325     22            10            2020          5 
 15798         23            10            2020          6 
 11146.5       24            10            2020          7 
 13413.425     25            10            2020          1 
 16018.0125    26            10            2020          2 
 13401.9       27            10            2020          3 
 14425.275     28            10            2020          4 
 17533.05      29            10            2020          5 
 12014.0625    30            10            2020          6 
 10485.7       31            10            2020          7 
