 16533.1875    1             11            2020          1 
 12567.1125    2             11            2020          2 
 12014.45      3             11            2020          3 
 9019.5        4             11            2020          4 
 12307.0625    5             11            2020          5 
 10980.7875    6             11            2020          6 
 10790.225     7             11            2020          7 
 10044.5       8             11            2020          1 
 10439.9125    9             11            2020          2 
 12519.55      10            11            2020          3 
 9182.925      11            11            2020          4 
 15733.9083    12            11            2020          5 
 17410.9917    13            11            2020          6 
 17042.2375    14            11            2020          7 
 11112.3625    15            11            2020          1 
 10394.7125    16            11            2020          2 
 8540.375      17            11            2020          3 
 9375.7625     18            11            2020          4 
 11344.7125    19            11            2020          5 
 9596.8        20            11            2020          6 
 14312.55      21            11            2020          7 
 10938.6275    22            11            2020          1 
 10160.6599    23            11            2020          2 
 6788.4        24            11            2020          3 
 8332.625      25            11            2020          4 
 7395.2625     26            11            2020          5 
 11414.3625    27            11            2020          6 
 10923.65      28            11            2020          7 
 8015.2625     29            11            2020          1 
 6999.58013    30            11            2020          2 
