 11448.8875    1             10            2018          2 
 9485.5625     2             10            2018          3 
 10233.7875    3             10            2018          4 
 11218.9       4             10            2018          5 
 13644.3125    5             10            2018          6 
 8677.5875     6             10            2018          7 
 13973.1625    7             10            2018          1 
 6014.875      8             10            2018          2 
 14186.9495    9             10            2018          3 
 14095.8875    10            10            2018          4 
 13835.6625    11            10            2018          5 
 10530.525     12            10            2018          6 
 6400.4625     13            10            2018          7 
 14255.038     14            10            2018          1 
 11365.6       15            10            2018          2 
 8747.875      16            10            2018          3 
 14824.2875    17            10            2018          4 
 8758.85       18            10            2018          5 
 7064.925      19            10            2018          6 
 6777.2625     20            10            2018          7 
 8129.675      21            10            2018          1 
 13878.975     22            10            2018          2 
 11767.514     23            10            2018          3 
 6594.25       24            10            2018          4 
 9177.6041     25            10            2018          5 
 9237.0459     26            10            2018          6 
 5522.0875     27            10            2018          7 
 8474.375      28            10            2018          1 
 8557.5        29            10            2018          2 
 7377.4125     30            10            2018          3 
 8579.675      31            10            2018          4 
