 334.5625      0             1             6             2019          7 
 338.8875      1             1             6             2019          7 
 364.825       2             1             6             2019          7 
 425.5         3             1             6             2019          7 
 431.0875      4             1             6             2019          7 
 389.25        5             1             6             2019          7 
 354.425       6             1             6             2019          7 
 322.2125      7             1             6             2019          7 
 266.9125      8             1             6             2019          7 
 275.8125      9             1             6             2019          7 
 263.6875      10            1             6             2019          7 
 244           11            1             6             2019          7 
 290.2375      12            1             6             2019          7 
 305.175       13            1             6             2019          7 
 362.3375      14            1             6             2019          7 
 382.95        15            1             6             2019          7 
 409.525       16            1             6             2019          7 
 356.7         17            1             6             2019          7 
 363.775       18            1             6             2019          7 
 279.9         19            1             6             2019          7 
 260.9         20            1             6             2019          7 
 128.25        21            1             6             2019          7 
 124.7         22            1             6             2019          7 
 68.5375       23            1             6             2019          7 
 127.0125      0             2             6             2019          1 
 190.2875      1             2             6             2019          1 
 298.325       2             2             6             2019          1 
 336.55        3             2             6             2019          1 
 408.2         4             2             6             2019          1 
 448.0125      5             2             6             2019          1 
 581.65        6             2             6             2019          1 
 720.85        7             2             6             2019          1 
 656.8125      8             2             6             2019          1 
 683.225       9             2             6             2019          1 
 523.5375      10            2             6             2019          1 
 338.0125      11            2             6             2019          1 
 293           12            2             6             2019          1 
 456.6875      13            2             6             2019          1 
 355.5375      14            2             6             2019          1 
 591.5625      15            2             6             2019          1 
 569.05        16            2             6             2019          1 
 555.8625      17            2             6             2019          1 
 483.2125      18            2             6             2019          1 
 597.45        19            2             6             2019          1 
 503.4         20            2             6             2019          1 
 571.4375      21            2             6             2019          1 
 542.9125      22            2             6             2019          1 
 473.7         23            2             6             2019          1 
 426.275       0             3             6             2019          2 
 364.9875      1             3             6             2019          2 
 369.0875      2             3             6             2019          2 
 356.325       3             3             6             2019          2 
 426.8125      4             3             6             2019          2 
 474.1375      5             3             6             2019          2 
 553.6625      6             3             6             2019          2 
 595.875       7             3             6             2019          2 
 643.3625      8             3             6             2019          2 
 756.6875      9             3             6             2019          2 
 819.7375      10            3             6             2019          2 
 886.3875      11            3             6             2019          2 
 914.225       12            3             6             2019          2 
 863.625       13            3             6             2019          2 
 741.825       14            3             6             2019          2 
 660.05        15            3             6             2019          2 
 584.625       16            3             6             2019          2 
 531.5875      17            3             6             2019          2 
 627.2         18            3             6             2019          2 
 575.4125      19            3             6             2019          2 
 658.2125      20            3             6             2019          2 
 618.425       21            3             6             2019          2 
 608           22            3             6             2019          2 
 542.5375      23            3             6             2019          2 
 576.4625      0             4             6             2019          3 
 444.25        1             4             6             2019          3 
 464.2625      2             4             6             2019          3 
 421.7         3             4             6             2019          3 
 384.1625      4             4             6             2019          3 
 376.2375      5             4             6             2019          3 
 420.2875      6             4             6             2019          3 
 408.6875      7             4             6             2019          3 
 470.8375      8             4             6             2019          3 
 561.4625      9             4             6             2019          3 
 614.9875      10            4             6             2019          3 
 665.1875      11            4             6             2019          3 
 665.7625      12            4             6             2019          3 
 515.8125      13            4             6             2019          3 
 361           14            4             6             2019          3 
 250.7875      15            4             6             2019          3 
 211.825       16            4             6             2019          3 
 296.375       17            4             6             2019          3 
 466.625       18            4             6             2019          3 
 598.6125      19            4             6             2019          3 
 671.7125      20            4             6             2019          3 
 675.125       21            4             6             2019          3 
 613.2125      22            4             6             2019          3 
 552.375       23            4             6             2019          3 
 512.5875      0             5             6             2019          4 
 449.7625      1             5             6             2019          4 
 428.1375      2             5             6             2019          4 
 451.625       3             5             6             2019          4 
 376.2875      4             5             6             2019          4 
 470.975       5             5             6             2019          4 
 520.675       6             5             6             2019          4 
 601.6625      7             5             6             2019          4 
 654.7875      8             5             6             2019          4 
 795.9375      9             5             6             2019          4 
 733.525       10            5             6             2019          4 
 749.625       11            5             6             2019          4 
 700.0875      12            5             6             2019          4 
 633.65        13            5             6             2019          4 
 589.85        14            5             6             2019          4 
 590.825       15            5             6             2019          4 
 617.625       16            5             6             2019          4 
 634.5625      17            5             6             2019          4 
 733.6125      18            5             6             2019          4 
 707.5625      19            5             6             2019          4 
 763.925       20            5             6             2019          4 
 683.9125      21            5             6             2019          4 
 617.675       22            5             6             2019          4 
 496.9625      23            5             6             2019          4 
 465.5375      0             6             6             2019          5 
 357.9375      1             6             6             2019          5 
 406.8875      2             6             6             2019          5 
 411.0875      3             6             6             2019          5 
 532.9         4             6             6             2019          5 
 572.5625      5             6             6             2019          5 
 661.3375      6             6             6             2019          5 
 680.15        7             6             6             2019          5 
 672.3625      8             6             6             2019          5 
 607.95        9             6             6             2019          5 
 623.6375      10            6             6             2019          5 
 590.7         11            6             6             2019          5 
 582.4         12            6             6             2019          5 
 612.0625      13            6             6             2019          5 
 569.8875      14            6             6             2019          5 
 587.55        15            6             6             2019          5 
 583.4125      16            6             6             2019          5 
 648.4         17            6             6             2019          5 
 659.3625      18            6             6             2019          5 
 676.275       19            6             6             2019          5 
 625.375       20            6             6             2019          5 
 566.8125      21            6             6             2019          5 
 404.7875      22            6             6             2019          5 
 444.0625      23            6             6             2019          5 
 334.7125      0             7             6             2019          6 
 378.15        1             7             6             2019          6 
 406.4875      2             7             6             2019          6 
 439.425       3             7             6             2019          6 
 425.6625      4             7             6             2019          6 
 522.1         5             7             6             2019          6 
 569.5625      6             7             6             2019          6 
 652.225       7             7             6             2019          6 
 840.525       8             7             6             2019          6 
 917.975       9             7             6             2019          6 
 1041.1        10            7             6             2019          6 
 998.8875      11            7             6             2019          6 
 951.0125      12            7             6             2019          6 
 888.0875      13            7             6             2019          6 
 780.85        14            7             6             2019          6 
 747.05        15            7             6             2019          6 
 739.225       16            7             6             2019          6 
 763.675       17            7             6             2019          6 
 757           18            7             6             2019          6 
 850.1         19            7             6             2019          6 
 815.7         20            7             6             2019          6 
 808.1125      21            7             6             2019          6 
 714.275       22            7             6             2019          6 
 637.375       23            7             6             2019          6 
 467.2625      0             8             6             2019          7 
 320.125       1             8             6             2019          7 
 248.375       2             8             6             2019          7 
 176.3375      3             8             6             2019          7 
 155.8         4             8             6             2019          7 
 188.2375      5             8             6             2019          7 
 228.275       6             8             6             2019          7 
 282.875       7             8             6             2019          7 
 247.8375      8             8             6             2019          7 
 314.8875      9             8             6             2019          7 
 270.3125      10            8             6             2019          7 
 276.1625      11            8             6             2019          7 
 275.85        12            8             6             2019          7 
 363.225       13            8             6             2019          7 
 296.6875      14            8             6             2019          7 
 351.575       15            8             6             2019          7 
 396.05        16            8             6             2019          7 
 376.55        17            8             6             2019          7 
 435           18            8             6             2019          7 
 533.6875      19            8             6             2019          7 
 539.8         20            8             6             2019          7 
 563.5125      21            8             6             2019          7 
 544.1375      22            8             6             2019          7 
 546.525       23            8             6             2019          7 
 431.225       0             9             6             2019          1 
 449.075       1             9             6             2019          1 
 399.15        2             9             6             2019          1 
 376.7375      3             9             6             2019          1 
 372.4375      4             9             6             2019          1 
 244.05        5             9             6             2019          1 
 268.2625      6             9             6             2019          1 
 129.65        7             9             6             2019          1 
 288.0625      8             9             6             2019          1 
 304.725       9             9             6             2019          1 
 577.3125      10            9             6             2019          1 
 567.325       11            9             6             2019          1 
 749.2125      12            9             6             2019          1 
 672.55        13            9             6             2019          1 
 683.4         14            9             6             2019          1 
 647.675       15            9             6             2019          1 
 675.0375      16            9             6             2019          1 
 730.8         17            9             6             2019          1 
 636.2         18            9             6             2019          1 
 634.4         19            9             6             2019          1 
 470.8875      20            9             6             2019          1 
 406.975       21            9             6             2019          1 
 307.2375      22            9             6             2019          1 
 354.225       23            9             6             2019          1 
 313.75        0             10            6             2019          2 
 378.7125      1             10            6             2019          2 
 372.7875      2             10            6             2019          2 
 342.025       3             10            6             2019          2 
 364.075       4             10            6             2019          2 
 383.7125      5             10            6             2019          2 
 591.8125      6             10            6             2019          2 
 676.35        7             10            6             2019          2 
 934.5375      8             10            6             2019          2 
 961.0625      9             10            6             2019          2 
 1100.438      10            10            6             2019          2 
 977.3125      11            10            6             2019          2 
 1067.262      12            10            6             2019          2 
 940.1333      13            10            6             2019          2 
 995.9875      14            10            6             2019          2 
 911.0083      15            10            6             2019          2 
 882.6375      16            10            6             2019          2 
 738.45        17            10            6             2019          2 
 663.1917      18            10            6             2019          2 
 570.9         19            10            6             2019          2 
 554.1667      20            10            6             2019          2 
 488.425       21            10            6             2019          2 
 571.725       22            10            6             2019          2 
 511.9875      23            10            6             2019          2 
 581.65        0             11            6             2019          3 
 481.9125      1             11            6             2019          3 
 577.675       2             11            6             2019          3 
 601.3125      3             11            6             2019          3 
 699.675       4             11            6             2019          3 
 835.8875      5             11            6             2019          3 
 997.95        6             11            6             2019          3 
 984.125       7             11            6             2019          3 
 1021.7        8             11            6             2019          3 
 1058          9             11            6             2019          3 
 941.675       10            11            6             2019          3 
 945.3         11            11            6             2019          3 
 978.4125      12            11            6             2019          3 
 906.2         13            11            6             2019          3 
 866.425       14            11            6             2019          3 
 823.6         15            11            6             2019          3 
 747.8625      16            11            6             2019          3 
 677.9         17            11            6             2019          3 
 635.1375      18            11            6             2019          3 
 561.825       19            11            6             2019          3 
 516.3375      20            11            6             2019          3 
 479.4625      21            11            6             2019          3 
 487.8625      22            11            6             2019          3 
 478.775       23            11            6             2019          3 
 502.7625      0             12            6             2019          4 
 486.2875      1             12            6             2019          4 
 475.55        2             12            6             2019          4 
 432.4         3             12            6             2019          4 
 434.35        4             12            6             2019          4 
 417.05        5             12            6             2019          4 
 527.725       6             12            6             2019          4 
 589.083       7             12            6             2019          4 
 736.1545      8             12            6             2019          4 
 821.133       9             12            6             2019          4 
 966.3045      10            12            6             2019          4 
 993.275       11            12            6             2019          4 
 1031.992      12            12            6             2019          4 
 967.9705      13            12            6             2019          4 
 915.1045      14            12            6             2019          4 
 844.733       15            12            6             2019          4 
 827.8         16            12            6             2019          4 
 844.2         17            12            6             2019          4 
 844.2375      18            12            6             2019          4 
 841.025       19            12            6             2019          4 
 804.425       20            12            6             2019          4 
 733.55        21            12            6             2019          4 
 656.75        22            12            6             2019          4 
 631.3375      23            12            6             2019          4 
 626.1125      0             13            6             2019          5 
 595.6625      1             13            6             2019          5 
 652.4         2             13            6             2019          5 
 604.0375      3             13            6             2019          5 
 753.7375      4             13            6             2019          5 
 690.5625      5             13            6             2019          5 
 751.325       6             13            6             2019          5 
 729.1125      7             13            6             2019          5 
 682.6375      8             13            6             2019          5 
 640.4625      9             13            6             2019          5 
 684.65        10            13            6             2019          5 
 663.6125      11            13            6             2019          5 
 694.775       12            13            6             2019          5 
 677.775       13            13            6             2019          5 
 622.375       14            13            6             2019          5 
 544.4875      15            13            6             2019          5 
 544.0875      16            13            6             2019          5 
 454.4625      17            13            6             2019          5 
 555.075       18            13            6             2019          5 
 435.6375      19            13            6             2019          5 
 531.5875      20            13            6             2019          5 
 504           21            13            6             2019          5 
 551.5625      22            13            6             2019          5 
 546.9875      23            13            6             2019          5 
 571.925       0             14            6             2019          6 
 419.0375      1             14            6             2019          6 
 379.625       2             14            6             2019          6 
 236.0625      3             14            6             2019          6 
 230.2125      4             14            6             2019          6 
 263.9125      5             14            6             2019          6 
 375.8625      6             14            6             2019          6 
 420.9875      7             14            6             2019          6 
 432.7625      8             14            6             2019          6 
 444.25        9             14            6             2019          6 
 309.9125      10            14            6             2019          6 
 371.625       11            14            6             2019          6 
 315.35        12            14            6             2019          6 
 464.575       13            14            6             2019          6 
 450.125       14            14            6             2019          6 
 604.075       15            14            6             2019          6 
 558.075       16            14            6             2019          6 
 627.8375      17            14            6             2019          6 
 605.625       18            14            6             2019          6 
 617.5125      19            14            6             2019          6 
 578.5125      20            14            6             2019          6 
 503.675       21            14            6             2019          6 
 332.6875      22            14            6             2019          6 
 217.575       23            14            6             2019          6 
 82.825        0             15            6             2019          7 
 59.975        1             15            6             2019          7 
 134.875       2             15            6             2019          7 
 269.7625      3             15            6             2019          7 
 352.3125      4             15            6             2019          7 
 419.6125      5             15            6             2019          7 
 437.6375      6             15            6             2019          7 
 294.725       7             15            6             2019          7 
 279.525       8             15            6             2019          7 
 169.6         9             15            6             2019          7 
 222.2375      10            15            6             2019          7 
 205.625       11            15            6             2019          7 
 344.5375      12            15            6             2019          7 
 339.8625      13            15            6             2019          7 
 510.325       14            15            6             2019          7 
 430.5125      15            15            6             2019          7 
 521.3875      16            15            6             2019          7 
 374.5375      17            15            6             2019          7 
 386.475       18            15            6             2019          7 
 195.9125      19            15            6             2019          7 
 274.325       20            15            6             2019          7 
 159.1875      21            15            6             2019          7 
 293.2         22            15            6             2019          7 
 307.6125      23            15            6             2019          7 
 436.175       0             16            6             2019          1 
 408.7125      1             16            6             2019          1 
 512.125       2             16            6             2019          1 
 530.1625      3             16            6             2019          1 
 606.3125      4             16            6             2019          1 
 654.7375      5             16            6             2019          1 
 745.2125      6             16            6             2019          1 
 737.175       7             16            6             2019          1 
 839.6375      8             16            6             2019          1 
 850.7625      9             16            6             2019          1 
 941.5625      10            16            6             2019          1 
 945.0625      11            16            6             2019          1 
 980.3625      12            16            6             2019          1 
 900.475       13            16            6             2019          1 
 836.15        14            16            6             2019          1 
 742.125       15            16            6             2019          1 
 667.775       16            16            6             2019          1 
 684.475       17            16            6             2019          1 
 643.75        18            16            6             2019          1 
 691.8375      19            16            6             2019          1 
 665.2375      20            16            6             2019          1 
 730.725       21            16            6             2019          1 
 695.025       22            16            6             2019          1 
 759.3875      23            16            6             2019          1 
 713.8375      0             17            6             2019          2 
 771.3375      1             17            6             2019          2 
 706.1625      2             17            6             2019          2 
 717.1125      3             17            6             2019          2 
 729.9875      4             17            6             2019          2 
 712.3125      5             17            6             2019          2 
 637.9875      6             17            6             2019          2 
 722.3375      7             17            6             2019          2 
 633.4875      8             17            6             2019          2 
 657.4375      9             17            6             2019          2 
 657.5125      10            17            6             2019          2 
 644.3875      11            17            6             2019          2 
 450.425       12            17            6             2019          2 
 442.025       13            17            6             2019          2 
 277.45        14            17            6             2019          2 
 302.8625      15            17            6             2019          2 
 335.375       16            17            6             2019          2 
 515.375       17            17            6             2019          2 
 536.4125      18            17            6             2019          2 
 642.125       19            17            6             2019          2 
 621.15        20            17            6             2019          2 
 572.95        21            17            6             2019          2 
 475.6875      22            17            6             2019          2 
 431.85        23            17            6             2019          2 
 316.9375      0             18            6             2019          3 
 250.3625      1             18            6             2019          3 
 264.0375      2             18            6             2019          3 
 271.9625      3             18            6             2019          3 
 350.6125      4             18            6             2019          3 
 449.3375      5             18            6             2019          3 
 552.9125      6             18            6             2019          3 
 588.4625      7             18            6             2019          3 
 635.175       8             18            6             2019          3 
 642.0625      9             18            6             2019          3 
 647.225       10            18            6             2019          3 
 640.5375      11            18            6             2019          3 
 629.6625      12            18            6             2019          3 
 606.725       13            18            6             2019          3 
 548.2375      14            18            6             2019          3 
 541.65        15            18            6             2019          3 
 487.4875      16            18            6             2019          3 
 601.7625      17            18            6             2019          3 
 570.8         18            18            6             2019          3 
 682.0375      19            18            6             2019          3 
 636.35        20            18            6             2019          3 
 651.4125      21            18            6             2019          3 
 498.8         22            18            6             2019          3 
 519.9875      23            18            6             2019          3 
 324.9875      0             19            6             2019          4 
 247.6125      1             19            6             2019          4 
 214.1125      2             19            6             2019          4 
 135.2         3             19            6             2019          4 
 233.6875      4             19            6             2019          4 
 439.25        5             19            6             2019          4 
 587.125       6             19            6             2019          4 
 718           7             19            6             2019          4 
 860.7625      8             19            6             2019          4 
 787.575       9             19            6             2019          4 
 752.5875      10            19            6             2019          4 
 720.7625      11            19            6             2019          4 
 667.8125      12            19            6             2019          4 
 599.65        13            19            6             2019          4 
 694.7         14            19            6             2019          4 
 634.1625      15            19            6             2019          4 
 767.1125      16            19            6             2019          4 
 792.3625      17            19            6             2019          4 
 880.025       18            19            6             2019          4 
 818.675       19            19            6             2019          4 
 820.125       20            19            6             2019          4 
 625.65        21            19            6             2019          4 
 534.0625      22            19            6             2019          4 
 456           23            19            6             2019          4 
 418.875       0             20            6             2019          5 
 359.9         1             20            6             2019          5 
 428.175       2             20            6             2019          5 
 367.65        3             20            6             2019          5 
 388.0375      4             20            6             2019          5 
 260.5375      5             20            6             2019          5 
 252.3625      6             20            6             2019          5 
 94.1125       7             20            6             2019          5 
 127.7875      8             20            6             2019          5 
 114.85        9             20            6             2019          5 
 264.775       10            20            6             2019          5 
 334.1875      11            20            6             2019          5 
 491.6375      12            20            6             2019          5 
 534.65        13            20            6             2019          5 
 565.075       14            20            6             2019          5 
 542.975       15            20            6             2019          5 
 507.0375      16            20            6             2019          5 
 471.8         17            20            6             2019          5 
 399.5875      18            20            6             2019          5 
 348.3625      19            20            6             2019          5 
 200.5875      20            20            6             2019          5 
 201.0125      21            20            6             2019          5 
 81.025        22            20            6             2019          5 
 193.9375      23            20            6             2019          5 
 209.5625      0             21            6             2019          6 
 366.1125      1             21            6             2019          6 
 412.125       2             21            6             2019          6 
 515.1         3             21            6             2019          6 
 478.6625      4             21            6             2019          6 
 443.1875      5             21            6             2019          6 
 460.5125      6             21            6             2019          6 
 423.325       7             21            6             2019          6 
 583.475       8             21            6             2019          6 
 558.5         9             21            6             2019          6 
 715.5125      10            21            6             2019          6 
 485.9375      11            21            6             2019          6 
 528.75        12            21            6             2019          6 
 286.45        13            21            6             2019          6 
 362.3125      14            21            6             2019          6 
 248.25        15            21            6             2019          6 
 422.7375      16            21            6             2019          6 
 361.4375      17            21            6             2019          6 
 421.6875      18            21            6             2019          6 
 358.9375      19            21            6             2019          6 
 425.975       20            21            6             2019          6 
 434.25        21            21            6             2019          6 
 487.8625      22            21            6             2019          6 
 521.075       23            21            6             2019          6 
 390.625       0             22            6             2019          7 
 305.3         1             22            6             2019          7 
 170.5125      2             22            6             2019          7 
 122.475       3             22            6             2019          7 
 96.1          4             22            6             2019          7 
 180.1         5             22            6             2019          7 
 144.35        6             22            6             2019          7 
 256.3875      7             22            6             2019          7 
 249.05        8             22            6             2019          7 
 307.7         9             22            6             2019          7 
 355.6875      10            22            6             2019          7 
 401.2         11            22            6             2019          7 
 383.2125      12            22            6             2019          7 
 358.4375      13            22            6             2019          7 
 241.975       14            22            6             2019          7 
 208.9125      15            22            6             2019          7 
 125.6         16            22            6             2019          7 
 129.3625      17            22            6             2019          7 
 143.575       18            22            6             2019          7 
 258.0875      19            22            6             2019          7 
 242.75        20            22            6             2019          7 
 296.8125      21            22            6             2019          7 
 297.875       22            22            6             2019          7 
 219.5625      23            22            6             2019          7 
 195.3875      0             23            6             2019          1 
 234.675       1             23            6             2019          1 
 283.1125      2             23            6             2019          1 
 462.3875      3             23            6             2019          1 
 610.3125      4             23            6             2019          1 
 765.85        5             23            6             2019          1 
 825.85        6             23            6             2019          1 
 864.0625      7             23            6             2019          1 
 813.3875      8             23            6             2019          1 
 735.7375      9             23            6             2019          1 
 707.25        10            23            6             2019          1 
 575.0875      11            23            6             2019          1 
 589.7375      12            23            6             2019          1 
 433.5375      13            23            6             2019          1 
 519.8         14            23            6             2019          1 
 378.7125      15            23            6             2019          1 
 505.6875      16            23            6             2019          1 
 477.4125      17            23            6             2019          1 
 554.3         18            23            6             2019          1 
 496.4875      19            23            6             2019          1 
 518.2125      20            23            6             2019          1 
 449.7625      21            23            6             2019          1 
 332.9875      22            23            6             2019          1 
 236.9875      23            23            6             2019          1 
 153.225       0             24            6             2019          2 
 63.9875       1             24            6             2019          2 
 105.325       2             24            6             2019          2 
 275.3         3             24            6             2019          2 
 399.675       4             24            6             2019          2 
 608.4         5             24            6             2019          2 
 722.775       6             24            6             2019          2 
 715.1375      7             24            6             2019          2 
 639.15        8             24            6             2019          2 
 634.6375      9             24            6             2019          2 
 488.475       10            24            6             2019          2 
 509.1625      11            24            6             2019          2 
 470.3125      12            24            6             2019          2 
 467.45        13            24            6             2019          2 
 436.2         14            24            6             2019          2 
 501           15            24            6             2019          2 
 478.0875      16            24            6             2019          2 
 583.05        17            24            6             2019          2 
 577.6375      18            24            6             2019          2 
 612.075       19            24            6             2019          2 
 574.025       20            24            6             2019          2 
 558.95        21            24            6             2019          2 
 500.5         22            24            6             2019          2 
 496.325       23            24            6             2019          2 
 451           0             25            6             2019          3 
 431.3375      1             25            6             2019          3 
 426           2             25            6             2019          3 
 396.7875      3             25            6             2019          3 
 431.6125      4             25            6             2019          3 
 462.65        5             25            6             2019          3 
 512.3625      6             25            6             2019          3 
 552.35        7             25            6             2019          3 
 598.175       8             25            6             2019          3 
 634.8625      9             25            6             2019          3 
 650.4125      10            25            6             2019          3 
 671.6125      11            25            6             2019          3 
 636.575       12            25            6             2019          3 
 570.6         13            25            6             2019          3 
 497.225       14            25            6             2019          3 
 416.8625      15            25            6             2019          3 
 374.725       16            25            6             2019          3 
 459.3625      17            25            6             2019          3 
 483.575       18            25            6             2019          3 
 579.775       19            25            6             2019          3 
 597.275       20            25            6             2019          3 
 584.0875      21            25            6             2019          3 
 506.8625      22            25            6             2019          3 
 538.1125      23            25            6             2019          3 
 430.1375      0             26            6             2019          4 
 466           1             26            6             2019          4 
 362.4875      2             26            6             2019          4 
 348.7375      3             26            6             2019          4 
 276.7375      4             26            6             2019          4 
 292.2875      5             26            6             2019          4 
 336.3875      6             26            6             2019          4 
 443.9375      7             26            6             2019          4 
 469.7375      8             26            6             2019          4 
 541.7125      9             26            6             2019          4 
 589.2125      10            26            6             2019          4 
 563.45        11            26            6             2019          4 
 675.25        12            26            6             2019          4 
 685.8875      13            26            6             2019          4 
 779.1         14            26            6             2019          4 
 822.9         15            26            6             2019          4 
 870.9         16            26            6             2019          4 
 893.525       17            26            6             2019          4 
 902.2         18            26            6             2019          4 
 918.6375      19            26            6             2019          4 
 866.0625      20            26            6             2019          4 
 874.025       21            26            6             2019          4 
 744.225       22            26            6             2019          4 
 702.0625      23            26            6             2019          4 
 539.4         0             27            6             2019          5 
 461.9625      1             27            6             2019          5 
 398.8375      2             27            6             2019          5 
 368.4875      3             27            6             2019          5 
 489.5125      4             27            6             2019          5 
 589.525       5             27            6             2019          5 
 556.825       6             27            6             2019          5 
 625.675       7             27            6             2019          5 
 474.3625      8             27            6             2019          5 
 542.5875      9             27            6             2019          5 
 450.2625      10            27            6             2019          5 
 736.4375      11            27            6             2019          5 
 679.175       12            27            6             2019          5 
 924.2875      13            27            6             2019          5 
 766.0875      14            27            6             2019          5 
 846.625       15            27            6             2019          5 
 672.0375      16            27            6             2019          5 
 682.3875      17            27            6             2019          5 
 658.875       18            27            6             2019          5 
 623           19            27            6             2019          5 
 531.825       20            27            6             2019          5 
 485.65        21            27            6             2019          5 
 416.45        22            27            6             2019          5 
 411.4375      23            27            6             2019          5 
 428.1125      0             28            6             2019          6 
 457.025       1             28            6             2019          6 
 459.8875      2             28            6             2019          6 
 446.475       3             28            6             2019          6 
 440.25        4             28            6             2019          6 
 385.6625      5             28            6             2019          6 
 384.9375      6             28            6             2019          6 
 406.475       7             28            6             2019          6 
 448.6375      8             28            6             2019          6 
 400.2455      9             28            6             2019          6 
 526.3375      10            28            6             2019          6 
 506.2955      11            28            6             2019          6 
 559.875       12            28            6             2019          6 
 630.1125      13            28            6             2019          6 
 712.0795      14            28            6             2019          6 
 664.4375      15            28            6             2019          6 
 746.9545      16            28            6             2019          6 
 699.25        17            28            6             2019          6 
 561.0375      18            28            6             2019          6 
 524.675       19            28            6             2019          6 
 375.25        20            28            6             2019          6 
 292.725       21            28            6             2019          6 
 217.1875      22            28            6             2019          6 
 232.6875      23            28            6             2019          6 
 104.05        0             29            6             2019          7 
 134.625       1             29            6             2019          7 
 53.6625       2             29            6             2019          7 
-11.6625       3             29            6             2019          7 
 3.65          4             29            6             2019          7 
 45.875        5             29            6             2019          7 
 81.1125       6             29            6             2019          7 
 174.525       7             29            6             2019          7 
 229.5375      8             29            6             2019          7 
 261.075       9             29            6             2019          7 
 327.7625      10            29            6             2019          7 
 360.65        11            29            6             2019          7 
 389.9375      12            29            6             2019          7 
 487.8         13            29            6             2019          7 
 363.45        14            29            6             2019          7 
 403.425       15            29            6             2019          7 
 296.7125      16            29            6             2019          7 
 234.25        17            29            6             2019          7 
 194.2375      18            29            6             2019          7 
 248.4125      19            29            6             2019          7 
 205.9         20            29            6             2019          7 
 274.325       21            29            6             2019          7 
 388.475       22            29            6             2019          7 
 425.4375      23            29            6             2019          7 
 580.6         0             30            6             2019          1 
 631.1125      1             30            6             2019          1 
 685.125       2             30            6             2019          1 
 609.3625      3             30            6             2019          1 
 583.1875      4             30            6             2019          1 
 527.1625      5             30            6             2019          1 
 518.9875      6             30            6             2019          1 
 676.1375      7             30            6             2019          1 
 663.5125      8             30            6             2019          1 
 817.725       9             30            6             2019          1 
 759.475       10            30            6             2019          1 
 762.35        11            30            6             2019          1 
 631.55        12            30            6             2019          1 
 677.025       13            30            6             2019          1 
 577.325       14            30            6             2019          1 
 659.6         15            30            6             2019          1 
 714.0375      16            30            6             2019          1 
 738.2         17            30            6             2019          1 
 803.1875      18            30            6             2019          1 
 827.45        19            30            6             2019          1 
 736.3         20            30            6             2019          1 
 730.825       21            30            6             2019          1 
 576.1875      22            30            6             2019          1 
 483.5375      23            30            6             2019          1 
