 616.2125      0             1             8             2020          7 
 595.2625      1             1             8             2020          7 
 573.2         2             1             8             2020          7 
 743.3125      3             1             8             2020          7 
 767.8125      4             1             8             2020          7 
 1000.537      5             1             8             2020          7 
 1013.263      6             1             8             2020          7 
 1005.737      7             1             8             2020          7 
 851.4375      8             1             8             2020          7 
 754.975       9             1             8             2020          7 
 598.7875      10            1             8             2020          7 
 489.15        11            1             8             2020          7 
 438.9875      12            1             8             2020          7 
 418.95        13            1             8             2020          7 
 408.925       14            1             8             2020          7 
 415.9         15            1             8             2020          7 
 401.7         16            1             8             2020          7 
 434.625       17            1             8             2020          7 
 449.8375      18            1             8             2020          7 
 542.4         19            1             8             2020          7 
 634.8125      20            1             8             2020          7 
 743.225       21            1             8             2020          7 
 828.4         22            1             8             2020          7 
 962.9875      23            1             8             2020          7 
 961.9875      0             2             8             2020          1 
 846.6         1             2             8             2020          1 
 794.625       2             2             8             2020          1 
 591.425       3             2             8             2020          1 
 465.725       4             2             8             2020          1 
 683.9875      5             2             8             2020          1 
 804.1375      6             2             8             2020          1 
 1045.537      7             2             8             2020          1 
 1225          8             2             8             2020          1 
 1278.188      9             2             8             2020          1 
 1046.613      10            2             8             2020          1 
 1036.975      11            2             8             2020          1 
 826.9         12            2             8             2020          1 
 768.2375      13            2             8             2020          1 
 806.975       14            2             8             2020          1 
 784.35        15            2             8             2020          1 
 842.7875      16            2             8             2020          1 
 817.4         17            2             8             2020          1 
 842.4125      18            2             8             2020          1 
 728.9625      19            2             8             2020          1 
 750.1875      20            2             8             2020          1 
 646.1         21            2             8             2020          1 
 655.9375      22            2             8             2020          1 
 685.05        23            2             8             2020          1 
 728.675       0             3             8             2020          2 
 848.2125      1             3             8             2020          2 
 890.1375      2             3             8             2020          2 
 982.2875      3             3             8             2020          2 
 938.9875      4             3             8             2020          2 
 931.8125      5             3             8             2020          2 
 776.6625      6             3             8             2020          2 
 687.75        7             3             8             2020          2 
 581.1625      8             3             8             2020          2 
 519.75        9             3             8             2020          2 
 493.7375      10            3             8             2020          2 
 480.7125      11            3             8             2020          2 
 513.25        12            3             8             2020          2 
 507.975       13            3             8             2020          2 
 654.025       14            3             8             2020          2 
 727.2125      15            3             8             2020          2 
 884.625       16            3             8             2020          2 
 855.9375      17            3             8             2020          2 
 829.1795      18            3             8             2020          2 
 603.825       19            3             8             2020          2 
 485.592       20            3             8             2020          2 
 316.3375      21            3             8             2020          2 
 357.2875      22            3             8             2020          2 
 389.858       23            3             8             2020          2 
 511.3         0             4             8             2020          3 
 540.733       1             4             8             2020          3 
 594.075       2             4             8             2020          3 
 554.4625      3             4             8             2020          3 
 541.3375      4             4             8             2020          3 
 544.5875      5             4             8             2020          3 
 667.5125      6             4             8             2020          3 
 709.2875      7             4             8             2020          3 
 883.2417      8             4             8             2020          3 
 947.2         9             4             8             2020          3 
 986.8667      10            4             8             2020          3 
 889.6         11            4             8             2020          3 
 812.25        12            4             8             2020          3 
 633.0208      13            4             8             2020          3 
 568.3625      14            4             8             2020          3 
 510.2333      15            4             8             2020          3 
 506.9125      16            4             8             2020          3 
 496.85        17            4             8             2020          3 
 475.6         18            4             8             2020          3 
 443.875       19            4             8             2020          3 
 455.525       20            4             8             2020          3 
 471.7         21            4             8             2020          3 
 526.95        22            4             8             2020          3 
 597.425       23            4             8             2020          3 
 554.025       0             5             8             2020          4 
 565.9625      1             5             8             2020          4 
 462.8         2             5             8             2020          4 
 464.0875      3             5             8             2020          4 
 447.2625      4             5             8             2020          4 
 597.2         5             5             8             2020          4 
 610.1375      6             5             8             2020          4 
 749.5125      7             5             8             2020          4 
 750.1125      8             5             8             2020          4 
 761.8875      9             5             8             2020          4 
 700.7         10            5             8             2020          4 
 683.6125      11            5             8             2020          4 
 602.7875      12            5             8             2020          4 
 562.825       13            5             8             2020          4 
 706.9375      14            5             8             2020          4 
 757.725       15            5             8             2020          4 
 985.55        16            5             8             2020          4 
 1062.338      17            5             8             2020          4 
 1103.9        18            5             8             2020          4 
 954.025       19            5             8             2020          4 
 1024.4        20            5             8             2020          4 
 806.625       21            5             8             2020          4 
 824.375       22            5             8             2020          4 
 800.7875      23            5             8             2020          4 
 745.5875      0             6             8             2020          5 
 662.2         1             6             8             2020          5 
 703           2             6             8             2020          5 
 723.8875      3             6             8             2020          5 
 715.225       4             6             8             2020          5 
 799.75        5             6             8             2020          5 
 740.8625      6             6             8             2020          5 
 705.1         7             6             8             2020          5 
 655.2125      8             6             8             2020          5 
 703.1125      9             6             8             2020          5 
 729.075       10            6             8             2020          5 
 763.4625      11            6             8             2020          5 
 765.5625      12            6             8             2020          5 
 705.875       13            6             8             2020          5 
 757.4125      14            6             8             2020          5 
 708.8125      15            6             8             2020          5 
 818.3625      16            6             8             2020          5 
 820.15        17            6             8             2020          5 
 836.575       18            6             8             2020          5 
 732.15        19            6             8             2020          5 
 772.925       20            6             8             2020          5 
 721.2875      21            6             8             2020          5 
 801.95        22            6             8             2020          5 
 880.175       23            6             8             2020          5 
 922.1375      0             7             8             2020          6 
 896.0125      1             7             8             2020          6 
 749.6625      2             7             8             2020          6 
 527.525       3             7             8             2020          6 
 371.0375      4             7             8             2020          6 
 197.1625      5             7             8             2020          6 
 81.8625       6             7             8             2020          6 
 155.65        7             7             8             2020          6 
 202.9625      8             7             8             2020          6 
 322.8875      9             7             8             2020          6 
 508.05        10            7             8             2020          6 
 670.2125      11            7             8             2020          6 
 867.9625      12            7             8             2020          6 
 991.5375      13            7             8             2020          6 
 1093.6        14            7             8             2020          6 
 1042.7        15            7             8             2020          6 
 951.675       16            7             8             2020          6 
 722.35        17            7             8             2020          6 
 659.85        18            7             8             2020          6 
 468.3125      19            7             8             2020          6 
 478.4625      20            7             8             2020          6 
 544.6125      21            7             8             2020          6 
 626.825       22            7             8             2020          6 
 746.775       23            7             8             2020          6 
 816.0125      0             8             8             2020          7 
 868.0625      1             8             8             2020          7 
 845.675       2             8             8             2020          7 
 842.5375      3             8             8             2020          7 
 765.175       4             8             8             2020          7 
 734.7125      5             8             8             2020          7 
 567.975       6             8             8             2020          7 
 523.8625      7             8             8             2020          7 
 361.625       8             8             8             2020          7 
 132.275       9             8             8             2020          7 
 39.2875       10            8             8             2020          7 
-174.5125      11            8             8             2020          7 
-248.3375      12            8             8             2020          7 
-250.925       13            8             8             2020          7 
-55.15         14            8             8             2020          7 
 4.5875        15            8             8             2020          7 
 374.625       16            8             8             2020          7 
 356.0625      17            8             8             2020          7 
 524.3         18            8             8             2020          7 
 431.3375      19            8             8             2020          7 
 441.775       20            8             8             2020          7 
 356.8         21            8             8             2020          7 
 426.6         22            8             8             2020          7 
 367.85        23            8             8             2020          7 
 469.3875      0             9             8             2020          1 
 537.5125      1             9             8             2020          1 
 601.4875      2             9             8             2020          1 
 698.3625      3             9             8             2020          1 
 722.4         4             9             8             2020          1 
 921.5375      5             9             8             2020          1 
 1182.625      6             9             8             2020          1 
 1361.613      7             9             8             2020          1 
 1561.162      8             9             8             2020          1 
 1615.25       9             9             8             2020          1 
 1389.925      10            9             8             2020          1 
 1139.838      11            9             8             2020          1 
 962.475       12            9             8             2020          1 
 707.575       13            9             8             2020          1 
 627.375       14            9             8             2020          1 
 660.15        15            9             8             2020          1 
 574.5875      16            9             8             2020          1 
 512.325       17            9             8             2020          1 
 496.8         18            9             8             2020          1 
 484.05        19            9             8             2020          1 
 544.325       20            9             8             2020          1 
 649.3375      21            9             8             2020          1 
 730.9625      22            9             8             2020          1 
 816           23            9             8             2020          1 
 828.45        0             10            8             2020          2 
 809.4875      1             10            8             2020          2 
 774.9125      2             10            8             2020          2 
 714.3125      3             10            8             2020          2 
 674.3875      4             10            8             2020          2 
 655.8         5             10            8             2020          2 
 648.3125      6             10            8             2020          2 
 605.9875      7             10            8             2020          2 
 620.5625      8             10            8             2020          2 
 575.35        9             10            8             2020          2 
 588.2125      10            10            8             2020          2 
 575.4375      11            10            8             2020          2 
 634.1375      12            10            8             2020          2 
 683.4         13            10            8             2020          2 
 785.85        14            10            8             2020          2 
 877.2375      15            10            8             2020          2 
 931.7875      16            10            8             2020          2 
 930.875       17            10            8             2020          2 
 905.6625      18            10            8             2020          2 
 845.525       19            10            8             2020          2 
 791.6125      20            10            8             2020          2 
 794.05        21            10            8             2020          2 
 808.1875      22            10            8             2020          2 
 858.9         23            10            8             2020          2 
 937.75        0             11            8             2020          3 
 934.55        1             11            8             2020          3 
 945.45        2             11            8             2020          3 
 886.8875      3             11            8             2020          3 
 842.425       4             11            8             2020          3 
 777.6375      5             11            8             2020          3 
 811.375       6             11            8             2020          3 
 733.1875      7             11            8             2020          3 
 796.6125      8             11            8             2020          3 
 759.3875      9             11            8             2020          3 
 751.7375      10            11            8             2020          3 
 723.8375      11            11            8             2020          3 
 742.075       12            11            8             2020          3 
 667.0375      13            11            8             2020          3 
 917.7375      14            11            8             2020          3 
 889.775       15            11            8             2020          3 
 1098.65       16            11            8             2020          3 
 1085.375      17            11            8             2020          3 
 1101.304      18            11            8             2020          3 
 853.875       19            11            8             2020          3 
 867.667       20            11            8             2020          3 
 690.825       21            11            8             2020          3 
 716.425       22            11            8             2020          3 
 778.158       23            11            8             2020          3 
 835.5125      0             12            8             2020          4 
 881.1955      1             12            8             2020          4 
 873.5         2             12            8             2020          4 
 900.3375      3             12            8             2020          4 
 831.6875      4             12            8             2020          4 
 820           5             12            8             2020          4 
 683.6375      6             12            8             2020          4 
 605.1625      7             12            8             2020          4 
 514.675       8             12            8             2020          4 
 473.225       9             12            8             2020          4 
 467.05        10            12            8             2020          4 
 562.375       11            12            8             2020          4 
 594.5375      12            12            8             2020          4 
 629.725       13            12            8             2020          4 
 667.5125      14            12            8             2020          4 
 689.025       15            12            8             2020          4 
 696.9         16            12            8             2020          4 
 774.1125      17            12            8             2020          4 
 804.975       18            12            8             2020          4 
 835.6125      19            12            8             2020          4 
 840.7625      20            12            8             2020          4 
 845.2375      21            12            8             2020          4 
 836.5125      22            12            8             2020          4 
 810.025       23            12            8             2020          4 
 787           0             13            8             2020          5 
 716.7         1             13            8             2020          5 
 672.45        2             13            8             2020          5 
 590.7         3             13            8             2020          5 
 557.5125      4             13            8             2020          5 
 553.325       5             13            8             2020          5 
 565.125       6             13            8             2020          5 
 644.6875      7             13            8             2020          5 
 732.425       8             13            8             2020          5 
 859.0125      9             13            8             2020          5 
 962.95        10            13            8             2020          5 
 1048.55       11            13            8             2020          5 
 1059.425      12            13            8             2020          5 
 1013.9        13            13            8             2020          5 
 898.4625      14            13            8             2020          5 
 798.0125      15            13            8             2020          5 
 648.1875      16            13            8             2020          5 
 486.25        17            13            8             2020          5 
 425.3875      18            13            8             2020          5 
 390.15        19            13            8             2020          5 
 431.65        20            13            8             2020          5 
 581.475       21            13            8             2020          5 
 731.7375      22            13            8             2020          5 
 828.5         23            13            8             2020          5 
 893.05        0             14            8             2020          6 
 867.925       1             14            8             2020          6 
 698.825       2             14            8             2020          6 
 579.13        3             14            8             2020          6 
 404.7425      4             14            8             2020          6 
 362.16        5             14            8             2020          6 
 336.9975      6             14            8             2020          6 
 458.5724      7             14            8             2020          6 
 547.755       8             14            8             2020          6 
 716.1175      9             14            8             2020          6 
 829.2625      10            14            8             2020          6 
 926.925       11            14            8             2020          6 
 1015.838      12            14            8             2020          6 
 1048.4        13            14            8             2020          6 
 1137.313      14            14            8             2020          6 
 1064.688      15            14            8             2020          6 
 1121.938      16            14            8             2020          6 
 976.2125      17            14            8             2020          6 
 924.85        18            14            8             2020          6 
 725.25        19            14            8             2020          6 
 654.9125      20            14            8             2020          6 
 527.1125      21            14            8             2020          6 
 582.225       22            14            8             2020          6 
 637.2625      23            14            8             2020          6 
 779.5125      0             15            8             2020          7 
 855.6875      1             15            8             2020          7 
 861.8875      2             15            8             2020          7 
 758.275       3             15            8             2020          7 
 650.0125      4             15            8             2020          7 
 379.3         5             15            8             2020          7 
 305.8375      6             15            8             2020          7 
 139.8375      7             15            8             2020          7 
 145.0625      8             15            8             2020          7 
 93.6875       9             15            8             2020          7 
 228.8375      10            15            8             2020          7 
 221.8         11            15            8             2020          7 
 357.625       12            15            8             2020          7 
 433.625       13            15            8             2020          7 
 537.425       14            15            8             2020          7 
 609.75        15            15            8             2020          7 
 661.0875      16            15            8             2020          7 
 598.3625      17            15            8             2020          7 
 523.975       18            15            8             2020          7 
 432.2125      19            15            8             2020          7 
 354.2625      20            15            8             2020          7 
 358.2625      21            15            8             2020          7 
 420.2875      22            15            8             2020          7 
 512.35        23            15            8             2020          7 
 606.475       0             16            8             2020          1 
 702.1375      1             16            8             2020          1 
 688.525       2             16            8             2020          1 
 660.9875      3             16            8             2020          1 
 588.7375      4             16            8             2020          1 
 581.475       5             16            8             2020          1 
 588.4125      6             16            8             2020          1 
 688.075       7             16            8             2020          1 
 802.2125      8             16            8             2020          1 
 908.325       9             16            8             2020          1 
 966.475       10            16            8             2020          1 
 992.2875      11            16            8             2020          1 
 994.0875      12            16            8             2020          1 
 943.8625      13            16            8             2020          1 
 915.1625      14            16            8             2020          1 
 858.5875      15            16            8             2020          1 
 792.75        16            16            8             2020          1 
 702.6375      17            16            8             2020          1 
 669.525       18            16            8             2020          1 
 608.975       19            16            8             2020          1 
 577.1375      20            16            8             2020          1 
 575.1875      21            16            8             2020          1 
 555.9125      22            16            8             2020          1 
 556.45        23            16            8             2020          1 
 573.95        0             17            8             2020          2 
 607.7125      1             17            8             2020          2 
 645.3875      2             17            8             2020          2 
 689.5875      3             17            8             2020          2 
 688.5625      4             17            8             2020          2 
 713.0045      5             17            8             2020          2 
 654.767       6             17            8             2020          2 
 619.967       7             17            8             2020          2 
 587.7045      8             17            8             2020          2 
 586.4         9             17            8             2020          2 
 565.491       10            17            8             2020          2 
 609.283       11            17            8             2020          2 
 607.516       12            17            8             2020          2 
 611.408       13            17            8             2020          2 
 595.1625      14            17            8             2020          2 
 579.5795      15            17            8             2020          2 
 528.575       16            17            8             2020          2 
 468.3295      17            17            8             2020          2 
 386.925       18            17            8             2020          2 
 412.2         19            17            8             2020          2 
 349.3         20            17            8             2020          2 
 428.7875      21            17            8             2020          2 
 482.4         22            17            8             2020          2 
 578.0375      23            17            8             2020          2 
 603.1375      0             18            8             2020          3 
 726.1125      1             18            8             2020          3 
 715.4125      2             18            8             2020          3 
 723.05        3             18            8             2020          3 
 707.975       4             18            8             2020          3 
 681.9         5             18            8             2020          3 
 666.9375      6             18            8             2020          3 
 728.8125      7             18            8             2020          3 
 807.1625      8             18            8             2020          3 
 930.25        9             18            8             2020          3 
 1050.63       10            18            8             2020          3 
 1094.13       11            18            8             2020          3 
 1134.91       12            18            8             2020          3 
 1099.847      13            18            8             2020          3 
 1092.56       14            18            8             2020          3 
 1073.93       15            18            8             2020          3 
 1051.093      16            18            8             2020          3 
 1027.912      17            18            8             2020          3 
 982.8375      18            18            8             2020          3 
 955.75        19            18            8             2020          3 
 936.2375      20            18            8             2020          3 
 1002.35       21            18            8             2020          3 
 989.6375      22            18            8             2020          3 
 1067.512      23            18            8             2020          3 
 1030.488      0             19            8             2020          4 
 960.675       1             19            8             2020          4 
 868.8125      2             19            8             2020          4 
 845.0125      3             19            8             2020          4 
 691.2375      4             19            8             2020          4 
 780.6875      5             19            8             2020          4 
 795.025       6             19            8             2020          4 
 860.475       7             19            8             2020          4 
 917.8625      8             19            8             2020          4 
 1072.863      9             19            8             2020          4 
 1056.3        10            19            8             2020          4 
 1148.95       11            19            8             2020          4 
 1179.7        12            19            8             2020          4 
 1126.525      13            19            8             2020          4 
 1060.463      14            19            8             2020          4 
 994.325       15            19            8             2020          4 
 899.025       16            19            8             2020          4 
 857.5875      17            19            8             2020          4 
 823.2875      18            19            8             2020          4 
 876.1375      19            19            8             2020          4 
 911.1625      20            19            8             2020          4 
 951.8875      21            19            8             2020          4 
 1033.438      22            19            8             2020          4 
 1037.762      23            19            8             2020          4 
 1048.85       0             20            8             2020          5 
 952.7875      1             20            8             2020          5 
 889.925       2             20            8             2020          5 
 749.0625      3             20            8             2020          5 
 692.125       4             20            8             2020          5 
 694.575       5             20            8             2020          5 
 744.575       6             20            8             2020          5 
 809.6125      7             20            8             2020          5 
 912.2         8             20            8             2020          5 
 990.55        9             20            8             2020          5 
 996.7125      10            20            8             2020          5 
 1007.088      11            20            8             2020          5 
 982.85        12            20            8             2020          5 
 870.3125      13            20            8             2020          5 
 808.875       14            20            8             2020          5 
 758.4375      15            20            8             2020          5 
 730.3375      16            20            8             2020          5 
 740.2125      17            20            8             2020          5 
 803.8875      18            20            8             2020          5 
 876.6625      19            20            8             2020          5 
 917.55        20            20            8             2020          5 
 981.9         21            20            8             2020          5 
 963.0125      22            20            8             2020          5 
 910.9875      23            20            8             2020          5 
 827.6         0             21            8             2020          6 
 764.75        1             21            8             2020          6 
 673.075       2             21            8             2020          6 
 649.5         3             21            8             2020          6 
 617.2         4             21            8             2020          6 
 670.9875      5             21            8             2020          6 
 661.025       6             21            8             2020          6 
 755.525       7             21            8             2020          6 
 802.4125      8             21            8             2020          6 
 895.8625      9             21            8             2020          6 
 979.6         10            21            8             2020          6 
 1075.037      11            21            8             2020          6 
 1127.412      12            21            8             2020          6 
 1146.575      13            21            8             2020          6 
 1130.8        14            21            8             2020          6 
 1036.988      15            21            8             2020          6 
 940.8875      16            21            8             2020          6 
 819.1875      17            21            8             2020          6 
 846.55        18            21            8             2020          6 
 758.2875      19            21            8             2020          6 
 866.7375      20            21            8             2020          6 
 788.7875      21            21            8             2020          6 
 780.6375      22            21            8             2020          6 
 616.9         23            21            8             2020          6 
 624.775       0             22            8             2020          7 
 480.425       1             22            8             2020          7 
 549.575       2             22            8             2020          7 
 554.9125      3             22            8             2020          7 
 605.675       4             22            8             2020          7 
 640.5         5             22            8             2020          7 
 617.6875      6             22            8             2020          7 
 634.8         7             22            8             2020          7 
 587.9         8             22            8             2020          7 
 585.5625      9             22            8             2020          7 
 544.1875      10            22            8             2020          7 
 534.2625      11            22            8             2020          7 
 578.1875      12            22            8             2020          7 
 666.7625      13            22            8             2020          7 
 790.425       14            22            8             2020          7 
 897.1         15            22            8             2020          7 
 983.3375      16            22            8             2020          7 
 909.5875      17            22            8             2020          7 
 848.775       18            22            8             2020          7 
 692.725       19            22            8             2020          7 
 565.875       20            22            8             2020          7 
 492.025       21            22            8             2020          7 
 478.9875      22            22            8             2020          7 
 465.0875      23            22            8             2020          7 
 383.4375      0             23            8             2020          1 
 428.3         1             23            8             2020          1 
 367.575       2             23            8             2020          1 
 419.7875      3             23            8             2020          1 
 492.6         4             23            8             2020          1 
 659.5375      5             23            8             2020          1 
 733.4125      6             23            8             2020          1 
 863.075       7             23            8             2020          1 
 918.925       8             23            8             2020          1 
 854.1125      9             23            8             2020          1 
 874.7625      10            23            8             2020          1 
 816.6375      11            23            8             2020          1 
 845.15        12            23            8             2020          1 
 810.075       13            23            8             2020          1 
 756.3         14            23            8             2020          1 
 780.1625      15            23            8             2020          1 
 679.2375      16            23            8             2020          1 
 680.6375      17            23            8             2020          1 
 634.4         18            23            8             2020          1 
 714.9125      19            23            8             2020          1 
 655.1875      20            23            8             2020          1 
 778.7125      21            23            8             2020          1 
 872.8375      22            23            8             2020          1 
 923.8125      23            23            8             2020          1 
 1008.813      0             24            8             2020          2 
 969.25        1             24            8             2020          2 
 871.35        2             24            8             2020          2 
 666.05        3             24            8             2020          2 
 509.8875      4             24            8             2020          2 
 344.4375      5             24            8             2020          2 
 318.9375      6             24            8             2020          2 
 357.2         7             24            8             2020          2 
 462.6125      8             24            8             2020          2 
 641.15        9             24            8             2020          2 
 767.05        10            24            8             2020          2 
 841.35        11            24            8             2020          2 
 903.875       12            24            8             2020          2 
 837.9         13            24            8             2020          2 
 772.8         14            24            8             2020          2 
 700.8375      15            24            8             2020          2 
 647.0875      16            24            8             2020          2 
 594.4         17            24            8             2020          2 
 612.65        18            24            8             2020          2 
 642.6625      19            24            8             2020          2 
 733.3125      20            24            8             2020          2 
 804.6875      21            24            8             2020          2 
 860.5125      22            24            8             2020          2 
 808.375       23            24            8             2020          2 
 741.4625      0             25            8             2020          3 
 526.6125      1             25            8             2020          3 
 468.1625      2             25            8             2020          3 
 326.9125      3             25            8             2020          3 
 369.675       4             25            8             2020          3 
 442.5         5             25            8             2020          3 
 572.6375      6             25            8             2020          3 
 715.3625      7             25            8             2020          3 
 804.725       8             25            8             2020          3 
 906.85        9             25            8             2020          3 
 873.7375      10            25            8             2020          3 
 912.9         11            25            8             2020          3 
 833.425       12            25            8             2020          3 
 856.575       13            25            8             2020          3 
 751.9625      14            25            8             2020          3 
 749.8375      15            25            8             2020          3 
 737.9         16            25            8             2020          3 
 690.1875      17            25            8             2020          3 
 756.2375      18            25            8             2020          3 
 803.3         19            25            8             2020          3 
 896.7375      20            25            8             2020          3 
 999.7625      21            25            8             2020          3 
 1134.3        22            25            8             2020          3 
 992.8125      23            25            8             2020          3 
 976.1         0             26            8             2020          4 
 692.9875      1             26            8             2020          4 
 518.2125      2             26            8             2020          4 
 325.1375      3             26            8             2020          4 
 388.9875      4             26            8             2020          4 
 522.725       5             26            8             2020          4 
 714.0875      6             26            8             2020          4 
 1002.838      7             26            8             2020          4 
 1096.412      8             26            8             2020          4 
 1203.555      9             26            8             2020          4 
 1077.655      10            26            8             2020          4 
 1043.597      11            26            8             2020          4 
 773.4474      12            26            8             2020          4 
 607.3724      13            26            8             2020          4 
 514.8425      14            26            8             2020          4 
 473.63        15            26            8             2020          4 
 617.6625      16            26            8             2020          4 
 761.3875      17            26            8             2020          4 
 1007.838      18            26            8             2020          4 
 1077.188      19            26            8             2020          4 
 1141.275      20            26            8             2020          4 
 1050.95       21            26            8             2020          4 
 926.0375      22            26            8             2020          4 
 767.55        23            26            8             2020          4 
 622.1625      0             27            8             2020          5 
 483.475       1             27            8             2020          5 
 469.75        2             27            8             2020          5 
 481.3875      3             27            8             2020          5 
 554.7375      4             27            8             2020          5 
 709.6375      5             27            8             2020          5 
 844.4         6             27            8             2020          5 
 937.2625      7             27            8             2020          5 
 1029.512      8             27            8             2020          5 
 1097.262      9             27            8             2020          5 
 1082.525      10            27            8             2020          5 
 1118.037      11            27            8             2020          5 
 1113.137      12            27            8             2020          5 
 1080.675      13            27            8             2020          5 
 983.4625      14            27            8             2020          5 
 948.8         15            27            8             2020          5 
 864.4375      16            27            8             2020          5 
 786.9125      17            27            8             2020          5 
 808.575       18            27            8             2020          5 
 828.5625      19            27            8             2020          5 
 881.7375      20            27            8             2020          5 
 916.3         21            27            8             2020          5 
 943.5875      22            27            8             2020          5 
 860.0375      23            27            8             2020          5 
 776.125       0             28            8             2020          6 
 605.9625      1             28            8             2020          6 
 475.0125      2             28            8             2020          6 
 335.05        3             28            8             2020          6 
 263.6625      4             28            8             2020          6 
 318.9625      5             28            8             2020          6 
 377.1125      6             28            8             2020          6 
 514.975       7             28            8             2020          6 
 608.175       8             28            8             2020          6 
 744.6         9             28            8             2020          6 
 815.5375      10            28            8             2020          6 
 949.7125      11            28            8             2020          6 
 1048.275      12            28            8             2020          6 
 1154.813      13            28            8             2020          6 
 1184.6        14            28            8             2020          6 
 1152.75       15            28            8             2020          6 
 1045.417      16            28            8             2020          6 
 877.7125      17            28            8             2020          6 
 734.2545      18            28            8             2020          6 
 661.475       19            28            8             2020          6 
 597.1375      20            28            8             2020          6 
 625.6705      21            28            8             2020          6 
 650.0125      22            28            8             2020          6 
 712.508       23            28            8             2020          6 
 706.0625      0             29            8             2020          7 
 717.675       1             29            8             2020          7 
 655.6125      2             29            8             2020          7 
 534.25        3             29            8             2020          7 
 437.6875      4             29            8             2020          7 
 377.3625      5             29            8             2020          7 
 335.2375      6             29            8             2020          7 
 371.25        7             29            8             2020          7 
 494.175       8             29            8             2020          7 
 577.05        9             29            8             2020          7 
 673.825       10            29            8             2020          7 
 780.0625      11            29            8             2020          7 
 817.15        12            29            8             2020          7 
 852.2375      13            29            8             2020          7 
 856.7375      14            29            8             2020          7 
 870.675       15            29            8             2020          7 
 798.5375      16            29            8             2020          7 
 764.625       17            29            8             2020          7 
 681.225       18            29            8             2020          7 
 580.3125      19            29            8             2020          7 
 464.7625      20            29            8             2020          7 
 396.375       21            29            8             2020          7 
 328.4875      22            29            8             2020          7 
 337.6375      23            29            8             2020          7 
 411.95        0             30            8             2020          1 
 445.6375      1             30            8             2020          1 
 538.55        2             30            8             2020          1 
 617.2125      3             30            8             2020          1 
 647.5         4             30            8             2020          1 
 817.4375      5             30            8             2020          1 
 837.8         6             30            8             2020          1 
 995           7             30            8             2020          1 
 1012.037      8             30            8             2020          1 
 1137.563      9             30            8             2020          1 
 1090.25       10            30            8             2020          1 
 1228.825      11            30            8             2020          1 
 1178.975      12            30            8             2020          1 
 1242.125      13            30            8             2020          1 
 1179.275      14            30            8             2020          1 
 1082.738      15            30            8             2020          1 
 1006.4        16            30            8             2020          1 
 857.1875      17            30            8             2020          1 
 796.6375      18            30            8             2020          1 
 734.45        19            30            8             2020          1 
 755           20            30            8             2020          1 
 729.6625      21            30            8             2020          1 
 811.2125      22            30            8             2020          1 
 776.625       23            30            8             2020          1 
 749.4         0             31            8             2020          2 
 672.1375      1             31            8             2020          2 
 619.1625      2             31            8             2020          2 
 520.1625      3             31            8             2020          2 
 448.9         4             31            8             2020          2 
 478.1375      5             31            8             2020          2 
 492.225       6             31            8             2020          2 
 542.2875      7             31            8             2020          2 
 692.1625      8             31            8             2020          2 
 801.68        9             31            8             2020          2 
 854.83        10            31            8             2020          2 
 1026.272      11            31            8             2020          2 
 1020.66       12            31            8             2020          2 
 942.7975      13            31            8             2020          2 
 918.105       14            31            8             2020          2 
 815.8675      15            31            8             2020          2 
 682.0125      16            31            8             2020          2 
 688.6375      17            31            8             2020          2 
 708.7125      18            31            8             2020          2 
 713.5375      19            31            8             2020          2 
 822.325       20            31            8             2020          2 
 844.5125      21            31            8             2020          2 
 846.725       22            31            8             2020          2 
 739.7375      23            31            8             2020          2 
