 175.425       0             1             4             2019          2 
 161.65        1             1             4             2019          2 
 170.3625      2             1             4             2019          2 
 202.0375      3             1             4             2019          2 
 248.9375      4             1             4             2019          2 
 289.025       5             1             4             2019          2 
 258.5         6             1             4             2019          2 
 234.1125      7             1             4             2019          2 
 44.25         8             1             4             2019          2 
-15.625        9             1             4             2019          2 
-108.625       10            1             4             2019          2 
-120.8625      11            1             4             2019          2 
-44.325        12            1             4             2019          2 
 34.0375       13            1             4             2019          2 
 99.8625       14            1             4             2019          2 
 141.7225      15            1             4             2019          2 
 231.6075      16            1             4             2019          2 
 229.4425      17            1             4             2019          2 
 225.5025      18            1             4             2019          2 
 207.74        19            1             4             2019          2 
 111.1425      20            1             4             2019          2 
 57.12001      21            1             4             2019          2 
-54.96499      22            1             4             2019          2 
-53.9125       23            1             4             2019          2 
-143.025       0             2             4             2019          3 
-198.475       1             2             4             2019          3 
-234.15        2             2             4             2019          3 
-295.025       3             2             4             2019          3 
-236.35        4             2             4             2019          3 
-186.725       5             2             4             2019          3 
-24.075        6             2             4             2019          3 
 166.9625      7             2             4             2019          3 
 279.175       8             2             4             2019          3 
 431.325       9             2             4             2019          3 
 496.1875      10            2             4             2019          3 
 496.575       11            2             4             2019          3 
 443.05        12            2             4             2019          3 
 377.5125      13            2             4             2019          3 
 283.7         14            2             4             2019          3 
 189.275       15            2             4             2019          3 
 180.95        16            2             4             2019          3 
 123.9875      17            2             4             2019          3 
 190.8625      18            2             4             2019          3 
 171.8         19            2             4             2019          3 
 184.425       20            2             4             2019          3 
 194.7625      21            2             4             2019          3 
 108.625       22            2             4             2019          3 
 46.5875       23            2             4             2019          3 
 15.9          0             3             4             2019          4 
 5.525         1             3             4             2019          4 
 31.5125       2             3             4             2019          4 
 91.225        3             3             4             2019          4 
 154.6         4             3             4             2019          4 
 192.425       5             3             4             2019          4 
 263.6375      6             3             4             2019          4 
 291.5375      7             3             4             2019          4 
 331.9875      8             3             4             2019          4 
 361.3375      9             3             4             2019          4 
 354.7375      10            3             4             2019          4 
 329.85        11            3             4             2019          4 
 303.9         12            3             4             2019          4 
 289.1625      13            3             4             2019          4 
 282.3         14            3             4             2019          4 
 329.675       15            3             4             2019          4 
 401.325       16            3             4             2019          4 
 413.9         17            3             4             2019          4 
 441.45        18            3             4             2019          4 
 418.05        19            3             4             2019          4 
 351.4375      20            3             4             2019          4 
 259.55        21            3             4             2019          4 
 193.6375      22            3             4             2019          4 
 108.7625      23            3             4             2019          4 
-37.375        0             4             4             2019          5 
-12.9          1             4             4             2019          5 
-125.4875      2             4             4             2019          5 
-69.65         3             4             4             2019          5 
-51.7125       4             4             4             2019          5 
 93.2125       5             4             4             2019          5 
-15.99502      6             4             4             2019          5 
 166.68        7             4             4             2019          5 
 146.9225      8             4             4             2019          5 
 262.0099      9             4             4             2019          5 
 340.785       10            4             4             2019          5 
 614.355       11            4             4             2019          5 
 653.3224      12            4             4             2019          5 
 759.23        13            4             4             2019          5 
 766.0975      14            4             4             2019          5 
 671.86        15            4             4             2019          5 
 429.16        16            4             4             2019          5 
 377.755       17            4             4             2019          5 
 179.7925      18            4             4             2019          5 
 162.85        19            4             4             2019          5 
 184.2         20            4             4             2019          5 
 318.95        21            4             4             2019          5 
 317.7875      22            4             4             2019          5 
 412.6         23            4             4             2019          5 
 340.7625      0             5             4             2019          6 
 270.5         1             5             4             2019          6 
 215.2125      2             5             4             2019          6 
 44.1375       3             5             4             2019          6 
 26.125        4             5             4             2019          6 
-44.7          5             5             4             2019          6 
 3.9875        6             5             4             2019          6 
 43.4875       7             5             4             2019          6 
 194.7875      8             5             4             2019          6 
 266.1375      9             5             4             2019          6 
 333.6125      10            5             4             2019          6 
 313.9375      11            5             4             2019          6 
 262.85        12            5             4             2019          6 
 177.5         13            5             4             2019          6 
 147.0375      14            5             4             2019          6 
 175.075       15            5             4             2019          6 
 291.1875      16            5             4             2019          6 
 362.525       17            5             4             2019          6 
 485.5625      18            5             4             2019          6 
 464.7         19            5             4             2019          6 
 456.0875      20            5             4             2019          6 
 340.3125      21            5             4             2019          6 
 293.8625      22            5             4             2019          6 
 205.05        23            5             4             2019          6 
 154.6         0             6             4             2019          7 
 63.3375       1             6             4             2019          7 
 30.2625       2             6             4             2019          7 
-60.6125       3             6             4             2019          7 
-76.675        4             6             4             2019          7 
-141.175       5             6             4             2019          7 
-93.95         6             6             4             2019          7 
-115.85        7             6             4             2019          7 
-43.5625       8             6             4             2019          7 
 3.3375        9             6             4             2019          7 
 109.1375      10            6             4             2019          7 
 113.525       11            6             4             2019          7 
 115.7375      12            6             4             2019          7 
 72.675        13            6             4             2019          7 
-51.1375       14            6             4             2019          7 
-75.85         15            6             4             2019          7 
-118.475       16            6             4             2019          7 
-37.9          17            6             4             2019          7 
-27            18            6             4             2019          7 
 111.775       19            6             4             2019          7 
 125.575       20            6             4             2019          7 
 214.3125      21            6             4             2019          7 
 250.575       22            6             4             2019          7 
 329.6625      23            6             4             2019          7 
 281.6875      0             7             4             2019          1 
 332.25        1             7             4             2019          1 
 239.15        2             7             4             2019          1 
 224.675       3             7             4             2019          1 
 137.5375      4             7             4             2019          1 
 222.1375      5             7             4             2019          1 
 174.4125      6             7             4             2019          1 
 315.7875      7             7             4             2019          1 
 354.85        8             7             4             2019          1 
 436.45        9             7             4             2019          1 
 475.6875      10            7             4             2019          1 
 533.4125      11            7             4             2019          1 
 529.2125      12            7             4             2019          1 
 541.3         13            7             4             2019          1 
 544.2625      14            7             4             2019          1 
 529.8875      15            7             4             2019          1 
 535.1125      16            7             4             2019          1 
 492.3         17            7             4             2019          1 
 403.1625      18            7             4             2019          1 
 354.6125      19            7             4             2019          1 
 229.1125      20            7             4             2019          1 
 165.0375      21            7             4             2019          1 
 106.3         22            7             4             2019          1 
 116.575       23            7             4             2019          1 
 75.8375       0             8             4             2019          2 
 129.1         1             8             4             2019          2 
 182.8963      2             8             4             2019          2 
 159.1925      3             8             4             2019          2 
 230.6888      4             8             4             2019          2 
 204.1101      5             8             4             2019          2 
 263.1725      6             8             4             2019          2 
 210.6138      7             8             4             2019          2 
 394.53        8             8             4             2019          2 
 406.8587      9             8             4             2019          2 
 573.925       10            8             4             2019          2 
 572.3625      11            8             4             2019          2 
 641.125       12            8             4             2019          2 
 563.875       13            8             4             2019          2 
 576.45        14            8             4             2019          2 
 546.6375      15            8             4             2019          2 
 560.2125      16            8             4             2019          2 
 498.4625      17            8             4             2019          2 
 461.4375      18            8             4             2019          2 
 385.7963      19            8             4             2019          2 
 350.8426      20            8             4             2019          2 
 325.8889      21            8             4             2019          2 
 363.0477      22            8             4             2019          2 
 347.1476      23            8             4             2019          2 
 279.6764      0             9             4             2019          3 
 292.2426      1             9             4             2019          3 
 188.6713      2             9             4             2019          3 
 214.3125      3             9             4             2019          3 
 213.3         4             9             4             2019          3 
 241.85        5             9             4             2019          3 
 224.45        6             9             4             2019          3 
 283.8125      7             9             4             2019          3 
 279.4375      8             9             4             2019          3 
 308.6375      9             9             4             2019          3 
 454.2375      10            9             4             2019          3 
 542.5125      11            9             4             2019          3 
 670.7625      12            9             4             2019          3 
 751.925       13            9             4             2019          3 
 758.025       14            9             4             2019          3 
 659.625       15            9             4             2019          3 
 571.35        16            9             4             2019          3 
 434.525       17            9             4             2019          3 
 317.7         18            9             4             2019          3 
 349.525       19            9             4             2019          3 
 235.425       20            9             4             2019          3 
 283           21            9             4             2019          3 
 189.5         22            9             4             2019          3 
 168.3375      23            9             4             2019          3 
 90.2375       0             10            4             2019          4 
 177.1         1             10            4             2019          4 
 88.35         2             10            4             2019          4 
 183.3125      3             10            4             2019          4 
 80.3          4             10            4             2019          4 
 106.8875      5             10            4             2019          4 
 44.45         6             10            4             2019          4 
 107           7             10            4             2019          4 
 197.55        8             10            4             2019          4 
 344.4625      9             10            4             2019          4 
 420.0875      10            10            4             2019          4 
 534.1125      11            10            4             2019          4 
 521.825       12            10            4             2019          4 
 467.8125      13            10            4             2019          4 
 417.3625      14            10            4             2019          4 
 373.175       15            10            4             2019          4 
 399.95        16            10            4             2019          4 
 416.65        17            10            4             2019          4 
 474.5375      18            10            4             2019          4 
 495.975       19            10            4             2019          4 
 449.8125      20            10            4             2019          4 
 385.125       21            10            4             2019          4 
 331.9875      22            10            4             2019          4 
 219.1         23            10            4             2019          4 
 205.975       0             11            4             2019          5 
 179.9         1             11            4             2019          5 
 173.5125      2             11            4             2019          5 
 206.9         3             11            4             2019          5 
 222.7625      4             11            4             2019          5 
 297.6625      5             11            4             2019          5 
 285.7875      6             11            4             2019          5 
 425.95        7             11            4             2019          5 
 378.075       8             11            4             2019          5 
 558.8         9             11            4             2019          5 
 461.6375      10            11            4             2019          5 
 556.05        11            11            4             2019          5 
 382.1125      12            11            4             2019          5 
 366.8875      13            11            4             2019          5 
 206.65        14            11            4             2019          5 
 225.7875      15            11            4             2019          5 
 189.75        16            11            4             2019          5 
 233.775       17            11            4             2019          5 
 279.65        18            11            4             2019          5 
 309.6875      19            11            4             2019          5 
 284.8625      20            11            4             2019          5 
 239.425       21            11            4             2019          5 
 164.9625      22            11            4             2019          5 
 87.4          23            11            4             2019          5 
-33.3125       0             12            4             2019          6 
-7.6125        1             12            4             2019          6 
-49.25         2             12            4             2019          6 
-1.6375        3             12            4             2019          6 
-3.7875        4             12            4             2019          6 
 105.95        5             12            4             2019          6 
 61.8875       6             12            4             2019          6 
 176.7125      7             12            4             2019          6 
 210.8625      8             12            4             2019          6 
 308.1375      9             12            4             2019          6 
 247.375       10            12            4             2019          6 
 339.775       11            12            4             2019          6 
 227.4         12            12            4             2019          6 
 177.0125      13            12            4             2019          6 
 150.8375      14            12            4             2019          6 
 131.15        15            12            4             2019          6 
 80.3375       16            12            4             2019          6 
 200.55        17            12            4             2019          6 
 182.6125      18            12            4             2019          6 
 227.4125      19            12            4             2019          6 
 246.45        20            12            4             2019          6 
 245.125       21            12            4             2019          6 
 179.3625      22            12            4             2019          6 
 214.0125      23            12            4             2019          6 
 161.35        0             13            4             2019          7 
 220.2         1             13            4             2019          7 
 92.2          2             13            4             2019          7 
 108.1         3             13            4             2019          7 
-32.9625       4             13            4             2019          7 
-52.05         5             13            4             2019          7 
-100.9875      6             13            4             2019          7 
 26.95         7             13            4             2019          7 
-16.0625       8             13            4             2019          7 
 136.05        9             13            4             2019          7 
 127.975       10            13            4             2019          7 
 150.175       11            13            4             2019          7 
 172.4         12            13            4             2019          7 
 179.9125      13            13            4             2019          7 
 165.2875      14            13            4             2019          7 
 170.5875      15            13            4             2019          7 
 140.775       16            13            4             2019          7 
 91.1          17            13            4             2019          7 
 116.8125      18            13            4             2019          7 
 114.6875      19            13            4             2019          7 
 177.7875      20            13            4             2019          7 
 165.55        21            13            4             2019          7 
 207.0875      22            13            4             2019          7 
 120.125       23            13            4             2019          7 
 91.6875       0             14            4             2019          1 
-19.525        1             14            4             2019          1 
-49.375        2             14            4             2019          1 
-98.775        3             14            4             2019          1 
-20.175        4             14            4             2019          1 
 68.9625       5             14            4             2019          1 
 192.65        6             14            4             2019          1 
 368.5625      7             14            4             2019          1 
 448.0125      8             14            4             2019          1 
 504.9         9             14            4             2019          1 
 433.66        10            14            4             2019          1 
 372.7475      11            14            4             2019          1 
 153.92        12            14            4             2019          1 
 150.245       13            14            4             2019          1 
 76.04502      14            14            4             2019          1 
 126.5225      15            14            4             2019          1 
 131.8475      16            14            4             2019          1 
 221.725       17            14            4             2019          1 
 138.625       18            14            4             2019          1 
 157.8         19            14            4             2019          1 
 119.125       20            14            4             2019          1 
 118.925       21            14            4             2019          1 
 148.9875      22            14            4             2019          1 
 137.4         23            14            4             2019          1 
 122.3875      0             15            4             2019          2 
-13.475        1             15            4             2019          2 
-67.3625       2             15            4             2019          2 
-195.425       3             15            4             2019          2 
-147.3875      4             15            4             2019          2 
-56.825        5             15            4             2019          2 
 163.3125      6             15            4             2019          2 
 316.875       7             15            4             2019          2 
 505.55        8             15            4             2019          2 
 566.95        9             15            4             2019          2 
 522.6875      10            15            4             2019          2 
 562.2875      11            15            4             2019          2 
 361.875       12            15            4             2019          2 
 281.8875      13            15            4             2019          2 
 72.8625       14            15            4             2019          2 
-53.65         15            15            4             2019          2 
-233.4875      16            15            4             2019          2 
-159.5875      17            15            4             2019          2 
-163.3         18            15            4             2019          2 
 10.2375       19            15            4             2019          2 
 149.05        20            15            4             2019          2 
 340.4875      21            15            4             2019          2 
 425           22            15            4             2019          2 
 541.2375      23            15            4             2019          2 
 542.85        0             16            4             2019          3 
 502.0375      1             16            4             2019          3 
 365.2625      2             16            4             2019          3 
 280.775       3             16            4             2019          3 
 127.4625      4             16            4             2019          3 
 123.63        5             16            4             2019          3 
 85.77998      6             16            4             2019          3 
 143.6975      7             16            4             2019          3 
 191.56        8             16            4             2019          3 
 240.8475      9             16            4             2019          3 
 200.2675      10            16            4             2019          3 
 222.63        11            16            4             2019          3 
 361.7375      12            16            4             2019          3 
 427.1375      13            16            4             2019          3 
 697.9125      14            16            4             2019          3 
 785.8625      15            16            4             2019          3 
 862.6125      16            16            4             2019          3 
 722.35        17            16            4             2019          3 
 608.875       18            16            4             2019          3 
 433.95        19            16            4             2019          3 
 420.4375      20            16            4             2019          3 
 364.6625      21            16            4             2019          3 
 414.3375      22            16            4             2019          3 
 420.575       23            16            4             2019          3 
 313.675       0             17            4             2019          4 
 204.775       1             17            4             2019          4 
 177.3375      2             17            4             2019          4 
 67.5875       3             17            4             2019          4 
 35.9125       4             17            4             2019          4 
 81.975        5             17            4             2019          4 
 134.4125      6             17            4             2019          4 
 186.2125      7             17            4             2019          4 
 293.7375      8             17            4             2019          4 
 420.725       9             17            4             2019          4 
 463.1125      10            17            4             2019          4 
 503.25        11            17            4             2019          4 
 615.3875      12            17            4             2019          4 
 509.3         13            17            4             2019          4 
 534.5375      14            17            4             2019          4 
 474.7375      15            17            4             2019          4 
 425.5         16            17            4             2019          4 
 322.4         17            17            4             2019          4 
 356.2875      18            17            4             2019          4 
 263.2875      19            17            4             2019          4 
 290.7125      20            17            4             2019          4 
 321.3875      21            17            4             2019          4 
 347.675       22            17            4             2019          4 
 370.9125      23            17            4             2019          4 
 398.6625      0             18            4             2019          5 
 365.25        1             18            4             2019          5 
 345.2125      2             18            4             2019          5 
 299.75        3             18            4             2019          5 
 264.45        4             18            4             2019          5 
 273.8625      5             18            4             2019          5 
 280.8375      6             18            4             2019          5 
 432.275       7             18            4             2019          5 
 416.9         8             18            4             2019          5 
 583.7125      9             18            4             2019          5 
 516.325       10            18            4             2019          5 
 597.2625      11            18            4             2019          5 
 379.6         12            18            4             2019          5 
 468.0125      13            18            4             2019          5 
 262.1375      14            18            4             2019          5 
 339.5125      15            18            4             2019          5 
 266.2125      16            18            4             2019          5 
 321.5875      17            18            4             2019          5 
 238.3375      18            18            4             2019          5 
 192.65        19            18            4             2019          5 
 139.825       20            18            4             2019          5 
 58.875        21            18            4             2019          5 
 71.325        22            18            4             2019          5 
 59.8125       23            18            4             2019          5 
 165.425       0             19            4             2019          6 
 117.5875      1             19            4             2019          6 
 196.1375      2             19            4             2019          6 
 147.8625      3             19            4             2019          6 
 148.5625      4             19            4             2019          6 
 127.0375      5             19            4             2019          6 
 250.6875      6             19            4             2019          6 
 314.6875      7             19            4             2019          6 
 450.8         8             19            4             2019          6 
 572.9625      9             19            4             2019          6 
 626.4125      10            19            4             2019          6 
 566.475       11            19            4             2019          6 
 537.1625      12            19            4             2019          6 
 439.05        13            19            4             2019          6 
 334.8125      14            19            4             2019          6 
 259.15        15            19            4             2019          6 
 249.175       16            19            4             2019          6 
 196.425       17            19            4             2019          6 
 212.2375      18            19            4             2019          6 
 231.3         19            19            4             2019          6 
 256.4375      20            19            4             2019          6 
 239.325       21            19            4             2019          6 
 237.2         22            19            4             2019          6 
 174.575       23            19            4             2019          6 
 121.375       0             20            4             2019          7 
 90.825        1             20            4             2019          7 
 95.7625       2             20            4             2019          7 
 106.7125      3             20            4             2019          7 
 157.4125      4             20            4             2019          7 
 183.625       5             20            4             2019          7 
 185.5375      6             20            4             2019          7 
 235.8375      7             20            4             2019          7 
 213.0375      8             20            4             2019          7 
 316.45        9             20            4             2019          7 
 313.4625      10            20            4             2019          7 
 399.3625      11            20            4             2019          7 
 362.5875      12            20            4             2019          7 
 358.7         13            20            4             2019          7 
 255.8125      14            20            4             2019          7 
 290.7875      15            20            4             2019          7 
 215.525       16            20            4             2019          7 
 185.3375      17            20            4             2019          7 
 186.5         18            20            4             2019          7 
 118.3125      19            20            4             2019          7 
 68.55         20            20            4             2019          7 
 70.8875       21            20            4             2019          7 
 85.425        22            20            4             2019          7 
 143.4         23            20            4             2019          7 
 236.1         0             21            4             2019          1 
 288.55        1             21            4             2019          1 
 317.6         2             21            4             2019          1 
 310.1         3             21            4             2019          1 
 292.8875      4             21            4             2019          1 
 256.4625      5             21            4             2019          1 
 183.675       6             21            4             2019          1 
 181.4875      7             21            4             2019          1 
 196.3125      8             21            4             2019          1 
 219.8875      9             21            4             2019          1 
 348.0875      10            21            4             2019          1 
 408.9625      11            21            4             2019          1 
 442.925       12            21            4             2019          1 
 451.3875      13            21            4             2019          1 
 398.4875      14            21            4             2019          1 
 351.5375      15            21            4             2019          1 
 312.55        16            21            4             2019          1 
 322.0375      17            21            4             2019          1 
 316.8125      18            21            4             2019          1 
 322.8         19            21            4             2019          1 
 273.025       20            21            4             2019          1 
 254.3625      21            21            4             2019          1 
 236.775       22            21            4             2019          1 
 180.95        23            21            4             2019          1 
 194.5         0             22            4             2019          2 
 143.3375      1             22            4             2019          2 
 149.6375      2             22            4             2019          2 
 74.4          3             22            4             2019          2 
 119.7125      4             22            4             2019          2 
 110.425       5             22            4             2019          2 
 72.5375       6             22            4             2019          2 
 149.3625      7             22            4             2019          2 
 140.6         8             22            4             2019          2 
 196.575       9             22            4             2019          2 
 233.45        10            22            4             2019          2 
 276.2125      11            22            4             2019          2 
 241.075       12            22            4             2019          2 
 163.95        13            22            4             2019          2 
 115.825       14            22            4             2019          2 
 10.9625       15            22            4             2019          2 
 95.6125       16            22            4             2019          2 
 81.0125       17            22            4             2019          2 
 218.8875      18            22            4             2019          2 
 247.65        19            22            4             2019          2 
 276.825       20            22            4             2019          2 
 252.55        21            22            4             2019          2 
 341.8         22            22            4             2019          2 
 328.3375      23            22            4             2019          2 
 494.0125      0             23            4             2019          3 
 568.0625      1             23            4             2019          3 
 674.55        2             23            4             2019          3 
 684.5625      3             23            4             2019          3 
 784.3125      4             23            4             2019          3 
 714.5212      5             23            4             2019          3 
 883.4926      6             23            4             2019          3 
 805.5513      7             23            4             2019          3 
 826.4601      8             23            4             2019          3 
 681.9601      9             23            4             2019          3 
 560.0888      10            23            4             2019          3 
 248.53        11            23            4             2019          3 
 199.7838      12            23            4             2019          3 
 2.7           13            23            4             2019          3 
 31.2875       14            23            4             2019          3 
 53.5125       15            23            4             2019          3 
 208.3         16            23            4             2019          3 
 260.3625      17            23            4             2019          3 
 394.8375      18            23            4             2019          3 
 428.6125      19            23            4             2019          3 
 407.25        20            23            4             2019          3 
 348.525       21            23            4             2019          3 
 281.975       22            23            4             2019          3 
 257.4375      23            23            4             2019          3 
 206.675       0             24            4             2019          4 
 270.55        1             24            4             2019          4 
 249.375       2             24            4             2019          4 
 288.525       3             24            4             2019          4 
 253.3375      4             24            4             2019          4 
 366.6875      5             24            4             2019          4 
 333.5875      6             24            4             2019          4 
 463.025       7             24            4             2019          4 
 457.075       8             24            4             2019          4 
 483.875       9             24            4             2019          4 
 406.6625      10            24            4             2019          4 
 365.3125      11            24            4             2019          4 
 281.4625      12            24            4             2019          4 
 248.8         13            24            4             2019          4 
 235.55        14            24            4             2019          4 
 258.4625      15            24            4             2019          4 
 294.475       16            24            4             2019          4 
 323.8125      17            24            4             2019          4 
 361.8875      18            24            4             2019          4 
 422.8625      19            24            4             2019          4 
 411.975       20            24            4             2019          4 
 466.95        21            24            4             2019          4 
 456.5         22            24            4             2019          4 
 449.15        23            24            4             2019          4 
 410.4125      0             25            4             2019          5 
 384.625       1             25            4             2019          5 
 305.9625      2             25            4             2019          5 
 343.2         3             25            4             2019          5 
 378.3125      4             25            4             2019          5 
 517.1875      5             25            4             2019          5 
 730.1125      6             25            4             2019          5 
 822.1125      7             25            4             2019          5 
 932.5125      8             25            4             2019          5 
 899.4125      9             25            4             2019          5 
 771.7625      10            25            4             2019          5 
 598.3875      11            25            4             2019          5 
 520.5125      12            25            4             2019          5 
 369.1375      13            25            4             2019          5 
 380.9         14            25            4             2019          5 
 381.175       15            25            4             2019          5 
 343.5875      16            25            4             2019          5 
 360.775       17            25            4             2019          5 
 312.45        18            25            4             2019          5 
 294.575       19            25            4             2019          5 
 253.5875      20            25            4             2019          5 
 269.95        21            25            4             2019          5 
 221.7125      22            25            4             2019          5 
 247.875       23            25            4             2019          5 
 220.4125      0             26            4             2019          6 
 177.4875      1             26            4             2019          6 
 164.875       2             26            4             2019          6 
 61.8          3             26            4             2019          6 
 56.7875       4             26            4             2019          6 
 52.0875       5             26            4             2019          6 
 125.175       6             26            4             2019          6 
 222.3625      7             26            4             2019          6 
 348.3875      8             26            4             2019          6 
 391.5         9             26            4             2019          6 
 358.475       10            26            4             2019          6 
 432.95        11            26            4             2019          6 
 204.4         12            26            4             2019          6 
 360.975       13            26            4             2019          6 
 202.2875      14            26            4             2019          6 
 334.575       15            26            4             2019          6 
 228.1625      16            26            4             2019          6 
 390.875       17            26            4             2019          6 
 259.775       18            26            4             2019          6 
 332.1625      19            26            4             2019          6 
 295.025       20            26            4             2019          6 
 234.675       21            26            4             2019          6 
 230.2625      22            26            4             2019          6 
 204.3125      23            26            4             2019          6 
 258.6125      0             27            4             2019          7 
 223.15        1             27            4             2019          7 
 298.625       2             27            4             2019          7 
 272.9         3             27            4             2019          7 
 238.7375      4             27            4             2019          7 
 263.7         5             27            4             2019          7 
 218.0125      6             27            4             2019          7 
 244.2625      7             27            4             2019          7 
 249.4375      8             27            4             2019          7 
 276.175       9             27            4             2019          7 
 235.2875      10            27            4             2019          7 
 218.5875      11            27            4             2019          7 
 158.3         12            27            4             2019          7 
 118.95        13            27            4             2019          7 
 93.2625       14            27            4             2019          7 
 119.65        15            27            4             2019          7 
 99.175        16            27            4             2019          7 
 179.375       17            27            4             2019          7 
 168.9375      18            27            4             2019          7 
 253.1125      19            27            4             2019          7 
 240.4125      20            27            4             2019          7 
 322.025       21            27            4             2019          7 
 256.05        22            27            4             2019          7 
 295.5125      23            27            4             2019          7 
 225.8125      0             28            4             2019          1 
 162.2375      1             28            4             2019          1 
 137.1         2             28            4             2019          1 
 112.325       3             28            4             2019          1 
 153.8625      4             28            4             2019          1 
 267.375       5             28            4             2019          1 
 427.5875      6             28            4             2019          1 
 572.375       7             28            4             2019          1 
 695.5         8             28            4             2019          1 
 713.8625      9             28            4             2019          1 
 616           10            28            4             2019          1 
 532.2625      11            28            4             2019          1 
 449.975       12            28            4             2019          1 
 410.1875      13            28            4             2019          1 
 469.075       14            28            4             2019          1 
 542.1875      15            28            4             2019          1 
 585.325       16            28            4             2019          1 
 584.425       17            28            4             2019          1 
 594.6375      18            28            4             2019          1 
 509.7875      19            28            4             2019          1 
 386.175       20            28            4             2019          1 
 336.5875      21            28            4             2019          1 
 223.575       22            28            4             2019          1 
 177.1875      23            28            4             2019          1 
 195.1625      0             29            4             2019          2 
 270.425       1             29            4             2019          2 
 285.3375      2             29            4             2019          2 
 379.4375      3             29            4             2019          2 
 407.8375      4             29            4             2019          2 
 526.175       5             29            4             2019          2 
 509.75        6             29            4             2019          2 
 696.3875      7             29            4             2019          2 
 660.65        8             29            4             2019          2 
 711.85        9             29            4             2019          2 
 594.85        10            29            4             2019          2 
 686.2375      11            29            4             2019          2 
 404.725       12            29            4             2019          2 
 488.425       13            29            4             2019          2 
 316.8875      14            29            4             2019          2 
 287.1625      15            29            4             2019          2 
 217.1         16            29            4             2019          2 
 303.025       17            29            4             2019          2 
 268.6375      18            29            4             2019          2 
 323.5625      19            29            4             2019          2 
 342.7625      20            29            4             2019          2 
 211.9625      21            29            4             2019          2 
 198.9875      22            29            4             2019          2 
 95.0625       23            29            4             2019          2 
 106.3625      0             30            4             2019          3 
 74.075        1             30            4             2019          3 
 169.6625      2             30            4             2019          3 
 116.45        3             30            4             2019          3 
 204.6         4             30            4             2019          3 
 215.9125      5             30            4             2019          3 
 280.1875      6             30            4             2019          3 
 401.1125      7             30            4             2019          3 
 557.6625      8             30            4             2019          3 
 667.8625      9             30            4             2019          3 
 721.525       10            30            4             2019          3 
 688.2         11            30            4             2019          3 
 558.125       12            30            4             2019          3 
 432.0625      13            30            4             2019          3 
 304.8125      14            30            4             2019          3 
 265.0875      15            30            4             2019          3 
 250.6875      16            30            4             2019          3 
 289.925       17            30            4             2019          3 
 283.2125      18            30            4             2019          3 
 394.4125      19            30            4             2019          3 
 374.4125      20            30            4             2019          3 
 455.65        21            30            4             2019          3 
 459.675       22            30            4             2019          3 
 472.725       23            30            4             2019          3 
