 625.225       0             1             10            2019          3 
 597.4625      1             1             10            2019          3 
 558.25        2             1             10            2019          3 
 443.8875      3             1             10            2019          3 
 382.45        4             1             10            2019          3 
 310.3875      5             1             10            2019          3 
 273.6         6             1             10            2019          3 
 336.75        7             1             10            2019          3 
 377.525       8             1             10            2019          3 
 496.475       9             1             10            2019          3 
 547.9375      10            1             10            2019          3 
 655.6875      11            1             10            2019          3 
 641.475       12            1             10            2019          3 
 699.45        13            1             10            2019          3 
 732.7         14            1             10            2019          3 
 698.35        15            1             10            2019          3 
 722.3875      16            1             10            2019          3 
 649.5875      17            1             10            2019          3 
 609.5625      18            1             10            2019          3 
 457.7625      19            1             10            2019          3 
 465.85        20            1             10            2019          3 
 401.175       21            1             10            2019          3 
 434.1375      22            1             10            2019          3 
 403.4375      23            1             10            2019          3 
 444.6625      0             2             10            2019          4 
 369.8625      1             2             10            2019          4 
 347.3875      2             2             10            2019          4 
 327.6625      3             2             10            2019          4 
 446.7125      4             2             10            2019          4 
 485.5         5             2             10            2019          4 
 534.05        6             2             10            2019          4 
 652.6375      7             2             10            2019          4 
 513.2375      8             2             10            2019          4 
 628.25        9             2             10            2019          4 
 562.7         10            2             10            2019          4 
 783.25        11            2             10            2019          4 
 731.375       12            2             10            2019          4 
 983.1625      13            2             10            2019          4 
 819.1375      14            2             10            2019          4 
 882.3375      15            2             10            2019          4 
 703.4625      16            2             10            2019          4 
 621.5375      17            2             10            2019          4 
 571.65        18            2             10            2019          4 
 598.9125      19            2             10            2019          4 
 500.1         20            2             10            2019          4 
 594.475       21            2             10            2019          4 
 556.55        22            2             10            2019          4 
 574.4375      23            2             10            2019          4 
 535.475       0             3             10            2019          5 
 623.5875      1             3             10            2019          5 
 628.625       2             3             10            2019          5 
 677.45        3             3             10            2019          5 
 877.0125      4             3             10            2019          5 
 887.55        5             3             10            2019          5 
 1080.025      6             3             10            2019          5 
 1084.375      7             3             10            2019          5 
 1212.45       8             3             10            2019          5 
 1123.9        9             3             10            2019          5 
 1187.938      10            3             10            2019          5 
 1061.438      11            3             10            2019          5 
 1007.075      12            3             10            2019          5 
 871.7875      13            3             10            2019          5 
 651.975       14            3             10            2019          5 
 464.425       15            3             10            2019          5 
 313.9875      16            3             10            2019          5 
 192.0875      17            3             10            2019          5 
 252.4875      18            3             10            2019          5 
 349.3125      19            3             10            2019          5 
 515.1         20            3             10            2019          5 
 629.3875      21            3             10            2019          5 
 794.1375      22            3             10            2019          5 
 789.4         23            3             10            2019          5 
 799.35        0             4             10            2019          6 
 723.075       1             4             10            2019          6 
 545.2         2             4             10            2019          6 
 426.925       3             4             10            2019          6 
 290.0875      4             4             10            2019          6 
 272.5         5             4             10            2019          6 
 331.775       6             4             10            2019          6 
 549.825       7             4             10            2019          6 
 682.825       8             4             10            2019          6 
 996.4625      9             4             10            2019          6 
 1071.963      10            4             10            2019          6 
 1192.488      11            4             10            2019          6 
 1126.5        12            4             10            2019          6 
 1026.15       13            4             10            2019          6 
 756.5         14            4             10            2019          6 
 728.3125      15            4             10            2019          6 
 515.8375      16            4             10            2019          6 
 590.8125      17            4             10            2019          6 
 632.825       18            4             10            2019          6 
 732           19            4             10            2019          6 
 721.8625      20            4             10            2019          6 
 793.8375      21            4             10            2019          6 
 700.15        22            4             10            2019          6 
 636.275       23            4             10            2019          6 
 561.75        0             5             10            2019          7 
 505.775       1             5             10            2019          7 
 434.825       2             5             10            2019          7 
 434.55        3             5             10            2019          7 
 416.75        4             5             10            2019          7 
 401.3125      5             5             10            2019          7 
 495.425       6             5             10            2019          7 
 524.1875      7             5             10            2019          7 
 646.3         8             5             10            2019          7 
 557.55        9             5             10            2019          7 
 930.6875      10            5             10            2019          7 
 553.0875      11            5             10            2019          7 
 901.35        12            5             10            2019          7 
 658.225       13            5             10            2019          7 
 782.35        14            5             10            2019          7 
 456.8875      15            5             10            2019          7 
 698.6125      16            5             10            2019          7 
 316.525       17            5             10            2019          7 
 397.3875      18            5             10            2019          7 
 350.0875      19            5             10            2019          7 
 320.5         20            5             10            2019          7 
 377.0425      21            5             10            2019          7 
 423.5925      22            5             10            2019          7 
 511.1475      23            5             10            2019          7 
 594.3224      0             6             10            2019          1 
 642.66        1             6             10            2019          1 
 666.68        2             6             10            2019          1 
 652.2925      3             6             10            2019          1 
 526.65        4             6             10            2019          1 
 477.025       5             6             10            2019          1 
 417.2375      6             6             10            2019          1 
 8.95          7             6             10            2019          1 
-117.5375      8             6             10            2019          1 
-380.15        9             6             10            2019          1 
-570.1125      10            6             10            2019          1 
-582.4375      11            6             10            2019          1 
-191.8125      12            6             10            2019          1 
-160.3375      13            6             10            2019          1 
 175.875       14            6             10            2019          1 
 409.3625      15            6             10            2019          1 
 409.825       16            6             10            2019          1 
 333.6         17            6             10            2019          1 
 557.6         18            6             10            2019          1 
 526.8375      19            6             10            2019          1 
 692.3375      20            6             10            2019          1 
 867.2375      21            6             10            2019          1 
 993.2         22            6             10            2019          1 
 760.9375      23            6             10            2019          1 
 792.775       0             7             10            2019          2 
 398.9625      1             7             10            2019          2 
 250.1375      2             7             10            2019          2 
 111.8625      3             7             10            2019          2 
 114.5375      4             7             10            2019          2 
 65.27129      5             7             10            2019          2 
 404.0676      6             7             10            2019          2 
 497.9264      7             7             10            2019          2 
 852.3776      8             7             10            2019          2 
 1103.728      9             7             10            2019          2 
 1191.724      10            7             10            2019          2 
 1134.802      11            7             10            2019          2 
 1045.406      12            7             10            2019          2 
 806.43        13            7             10            2019          2 
 648.8425      14            7             10            2019          2 
 634.875       15            7             10            2019          2 
 520.3875      16            7             10            2019          2 
 545.7         17            7             10            2019          2 
 465.2125      18            7             10            2019          2 
 465.8375      19            7             10            2019          2 
 423.6875      20            7             10            2019          2 
 463.2875      21            7             10            2019          2 
 541.4125      22            7             10            2019          2 
 609.975       23            7             10            2019          2 
 734.75        0             8             10            2019          3 
 746.25        1             8             10            2019          3 
 760.225       2             8             10            2019          3 
 658.3625      3             8             10            2019          3 
 630.4875      4             8             10            2019          3 
 541.7375      5             8             10            2019          3 
 638.7125      6             8             10            2019          3 
 691.0125      7             8             10            2019          3 
 825.175       8             8             10            2019          3 
 878.1125      9             8             10            2019          3 
 953.0375      10            8             10            2019          3 
 874.7         11            8             10            2019          3 
 864.0875      12            8             10            2019          3 
 628.9875      13            8             10            2019          3 
 521.75        14            8             10            2019          3 
 272.5625      15            8             10            2019          3 
 183.3875      16            8             10            2019          3 
 60.025        17            8             10            2019          3 
 137.55        18            8             10            2019          3 
 131.6125      19            8             10            2019          3 
 252.5         20            8             10            2019          3 
 272.75        21            8             10            2019          3 
 265           22            8             10            2019          3 
 237           23            8             10            2019          3 
 198.75        0             9             10            2019          4 
 156.5         1             9             10            2019          4 
 142.25        2             9             10            2019          4 
 146           3             9             10            2019          4 
 152           4             9             10            2019          4 
 192.95        5             9             10            2019          4 
 220.4375      6             9             10            2019          4 
 295.7         7             9             10            2019          4 
 365.75        8             9             10            2019          4 
 462.5625      9             9             10            2019          4 
 558.3125      10            9             10            2019          4 
 610.875       11            9             10            2019          4 
 610.55        12            9             10            2019          4 
 600.525       13            9             10            2019          4 
 583.95        14            9             10            2019          4 
 527.8125      15            9             10            2019          4 
 541.7375      16            9             10            2019          4 
 498.025       17            9             10            2019          4 
 460.25        18            9             10            2019          4 
 399.5125      19            9             10            2019          4 
 405.275       20            9             10            2019          4 
 429.1875      21            9             10            2019          4 
 461.1875      22            9             10            2019          4 
 485.9375      23            9             10            2019          4 
 490.4         0             10            10            2019          5 
 407.3875      1             10            10            2019          5 
 377.3625      2             10            10            2019          5 
 375.0625      3             10            10            2019          5 
 488.9         4             10            10            2019          5 
 518.2125      5             10            10            2019          5 
 490.275       6             10            10            2019          5 
 502.625       7             10            10            2019          5 
 360.5625      8             10            10            2019          5 
 287.7625      9             10            10            2019          5 
 358.675       10            10            10            2019          5 
 444.9125      11            10            10            2019          5 
 434.775       12            10            10            2019          5 
 610.45        13            10            10            2019          5 
 537.5625      14            10            10            2019          5 
 420.7         15            10            10            2019          5 
 437.3125      16            10            10            2019          5 
 391.6         17            10            10            2019          5 
 410.875       18            10            10            2019          5 
 533.5125      19            10            10            2019          5 
 621.1         20            10            10            2019          5 
 633.4         21            10            10            2019          5 
 684.0625      22            10            10            2019          5 
 606.6125      23            10            10            2019          5 
 523.6375      0             11            10            2019          6 
 369.775       1             11            10            2019          6 
 332.025       2             11            10            2019          6 
 194.975       3             11            10            2019          6 
 246.0875      4             11            10            2019          6 
 251.2875      5             11            10            2019          6 
 432.125       6             11            10            2019          6 
 496.2125      7             11            10            2019          6 
 628.7         8             11            10            2019          6 
 660.3625      9             11            10            2019          6 
 722.1         10            11            10            2019          6 
 704.075       11            11            10            2019          6 
 757.3125      12            11            10            2019          6 
 750           13            11            10            2019          6 
 739.6125      14            11            10            2019          6 
 693.0875      15            11            10            2019          6 
 623.8125      16            11            10            2019          6 
 542.625       17            11            10            2019          6 
 495.975       18            11            10            2019          6 
 435.1625      19            11            10            2019          6 
 413.2125      20            11            10            2019          6 
 403.575       21            11            10            2019          6 
 368.2         22            11            10            2019          6 
 385.5125      23            11            10            2019          6 
 411.475       0             12            10            2019          7 
 404.9875      1             12            10            2019          7 
 398.975       2             12            10            2019          7 
 341.825       3             12            10            2019          7 
 279.3125      4             12            10            2019          7 
 188.2         5             12            10            2019          7 
 198.0875      6             12            10            2019          7 
 235.9125      7             12            10            2019          7 
 320.5875      8             12            10            2019          7 
 453.4375      9             12            10            2019          7 
 501.85        10            12            10            2019          7 
 456.9125      11            12            10            2019          7 
 440.45        12            12            10            2019          7 
 356.5875      13            12            10            2019          7 
 278.3875      14            12            10            2019          7 
 325.3125      15            12            10            2019          7 
 368.45        16            12            10            2019          7 
 399.1         17            12            10            2019          7 
 562.6         18            12            10            2019          7 
 481.7625      19            12            10            2019          7 
 530.65        20            12            10            2019          7 
 408.1125      21            12            10            2019          7 
 365.75        22            12            10            2019          7 
 284.5625      23            12            10            2019          7 
 377.35        0             13            10            2019          1 
 318.0625      1             13            10            2019          1 
 530.5875      2             13            10            2019          1 
 480.025       3             13            10            2019          1 
 578.0125      4             13            10            2019          1 
 561.3875      5             13            10            2019          1 
 657.3625      6             13            10            2019          1 
 662.5375      7             13            10            2019          1 
 861.9125      8             13            10            2019          1 
 851.625       9             13            10            2019          1 
 954.55        10            13            10            2019          1 
 913.7625      11            13            10            2019          1 
 891.875       12            13            10            2019          1 
 782.125       13            13            10            2019          1 
 714.575       14            13            10            2019          1 
 551.0375      15            13            10            2019          1 
 481.575       16            13            10            2019          1 
 335.4875      17            13            10            2019          1 
 339.4875      18            13            10            2019          1 
 295.8         19            13            10            2019          1 
 374.2375      20            13            10            2019          1 
 355.6875      21            13            10            2019          1 
 438.725       22            13            10            2019          1 
 465.3125      23            13            10            2019          1 
 529.1375      0             14            10            2019          2 
 625.575       1             14            10            2019          2 
 700.6125      2             14            10            2019          2 
 724.1375      3             14            10            2019          2 
 693.3375      4             14            10            2019          2 
 612.4125      5             14            10            2019          2 
 504.7125      6             14            10            2019          2 
 432.15        7             14            10            2019          2 
 502.9625      8             14            10            2019          2 
 466.975       9             14            10            2019          2 
 573.8         10            14            10            2019          2 
 530.0125      11            14            10            2019          2 
 534.6625      12            14            10            2019          2 
 401.4125      13            14            10            2019          2 
 421.4125      14            14            10            2019          2 
 329.9125      15            14            10            2019          2 
 339.475       16            14            10            2019          2 
 316.3875      17            14            10            2019          2 
 335.475       18            14            10            2019          2 
 319.85        19            14            10            2019          2 
 376.3875      20            14            10            2019          2 
 429.775       21            14            10            2019          2 
 508.0375      22            14            10            2019          2 
 555.4375      23            14            10            2019          2 
 605.5875      0             15            10            2019          3 
 581.7125      1             15            10            2019          3 
 620.0875      2             15            10            2019          3 
 522.825       3             15            10            2019          3 
 589.975       4             15            10            2019          3 
 553.475       5             15            10            2019          3 
 650.0125      6             15            10            2019          3 
 648.1125      7             15            10            2019          3 
 1023.746      8             15            10            2019          3 
 1011.493      9             15            10            2019          3 
 1509.801      10            15            10            2019          3 
 1507.898      11            15            10            2019          3 
 1700.035      12            15            10            2019          3 
 1417.326      13            15            10            2019          3 
 1323.305      14            15            10            2019          3 
 838.0838      15            15            10            2019          3 
 638.875       16            15            10            2019          3 
 348.975       17            15            10            2019          3 
 270           18            15            10            2019          3 
 240           19            15            10            2019          3 
 282.6375      20            15            10            2019          3 
 401.45        21            15            10            2019          3 
 496.95        22            15            10            2019          3 
 549.3375      23            15            10            2019          3 
 538.75        0             16            10            2019          4 
 495.1375      1             16            10            2019          4 
 395.7125      2             16            10            2019          4 
 342.6         3             16            10            2019          4 
 323.8625      4             16            10            2019          4 
 352.1875      5             16            10            2019          4 
 390.225       6             16            10            2019          4 
 487.575       7             16            10            2019          4 
 536.075       8             16            10            2019          4 
 545.6375      9             16            10            2019          4 
 564.5375      10            16            10            2019          4 
 508.5         11            16            10            2019          4 
 499.3         12            16            10            2019          4 
 479.1125      13            16            10            2019          4 
 493.3125      14            16            10            2019          4 
 502.1125      15            16            10            2019          4 
 535.075       16            16            10            2019          4 
 439.3125      17            16            10            2019          4 
 419.375       18            16            10            2019          4 
 298.8375      19            16            10            2019          4 
 309.8         20            16            10            2019          4 
 267.7625      21            16            10            2019          4 
 410.675       22            16            10            2019          4 
 408.325       23            16            10            2019          4 
 545.0375      0             17            10            2019          5 
 496.85        1             17            10            2019          5 
 543.3         2             17            10            2019          5 
 447.0375      3             17            10            2019          5 
 428.85        4             17            10            2019          5 
 337.2         5             17            10            2019          5 
 297.075       6             17            10            2019          5 
 331.95        7             17            10            2019          5 
 351.3         8             17            10            2019          5 
 484.6625      9             17            10            2019          5 
 555.225       10            17            10            2019          5 
 625.5875      11            17            10            2019          5 
 537.6125      12            17            10            2019          5 
 611.6625      13            17            10            2019          5 
 442.075       14            17            10            2019          5 
 469.9         15            17            10            2019          5 
 439.7125      16            17            10            2019          5 
 396.675       17            17            10            2019          5 
 358.6375      18            17            10            2019          5 
 342.9125      19            17            10            2019          5 
 304.3375      20            17            10            2019          5 
 281.05        21            17            10            2019          5 
 305.95        22            17            10            2019          5 
 267.65        23            17            10            2019          5 
 320.8         0             18            10            2019          6 
 277.5         1             18            10            2019          6 
 333.95        2             18            10            2019          6 
 344.675       3             18            10            2019          6 
 342.1375      4             18            10            2019          6 
 365.4875      5             18            10            2019          6 
 420.9375      6             18            10            2019          6 
 430.6125      7             18            10            2019          6 
 551.6375      8             18            10            2019          6 
 661.825       9             18            10            2019          6 
 720.7         10            18            10            2019          6 
 742.625       11            18            10            2019          6 
 716.375       12            18            10            2019          6 
 594.3625      13            18            10            2019          6 
 362.6375      14            18            10            2019          6 
 265.3         15            18            10            2019          6 
 100.7125      16            18            10            2019          6 
-10.975        17            18            10            2019          6 
-2.9           18            18            10            2019          6 
 10.825        19            18            10            2019          6 
 3.825         20            18            10            2019          6 
 101.6375      21            18            10            2019          6 
 203.4375      22            18            10            2019          6 
 264.45        23            18            10            2019          6 
 445.975       0             19            10            2019          7 
 501.5         1             19            10            2019          7 
 579.8         2             19            10            2019          7 
 603.7625      3             19            10            2019          7 
 555.5625      4             19            10            2019          7 
 522.8375      5             19            10            2019          7 
 467.35        6             19            10            2019          7 
 369.6875      7             19            10            2019          7 
 319.1         8             19            10            2019          7 
 338           9             19            10            2019          7 
 284.7125      10            19            10            2019          7 
 363.675       11            19            10            2019          7 
 397.6         12            19            10            2019          7 
 432.0125      13            19            10            2019          7 
 407.8625      14            19            10            2019          7 
 419.5125      15            19            10            2019          7 
 365.4125      16            19            10            2019          7 
 331.9625      17            19            10            2019          7 
 355.0875      18            19            10            2019          7 
 357.875       19            19            10            2019          7 
 408.0125      20            19            10            2019          7 
 410.6875      21            19            10            2019          7 
 473.225       22            19            10            2019          7 
 408.35        23            19            10            2019          7 
 387.3625      0             20            10            2019          1 
 340.5875      1             20            10            2019          1 
 325.0125      2             20            10            2019          1 
 328.5875      3             20            10            2019          1 
 366.575       4             20            10            2019          1 
 411.4375      5             20            10            2019          1 
 462.3625      6             20            10            2019          1 
 505.8625      7             20            10            2019          1 
 536.0875      8             20            10            2019          1 
 467.775       9             20            10            2019          1 
 421.75        10            20            10            2019          1 
 325.325       11            20            10            2019          1 
 304.5         12            20            10            2019          1 
 350.1625      13            20            10            2019          1 
 463.0875      14            20            10            2019          1 
 521.2125      15            20            10            2019          1 
 583.4         16            20            10            2019          1 
 575.5375      17            20            10            2019          1 
 496.2875      18            20            10            2019          1 
 495.3875      19            20            10            2019          1 
 460.025       20            20            10            2019          1 
 448.25        21            20            10            2019          1 
 423.45        22            20            10            2019          1 
 432.4875      23            20            10            2019          1 
 358.075       0             21            10            2019          2 
 335.875       1             21            10            2019          2 
 324.425       2             21            10            2019          2 
 267.275       3             21            10            2019          2 
 235.2         4             21            10            2019          2 
 237.8125      5             21            10            2019          2 
 271.85        6             21            10            2019          2 
 321.35        7             21            10            2019          2 
 444.6625      8             21            10            2019          2 
 456.0375      9             21            10            2019          2 
 528.625       10            21            10            2019          2 
 502.2125      11            21            10            2019          2 
 481.9625      12            21            10            2019          2 
 458.2875      13            21            10            2019          2 
 463.0625      14            21            10            2019          2 
 391.4         15            21            10            2019          2 
 424.0125      16            21            10            2019          2 
 374.1125      17            21            10            2019          2 
 358.7         18            21            10            2019          2 
 323.025       19            21            10            2019          2 
 350.425       20            21            10            2019          2 
 320.3375      21            21            10            2019          2 
 362.5         22            21            10            2019          2 
 373           23            21            10            2019          2 
 497.5         0             22            10            2019          3 
 494.3625      1             22            10            2019          3 
 561.35        2             22            10            2019          3 
 568.175       3             22            10            2019          3 
 611.9875      4             22            10            2019          3 
 581           5             22            10            2019          3 
 743.175       6             22            10            2019          3 
 771.6125      7             22            10            2019          3 
 881.3875      8             22            10            2019          3 
 921.725       9             22            10            2019          3 
 927.175       10            22            10            2019          3 
 818.8         11            22            10            2019          3 
 751.5875      12            22            10            2019          3 
 570.2375      13            22            10            2019          3 
 444.7875      14            22            10            2019          3 
 327.225       15            22            10            2019          3 
 74.025        16            22            10            2019          3 
 63.1          17            22            10            2019          3 
-64.45         18            22            10            2019          3 
-40.6625       19            22            10            2019          3 
 43.275        20            22            10            2019          3 
 278.8375      21            22            10            2019          3 
 314.9125      22            22            10            2019          3 
 496.7625      23            22            10            2019          3 
 475.525       0             23            10            2019          4 
 346.9875      1             23            10            2019          4 
 312.425       2             23            10            2019          4 
 188.7875      3             23            10            2019          4 
 211.9125      4             23            10            2019          4 
 205.2125      5             23            10            2019          4 
 307.5375      6             23            10            2019          4 
 310.4875      7             23            10            2019          4 
 409.4875      8             23            10            2019          4 
 379.5         9             23            10            2019          4 
 397.7         10            23            10            2019          4 
 332.43        11            23            10            2019          4 
 294.78        12            23            10            2019          4 
 239.9975      13            23            10            2019          4 
 292.6475      14            23            10            2019          4 
 279.9225      15            23            10            2019          4 
 414.83        16            23            10            2019          4 
 470.63        17            23            10            2019          4 
 536.4625      18            23            10            2019          4 
 530.425       19            23            10            2019          4 
 596.375       20            23            10            2019          4 
 497.6375      21            23            10            2019          4 
 498.525       22            23            10            2019          4 
 458.3875      23            23            10            2019          4 
 339.925       0             24            10            2019          5 
 358.1125      1             24            10            2019          5 
 205.4875      2             24            10            2019          5 
 229.8125      3             24            10            2019          5 
 147.575       4             24            10            2019          5 
 208.0375      5             24            10            2019          5 
 130.5125      6             24            10            2019          5 
 241.3         7             24            10            2019          5 
 312.4         8             24            10            2019          5 
 372.1125      9             24            10            2019          5 
 531.375       10            24            10            2019          5 
 505.6375      11            24            10            2019          5 
 621.7         12            24            10            2019          5 
 465.925       13            24            10            2019          5 
 567.925       14            24            10            2019          5 
 447.6625      15            24            10            2019          5 
 492.35        16            24            10            2019          5 
 438.1         17            24            10            2019          5 
 459.2875      18            24            10            2019          5 
 387.525       19            24            10            2019          5 
 342.4625      20            24            10            2019          5 
 301.7625      21            24            10            2019          5 
 168.9375      22            24            10            2019          5 
 156.25        23            24            10            2019          5 
 86.7          0             25            10            2019          6 
 142.2125      1             25            10            2019          6 
 210.175       2             25            10            2019          6 
 372.2625      3             25            10            2019          6 
 412.6375      4             25            10            2019          6 
 548.0625      5             25            10            2019          6 
 570.3125      6             25            10            2019          6 
 643.6625      7             25            10            2019          6 
 645.7625      8             25            10            2019          6 
 681.8         9             25            10            2019          6 
 636.8375      10            25            10            2019          6 
 551.1125      11            25            10            2019          6 
 453.375       12            25            10            2019          6 
 318.3         13            25            10            2019          6 
 257.85        14            25            10            2019          6 
 176.3875      15            25            10            2019          6 
 192.25        16            25            10            2019          6 
 165.3125      17            25            10            2019          6 
 247.975       18            25            10            2019          6 
 219.175       19            25            10            2019          6 
 297.125       20            25            10            2019          6 
 293.3125      21            25            10            2019          6 
 318.5875      22            25            10            2019          6 
 316.2375      23            25            10            2019          6 
 324.1         0             26            10            2019          7 
 278.275       1             26            10            2019          7 
 251.2         2             26            10            2019          7 
 226.6         3             26            10            2019          7 
 211.4875      4             26            10            2019          7 
 222.1875      5             26            10            2019          7 
 236.925       6             26            10            2019          7 
 256.325       7             26            10            2019          7 
 266.2125      8             26            10            2019          7 
 192.7375      9             26            10            2019          7 
 234.55        10            26            10            2019          7 
 207.3375      11            26            10            2019          7 
 251.275       12            26            10            2019          7 
 363.6         13            26            10            2019          7 
 475.3         14            26            10            2019          7 
 503.4625      15            26            10            2019          7 
 544.4625      16            26            10            2019          7 
 503.1875      17            26            10            2019          7 
 384.925       18            26            10            2019          7 
 350.45        19            26            10            2019          7 
 278.825       20            26            10            2019          7 
 248.975       21            26            10            2019          7 
 336.175       22            26            10            2019          7 
 315.3         23            26            10            2019          7 
 488.4125      0             27            10            2019          1 
 471.725       1             27            10            2019          1 
 492.5         2             27            10            2019          1 
 394.9625      3             27            10            2019          1 
 295           4             27            10            2019          1 
 218.025       5             27            10            2019          1 
 189.3125      6             27            10            2019          1 
 254.4125      7             27            10            2019          1 
 251.05        8             27            10            2019          1 
 344.275       9             27            10            2019          1 
 202.25        10            27            10            2019          1 
 192.575       11            27            10            2019          1 
 70.675        12            27            10            2019          1 
 21.5125       13            27            10            2019          1 
 8.6           14            27            10            2019          1 
 28.8125       15            27            10            2019          1 
 41.575        16            27            10            2019          1 
 140.5875      17            27            10            2019          1 
 87.05         18            27            10            2019          1 
 246.0125      19            27            10            2019          1 
 175.3125      20            27            10            2019          1 
 300.325       21            27            10            2019          1 
 269.2375      22            27            10            2019          1 
 412.1375      23            27            10            2019          1 
 312.8625      0             28            10            2019          2 
 399.0875      1             28            10            2019          2 
 302.3125      2             28            10            2019          2 
 248.3625      3             28            10            2019          2 
 183.525       4             28            10            2019          2 
 149.375       5             28            10            2019          2 
 289.675       6             28            10            2019          2 
 295.425       7             28            10            2019          2 
 479.7625      8             28            10            2019          2 
 522.225       9             28            10            2019          2 
 543.75        10            28            10            2019          2 
 440.075       11            28            10            2019          2 
 493.5375      12            28            10            2019          2 
 387.025       13            28            10            2019          2 
 495.675       14            28            10            2019          2 
 556.125       15            28            10            2019          2 
 650.7         16            28            10            2019          2 
 624.65        17            28            10            2019          2 
 619.925       18            28            10            2019          2 
 492.2125      19            28            10            2019          2 
 469.75        20            28            10            2019          2 
 377.65        21            28            10            2019          2 
 403.4375      22            28            10            2019          2 
 388.525       23            28            10            2019          2 
 414.8         0             29            10            2019          3 
 396.65        1             29            10            2019          3 
 418.1         2             29            10            2019          3 
 412.675       3             29            10            2019          3 
 254.905       4             29            10            2019          3 
 248.7925      5             29            10            2019          3 
 44.45996      6             29            10            2019          3 
-103.9775      7             29            10            2019          3 
-138.9775      8             29            10            2019          3 
 9.05498       9             29            10            2019          3 
 2.41748       10            29            10            2019          3 
 303.175       11            29            10            2019          3 
 424.0375      12            29            10            2019          3 
 488.0125      13            29            10            2019          3 
 589.525       14            29            10            2019          3 
 683.3125      15            29            10            2019          3 
 654.475       16            29            10            2019          3 
 668.5875      17            29            10            2019          3 
 609.4375      18            29            10            2019          3 
 397.7625      19            29            10            2019          3 
 302.875       20            29            10            2019          3 
 112.8625      21            29            10            2019          3 
 68.8125       22            29            10            2019          3 
 49.025        23            29            10            2019          3 
 207.6625      0             30            10            2019          4 
 210.3125      1             30            10            2019          4 
 412.525       2             30            10            2019          4 
 428.2375      3             30            10            2019          4 
 459.75        4             30            10            2019          4 
 433.3375      5             30            10            2019          4 
 521.8375      6             30            10            2019          4 
 473.0625      7             30            10            2019          4 
 662.8         8             30            10            2019          4 
 702.1125      9             30            10            2019          4 
 771.925       10            30            10            2019          4 
 733.925       11            30            10            2019          4 
 684.325       12            30            10            2019          4 
 491.7375      13            30            10            2019          4 
 323.25        14            30            10            2019          4 
 223.45        15            30            10            2019          4 
 56.05         16            30            10            2019          4 
 44.225        17            30            10            2019          4 
 50.4625       18            30            10            2019          4 
 228.7875      19            30            10            2019          4 
 310.2125      20            30            10            2019          4 
 562.9125      21            30            10            2019          4 
 626.825       22            30            10            2019          4 
 732.8125      23            30            10            2019          4 
 664.45        0             31            10            2019          5 
 650.6375      1             31            10            2019          5 
 533.3625      2             31            10            2019          5 
 496.6875      3             31            10            2019          5 
 453.85        4             31            10            2019          5 
 497.1375      5             31            10            2019          5 
 441.6         6             31            10            2019          5 
 474.4625      7             31            10            2019          5 
 460.2625      8             31            10            2019          5 
 384.15        9             31            10            2019          5 
 419.3         10            31            10            2019          5 
 417.0375      11            31            10            2019          5 
 428.175       12            31            10            2019          5 
 499.7875      13            31            10            2019          5 
 537.675       14            31            10            2019          5 
 487.325       15            31            10            2019          5 
 502.45        16            31            10            2019          5 
 427.15        17            31            10            2019          5 
 372.125       18            31            10            2019          5 
 366.9875      19            31            10            2019          5 
 364.8375      20            31            10            2019          5 
 349.05        21            31            10            2019          5 
 378.7875      22            31            10            2019          5 
 246.5         23            31            10            2019          5 
