 352.45        0             1             7             2019          2 
 341.0875      1             1             7             2019          2 
 328.025       2             1             7             2019          2 
 387.9875      3             1             7             2019          2 
 584.45        4             1             7             2019          2 
 650.575       5             1             7             2019          2 
 871.68        6             1             7             2019          2 
 870.8175      7             1             7             2019          2 
 1005.21       8             1             7             2019          2 
 880.1725      9             1             7             2019          2 
 832.8724      10            1             7             2019          2 
 703.205       11            1             7             2019          2 
 646.98        12            1             7             2019          2 
 608.45        13            1             7             2019          2 
 668.225       14            1             7             2019          2 
 891.4875      15            1             7             2019          2 
 939.975       16            1             7             2019          2 
 1075.525      17            1             7             2019          2 
 1048.938      18            1             7             2019          2 
 957.7125      19            1             7             2019          2 
 778.575       20            1             7             2019          2 
 710.675       21            1             7             2019          2 
 593.2875      22            1             7             2019          2 
 580.05        23            1             7             2019          2 
 571.975       0             2             7             2019          3 
 571.6875      1             2             7             2019          3 
 612.65        2             2             7             2019          3 
 568.4         3             2             7             2019          3 
 644.5875      4             2             7             2019          3 
 686.8         5             2             7             2019          3 
 742.3875      6             2             7             2019          3 
 749.25        7             2             7             2019          3 
 824.225       8             2             7             2019          3 
 737.5625      9             2             7             2019          3 
 713.875       10            2             7             2019          3 
 660.2125      11            2             7             2019          3 
 658.1125      12            2             7             2019          3 
 657.8212      13            2             7             2019          3 
 868.6426      14            2             7             2019          3 
 920.7638      15            2             7             2019          3 
 1147.898      16            2             7             2019          3 
 1197.448      17            2             7             2019          3 
 1247.539      18            2             7             2019          3 
 1148.293      19            2             7             2019          3 
 1101.709      20            2             7             2019          3 
 891.3125      21            2             7             2019          3 
 770.95        22            2             7             2019          3 
 626.6875      23            2             7             2019          3 
 462.425       0             3             7             2019          4 
 367.4         1             3             7             2019          4 
 262.4375      2             3             7             2019          4 
 245.925       3             3             7             2019          4 
 243.3         4             3             7             2019          4 
 314.4         5             3             7             2019          4 
 411.5625      6             3             7             2019          4 
 514.725       7             3             7             2019          4 
 572.825       8             3             7             2019          4 
 651.4125      9             3             7             2019          4 
 638.8375      10            3             7             2019          4 
 630.575       11            3             7             2019          4 
 707.2         12            3             7             2019          4 
 706.5125      13            3             7             2019          4 
 746.875       14            3             7             2019          4 
 848.5625      15            3             7             2019          4 
 832.9625      16            3             7             2019          4 
 843.55        17            3             7             2019          4 
 860.8875      18            3             7             2019          4 
 819.3375      19            3             7             2019          4 
 755.175       20            3             7             2019          4 
 783.525       21            3             7             2019          4 
 685.55        22            3             7             2019          4 
 711.6625      23            3             7             2019          4 
 666.975       0             4             7             2019          5 
 659.3375      1             4             7             2019          5 
 608.725       2             4             7             2019          5 
 609.7375      3             4             7             2019          5 
 548.3125      4             4             7             2019          5 
 604.7         5             4             7             2019          5 
 730.95        6             4             7             2019          5 
 770.7375      7             4             7             2019          5 
 915.7625      8             4             7             2019          5 
 918.5625      9             4             7             2019          5 
 880.95        10            4             7             2019          5 
 723.5125      11            4             7             2019          5 
 651.4625      12            4             7             2019          5 
 483.2375      13            4             7             2019          5 
 481.8875      14            4             7             2019          5 
 516.3875      15            4             7             2019          5 
 560.1125      16            4             7             2019          5 
 641.975       17            4             7             2019          5 
 676.15        18            4             7             2019          5 
 745.3625      19            4             7             2019          5 
 744.475       20            4             7             2019          5 
 852.7125      21            4             7             2019          5 
 724.725       22            4             7             2019          5 
 676.6125      23            4             7             2019          5 
 484.275       0             5             7             2019          6 
 334.0625      1             5             7             2019          6 
 177.8125      2             5             7             2019          6 
 234.3625      3             5             7             2019          6 
 277.65        4             5             7             2019          6 
 410.275       5             5             7             2019          6 
 567.6         6             5             7             2019          6 
 625.4         7             5             7             2019          6 
 703.5875      8             5             7             2019          6 
 708.575       9             5             7             2019          6 
 728.7875      10            5             7             2019          6 
 660.0125      11            5             7             2019          6 
 678.6125      12            5             7             2019          6 
 650.8875      13            5             7             2019          6 
 702.7         14            5             7             2019          6 
 699.45        15            5             7             2019          6 
 747.2625      16            5             7             2019          6 
 632.1         17            5             7             2019          6 
 618.225       18            5             7             2019          6 
 514.45        19            5             7             2019          6 
 459.8         20            5             7             2019          6 
 424.075       21            5             7             2019          6 
 416.8375      22            5             7             2019          6 
 353.0375      23            5             7             2019          6 
 223.025       0             6             7             2019          7 
 180.2875      1             6             7             2019          7 
 42.5125       2             6             7             2019          7 
 59.7875       3             6             7             2019          7 
 102.0875      4             6             7             2019          7 
 246.9375      5             6             7             2019          7 
 371.1         6             6             7             2019          7 
 558.525       7             6             7             2019          7 
 641.125       8             6             7             2019          7 
 656.675       9             6             7             2019          7 
 634.4625      10            6             7             2019          7 
 500.375       11            6             7             2019          7 
 418.2         12            6             7             2019          7 
 307.9625      13            6             7             2019          7 
 272.2375      14            6             7             2019          7 
 285.1         15            6             7             2019          7 
 323.3625      16            6             7             2019          7 
 322.7125      17            6             7             2019          7 
 335.5125      18            6             7             2019          7 
 295.65        19            6             7             2019          7 
 282.7125      20            6             7             2019          7 
 292.5125      21            6             7             2019          7 
 325.7875      22            6             7             2019          7 
 412.1125      23            6             7             2019          7 
 454.5875      0             7             7             2019          1 
 432.55        1             7             7             2019          1 
 411.7125      2             7             7             2019          1 
 349.1         3             7             7             2019          1 
 292.95        4             7             7             2019          1 
 389.7625      5             7             7             2019          1 
 574.375       6             7             7             2019          1 
 799.3125      7             7             7             2019          1 
 1022.638      8             7             7             2019          1 
 1213.35       9             7             7             2019          1 
 1239.05       10            7             7             2019          1 
 1131.875      11            7             7             2019          1 
 1098.95       12            7             7             2019          1 
 1010.875      13            7             7             2019          1 
 1028.463      14            7             7             2019          1 
 1068.625      15            7             7             2019          1 
 1171.8        16            7             7             2019          1 
 1088.188      17            7             7             2019          1 
 1081.588      18            7             7             2019          1 
 934.9375      19            7             7             2019          1 
 840.5         20            7             7             2019          1 
 762.05        21            7             7             2019          1 
 683.5875      22            7             7             2019          1 
 737.4625      23            7             7             2019          1 
 795.4125      0             8             7             2019          2 
 906.2625      1             8             7             2019          2 
 973.75        2             8             7             2019          2 
 1025.713      3             8             7             2019          2 
 938.1375      4             8             7             2019          2 
 871.0375      5             8             7             2019          2 
 773.9125      6             8             7             2019          2 
 717.175       7             8             7             2019          2 
 706.35        8             8             7             2019          2 
 687.5         9             8             7             2019          2 
 645.2625      10            8             7             2019          2 
 608.4875      11            8             7             2019          2 
 544.0875      12            8             7             2019          2 
 539.025       13            8             7             2019          2 
 563.1875      14            8             7             2019          2 
 579.5375      15            8             7             2019          2 
 619.1         16            8             7             2019          2 
 625.175       17            8             7             2019          2 
 646.6375      18            8             7             2019          2 
 584.175       19            8             7             2019          2 
 621.4125      20            8             7             2019          2 
 518.1         21            8             7             2019          2 
 533.0875      22            8             7             2019          2 
 429.275       23            8             7             2019          2 
 336.7625      0             9             7             2019          3 
 255.725       1             9             7             2019          3 
 193.775       2             9             7             2019          3 
 179.9125      3             9             7             2019          3 
 237.575       4             9             7             2019          3 
 401.525       5             9             7             2019          3 
 472.0125      6             9             7             2019          3 
 644.7375      7             9             7             2019          3 
 686.15        8             9             7             2019          3 
 700.8875      9             9             7             2019          3 
 668.725       10            9             7             2019          3 
 647.1125      11            9             7             2019          3 
 589.6125      12            9             7             2019          3 
 579.15        13            9             7             2019          3 
 568.1875      14            9             7             2019          3 
 597.275       15            9             7             2019          3 
 599.75        16            9             7             2019          3 
 628.8375      17            9             7             2019          3 
 623.7         18            9             7             2019          3 
 658.525       19            9             7             2019          3 
 724.55        20            9             7             2019          3 
 715.25        21            9             7             2019          3 
 767.8125      22            9             7             2019          3 
 719.3625      23            9             7             2019          3 
 666.875       0             10            7             2019          4 
 537.3125      1             10            7             2019          4 
 530.925       2             10            7             2019          4 
 413.6625      3             10            7             2019          4 
 459.575       4             10            7             2019          4 
 488.175       5             10            7             2019          4 
 582.8875      6             10            7             2019          4 
 591.1         7             10            7             2019          4 
 712.1         8             10            7             2019          4 
 698.2875      9             10            7             2019          4 
 749.5625      10            10            7             2019          4 
 733.6         11            10            7             2019          4 
 807.3125      12            10            7             2019          4 
 786.7375      13            10            7             2019          4 
 837.4625      14            10            7             2019          4 
 830.775       15            10            7             2019          4 
 856.6375      16            10            7             2019          4 
 838.95        17            10            7             2019          4 
 852.5375      18            10            7             2019          4 
 840.7         19            10            7             2019          4 
 819.35        20            10            7             2019          4 
 763.575       21            10            7             2019          4 
 694.6625      22            10            7             2019          4 
 671.8125      23            10            7             2019          4 
 564.65        0             11            7             2019          5 
 552.2875      1             11            7             2019          5 
 476.075       2             11            7             2019          5 
 471.9125      3             11            7             2019          5 
 393.5125      4             11            7             2019          5 
 500.65        5             11            7             2019          5 
 498.45        6             11            7             2019          5 
 592.5125      7             11            7             2019          5 
 637.425       8             11            7             2019          5 
 558.2875      9             11            7             2019          5 
 801.575       10            11            7             2019          5 
 689.625       11            11            7             2019          5 
 1019.213      12            11            7             2019          5 
 1018.85       13            11            7             2019          5 
 1278.613      14            11            7             2019          5 
 1076.037      15            11            7             2019          5 
 1251.387      16            11            7             2019          5 
 952.7875      17            11            7             2019          5 
 925.9125      18            11            7             2019          5 
 834.85        19            11            7             2019          5 
 764.05        20            11            7             2019          5 
 693.5375      21            11            7             2019          5 
 632.75        22            11            7             2019          5 
 557.3375      23            11            7             2019          5 
 452.1875      0             12            7             2019          6 
 399.875       1             12            7             2019          6 
 346.65        2             12            7             2019          6 
 294.0125      3             12            7             2019          6 
 334.7875      4             12            7             2019          6 
 354.625       5             12            7             2019          6 
 412.8625      6             12            7             2019          6 
 498.8875      7             12            7             2019          6 
 606.5625      8             12            7             2019          6 
 673.8375      9             12            7             2019          6 
 717.1625      10            12            7             2019          6 
 687.8         11            12            7             2019          6 
 650.1125      12            12            7             2019          6 
 575.225       13            12            7             2019          6 
 560.0875      14            12            7             2019          6 
 531.8875      15            12            7             2019          6 
 547.3625      16            12            7             2019          6 
 528.6125      17            12            7             2019          6 
 532.325       18            12            7             2019          6 
 529.1375      19            12            7             2019          6 
 550.5625      20            12            7             2019          6 
 522.9375      21            12            7             2019          6 
 530.7875      22            12            7             2019          6 
 427.075       23            12            7             2019          6 
 380.975       0             13            7             2019          7 
 307.05        1             13            7             2019          7 
 334.225       2             13            7             2019          7 
 348.8125      3             13            7             2019          7 
 468.6         4             13            7             2019          7 
 375.95        5             13            7             2019          7 
 428.775       6             13            7             2019          7 
 322.9375      7             13            7             2019          7 
 323.375       8             13            7             2019          7 
 405.0875      9             13            7             2019          7 
 487.8625      10            13            7             2019          7 
 567.9375      11            13            7             2019          7 
 624.3125      12            13            7             2019          7 
 597.65        13            13            7             2019          7 
 506.9875      14            13            7             2019          7 
 534.4125      15            13            7             2019          7 
 417.325       16            13            7             2019          7 
 423.4375      17            13            7             2019          7 
 415.2375      18            13            7             2019          7 
 336.325       19            13            7             2019          7 
 337.625       20            13            7             2019          7 
 334.6625      21            13            7             2019          7 
 325.9375      22            13            7             2019          7 
 301.975       23            13            7             2019          7 
 333.7875      0             14            7             2019          1 
 302           1             14            7             2019          1 
 335.85        2             14            7             2019          1 
 401.75        3             14            7             2019          1 
 466.4625      4             14            7             2019          1 
 569.8625      5             14            7             2019          1 
 682.5125      6             14            7             2019          1 
 773.25        7             14            7             2019          1 
 836.75        8             14            7             2019          1 
 879.7625      9             14            7             2019          1 
 883.325       10            14            7             2019          1 
 833.55        11            14            7             2019          1 
 825.0625      12            14            7             2019          1 
 763.4625      13            14            7             2019          1 
 756.15        14            14            7             2019          1 
 749.5375      15            14            7             2019          1 
 776.6375      16            14            7             2019          1 
 873.025       17            14            7             2019          1 
 918.2         18            14            7             2019          1 
 1017.138      19            14            7             2019          1 
 1027.25       20            14            7             2019          1 
 1014.688      21            14            7             2019          1 
 859.5625      22            14            7             2019          1 
 830.7875      23            14            7             2019          1 
 625.9         0             15            7             2019          2 
 638.5         1             15            7             2019          2 
 438.775       2             15            7             2019          2 
 453.6125      3             15            7             2019          2 
 311.525       4             15            7             2019          2 
 380.6625      5             15            7             2019          2 
 327.725       6             15            7             2019          2 
 520.2875      7             15            7             2019          2 
 497.025       8             15            7             2019          2 
 596.8375      9             15            7             2019          2 
 592.175       10            15            7             2019          2 
 580.3         11            15            7             2019          2 
 564.2875      12            15            7             2019          2 
 587.925       13            15            7             2019          2 
 608.4125      14            15            7             2019          2 
 628.4625      15            15            7             2019          2 
 643.6625      16            15            7             2019          2 
 647.2125      17            15            7             2019          2 
 647.8375      18            15            7             2019          2 
 658.6625      19            15            7             2019          2 
 628.8125      20            15            7             2019          2 
 612.5875      21            15            7             2019          2 
 559.6875      22            15            7             2019          2 
 544.1875      23            15            7             2019          2 
 513.4125      0             16            7             2019          3 
 424.975       1             16            7             2019          3 
 433.4875      2             16            7             2019          3 
 349.625       3             16            7             2019          3 
 368.125       4             16            7             2019          3 
 419.325       5             16            7             2019          3 
 621.3375      6             16            7             2019          3 
 687.475       7             16            7             2019          3 
 902.9625      8             16            7             2019          3 
 938.2         9             16            7             2019          3 
 963.85        10            16            7             2019          3 
 917.9125      11            16            7             2019          3 
 999.305       12            16            7             2019          3 
 995.6175      13            16            7             2019          3 
 1070.622      14            16            7             2019          3 
 1072.86       15            16            7             2019          3 
 1063.36       16            16            7             2019          3 
 951.6425      17            16            7             2019          3 
 922.555       18            16            7             2019          3 
 832.75        19            16            7             2019          3 
 805.2         20            16            7             2019          3 
 750.125       21            16            7             2019          3 
 685.375       22            16            7             2019          3 
 620.7         23            16            7             2019          3 
 530.9375      0             17            7             2019          4 
 515.0375      1             17            7             2019          4 
 483.6875      2             17            7             2019          4 
 506.8625      3             17            7             2019          4 
 535.675       4             17            7             2019          4 
 634.9875      5             17            7             2019          4 
 754.125       6             17            7             2019          4 
 886.625       7             17            7             2019          4 
 981.825       8             17            7             2019          4 
 988.4725      9             17            7             2019          4 
 872.71        10            17            7             2019          4 
 728.0325      11            17            7             2019          4 
 617.27        12            17            7             2019          4 
 545.495       13            17            7             2019          4 
 592.0725      14            17            7             2019          4 
 739.8225      15            17            7             2019          4 
 795.125       16            17            7             2019          4 
 867.15        17            17            7             2019          4 
 852.725       18            17            7             2019          4 
 792.65        19            17            7             2019          4 
 706.8875      20            17            7             2019          4 
 650.3375      21            17            7             2019          4 
 556.325       22            17            7             2019          4 
 457.025       23            17            7             2019          4 
 359.3375      0             18            7             2019          5 
 208.8875      1             18            7             2019          5 
 150.575       2             18            7             2019          5 
 103.725       3             18            7             2019          5 
 185.9625      4             18            7             2019          5 
 321.9875      5             18            7             2019          5 
 405.275       6             18            7             2019          5 
 506.175       7             18            7             2019          5 
 537.1125      8             18            7             2019          5 
 655.625       9             18            7             2019          5 
 764.05        10            18            7             2019          5 
 975.0875      11            18            7             2019          5 
 1038.975      12            18            7             2019          5 
 1178.425      13            18            7             2019          5 
 1067.55       14            18            7             2019          5 
 1064.525      15            18            7             2019          5 
 920.5625      16            18            7             2019          5 
 850.225       17            18            7             2019          5 
 739.375       18            18            7             2019          5 
 690.1         19            18            7             2019          5 
 544.975       20            18            7             2019          5 
 533.9         21            18            7             2019          5 
 488.2         22            18            7             2019          5 
 467.4375      23            18            7             2019          5 
 471.325       0             19            7             2019          6 
 407.65        1             19            7             2019          6 
 304.625       2             19            7             2019          6 
 228.925       3             19            7             2019          6 
 214.275       4             19            7             2019          6 
 250.3375      5             19            7             2019          6 
 329.775       6             19            7             2019          6 
 483.875       7             19            7             2019          6 
 580.475       8             19            7             2019          6 
 628.5875      9             19            7             2019          6 
 676.475       10            19            7             2019          6 
 671.9375      11            19            7             2019          6 
 684.9875      12            19            7             2019          6 
 764.2375      13            19            7             2019          6 
 771.625       14            19            7             2019          6 
 794.5         15            19            7             2019          6 
 763.15        16            19            7             2019          6 
 726.275       17            19            7             2019          6 
 663.0625      18            19            7             2019          6 
 654.9125      19            19            7             2019          6 
 576.325       20            19            7             2019          6 
 509.0625      21            19            7             2019          6 
 366.1         22            19            7             2019          6 
 383           23            19            7             2019          6 
 289.7         0             20            7             2019          7 
 358.8125      1             20            7             2019          7 
 390.225       2             20            7             2019          7 
 419.3125      3             20            7             2019          7 
 291.975       4             20            7             2019          7 
 342.2875      5             20            7             2019          7 
 209.45        6             20            7             2019          7 
 250.425       7             20            7             2019          7 
 302.3875      8             20            7             2019          7 
 382.7         9             20            7             2019          7 
 420.55        10            20            7             2019          7 
 526.95        11            20            7             2019          7 
 499.7         12            20            7             2019          7 
 565.675       13            20            7             2019          7 
 518.0125      14            20            7             2019          7 
 501.4125      15            20            7             2019          7 
 399.25        16            20            7             2019          7 
 399.1125      17            20            7             2019          7 
 325.875       18            20            7             2019          7 
 359.8125      19            20            7             2019          7 
 347.6375      20            20            7             2019          7 
 369.5125      21            20            7             2019          7 
 355.35        22            20            7             2019          7 
 273.9875      23            20            7             2019          7 
 289.275       0             21            7             2019          1 
 199.4125      1             21            7             2019          1 
 273.15        2             21            7             2019          1 
 284.6875      3             21            7             2019          1 
 457.2875      4             21            7             2019          1 
 515.05        5             21            7             2019          1 
 720.575       6             21            7             2019          1 
 743.8375      7             21            7             2019          1 
 863.6875      8             21            7             2019          1 
 812.45        9             21            7             2019          1 
 851.1375      10            21            7             2019          1 
 813.6875      11            21            7             2019          1 
 859.15        12            21            7             2019          1 
 837.7875      13            21            7             2019          1 
 911.85        14            21            7             2019          1 
 924.425       15            21            7             2019          1 
 953.1875      16            21            7             2019          1 
 952.875       17            21            7             2019          1 
 931.5875      18            21            7             2019          1 
 912.2875      19            21            7             2019          1 
 843.3         20            21            7             2019          1 
 790.9625      21            21            7             2019          1 
 805.625       22            21            7             2019          1 
 700.5625      23            21            7             2019          1 
 656.2375      0             22            7             2019          2 
 560.975       1             22            7             2019          2 
 491.7625      2             22            7             2019          2 
 353.2         3             22            7             2019          2 
 439.7125      4             22            7             2019          2 
 441.4125      5             22            7             2019          2 
 553.3625      6             22            7             2019          2 
 636.4125      7             22            7             2019          2 
 704.7625      8             22            7             2019          2 
 677.8625      9             22            7             2019          2 
 668.275       10            22            7             2019          2 
 642.65        11            22            7             2019          2 
 530.75        12            22            7             2019          2 
 523.3625      13            22            7             2019          2 
 410.5125      14            22            7             2019          2 
 450.875       15            22            7             2019          2 
 397.0125      16            22            7             2019          2 
 504.2375      17            22            7             2019          2 
 465.7625      18            22            7             2019          2 
 589.7125      19            22            7             2019          2 
 572.4375      20            22            7             2019          2 
 616.3375      21            22            7             2019          2 
 528.8125      22            22            7             2019          2 
 495.325       23            22            7             2019          2 
 335.6125      0             23            7             2019          3 
 227.825       1             23            7             2019          3 
 197.425       2             23            7             2019          3 
 241.2625      3             23            7             2019          3 
 260.725       4             23            7             2019          3 
 484.7375      5             23            7             2019          3 
 552.6         6             23            7             2019          3 
 620.9125      7             23            7             2019          3 
 682.8625      8             23            7             2019          3 
 713.1375      9             23            7             2019          3 
 622.8375      10            23            7             2019          3 
 602.8875      11            23            7             2019          3 
 519.2375      12            23            7             2019          3 
 381.1667      13            23            7             2019          3 
 414.4375      14            23            7             2019          3 
 372.0667      15            23            7             2019          3 
 458.425       16            23            7             2019          3 
 470.6         17            23            7             2019          3 
 524.0083      18            23            7             2019          3 
 526.525       19            23            7             2019          3 
 598.6708      20            23            7             2019          3 
 541.9375      21            23            7             2019          3 
 562.5375      22            23            7             2019          3 
 502.85        23            23            7             2019          3 
 402.1875      0             24            7             2019          4 
 329.85        1             24            7             2019          4 
 409.275       2             24            7             2019          4 
 351.1875      3             24            7             2019          4 
 584.7125      4             24            7             2019          4 
 699.575       5             24            7             2019          4 
 847.075       6             24            7             2019          4 
 864.225       7             24            7             2019          4 
 944.9625      8             24            7             2019          4 
 803.2875      9             24            7             2019          4 
 761.8125      10            24            7             2019          4 
 705.4125      11            24            7             2019          4 
 619.4         12            24            7             2019          4 
 783.275       13            24            7             2019          4 
 821.15        14            24            7             2019          4 
 976.8         15            24            7             2019          4 
 1114.85       16            24            7             2019          4 
 1145.088      17            24            7             2019          4 
 1117.438      18            24            7             2019          4 
 1088.875      19            24            7             2019          4 
 998.2875      20            24            7             2019          4 
 821.4875      21            24            7             2019          4 
 816.7125      22            24            7             2019          4 
 694.1625      23            24            7             2019          4 
 684.975       0             25            7             2019          5 
 648.4625      1             25            7             2019          5 
 657.5375      2             25            7             2019          5 
 638.9875      3             25            7             2019          5 
 651.4875      4             25            7             2019          5 
 733.9         5             25            7             2019          5 
 796.925       6             25            7             2019          5 
 896.7375      7             25            7             2019          5 
 967.0625      8             25            7             2019          5 
 1131.6        9             25            7             2019          5 
 1016.975      10            25            7             2019          5 
 1119.088      11            25            7             2019          5 
 984.725       12            25            7             2019          5 
 919.0125      13            25            7             2019          5 
 873.8875      14            25            7             2019          5 
 923.4625      15            25            7             2019          5 
 875.5625      16            25            7             2019          5 
 921.7         17            25            7             2019          5 
 928.5375      18            25            7             2019          5 
 765.4         19            25            7             2019          5 
 776.825       20            25            7             2019          5 
 645.925       21            25            7             2019          5 
 642.8625      22            25            7             2019          5 
 641.35        23            25            7             2019          5 
 545.075       0             26            7             2019          6 
 617.9         1             26            7             2019          6 
 381.6875      2             26            7             2019          6 
 435.0625      3             26            7             2019          6 
 329.3375      4             26            7             2019          6 
 443.9625      5             26            7             2019          6 
 413.2625      6             26            7             2019          6 
 590.175       7             26            7             2019          6 
 554.625       8             26            7             2019          6 
 573.925       9             26            7             2019          6 
 591.275       10            26            7             2019          6 
 523.3875      11            26            7             2019          6 
 628.9875      12            26            7             2019          6 
 592           13            26            7             2019          6 
 703.8125      14            26            7             2019          6 
 693.925       15            26            7             2019          6 
 733.75        16            26            7             2019          6 
 657.5375      17            26            7             2019          6 
 651.2625      18            26            7             2019          6 
 551.7625      19            26            7             2019          6 
 457.6125      20            26            7             2019          6 
 374.0625      21            26            7             2019          6 
 393.075       22            26            7             2019          6 
 413.85        23            26            7             2019          6 
 532.625       0             27            7             2019          7 
 644.4         1             27            7             2019          7 
 685.825       2             27            7             2019          7 
 657.225       3             27            7             2019          7 
 609.1125      4             27            7             2019          7 
 488.25        5             27            7             2019          7 
 402.275       6             27            7             2019          7 
 360.425       7             27            7             2019          7 
 368.8375      8             27            7             2019          7 
 374.6625      9             27            7             2019          7 
 367.275       10            27            7             2019          7 
 350.475       11            27            7             2019          7 
 275.725       12            27            7             2019          7 
 207.2125      13            27            7             2019          7 
 162.95        14            27            7             2019          7 
 133.3625      15            27            7             2019          7 
 125.225       16            27            7             2019          7 
 127.325       17            27            7             2019          7 
 222.0375      18            27            7             2019          7 
 263.425       19            27            7             2019          7 
 425.5125      20            27            7             2019          7 
 490.1375      21            27            7             2019          7 
 596.4125      22            27            7             2019          7 
 529.6125      23            27            7             2019          7 
 582.225       0             28            7             2019          1 
 553.775       1             28            7             2019          1 
 641.45        2             28            7             2019          1 
 713.075       3             28            7             2019          1 
 815.1625      4             28            7             2019          1 
 859.1         5             28            7             2019          1 
 866.2875      6             28            7             2019          1 
 861.9625      7             28            7             2019          1 
 886.0125      8             28            7             2019          1 
 888.15        9             28            7             2019          1 
 933.9875      10            28            7             2019          1 
 981.8125      11            28            7             2019          1 
 954.5125      12            28            7             2019          1 
 1085.363      13            28            7             2019          1 
 1134.85       14            28            7             2019          1 
 1175.55       15            28            7             2019          1 
 1230.575      16            28            7             2019          1 
 1210.463      17            28            7             2019          1 
 1195.75       18            28            7             2019          1 
 1209.988      19            28            7             2019          1 
 1222.6        20            28            7             2019          1 
 1160.4        21            28            7             2019          1 
 1137.85       22            28            7             2019          1 
 966.075       23            28            7             2019          1 
 827.7375      0             29            7             2019          2 
 649.475       1             29            7             2019          2 
 555.0125      2             29            7             2019          2 
 482.0375      3             29            7             2019          2 
 473.3875      4             29            7             2019          2 
 524.6         5             29            7             2019          2 
 543.775       6             29            7             2019          2 
 644.3125      7             29            7             2019          2 
 699.5375      8             29            7             2019          2 
 737.1         9             29            7             2019          2 
 741.55        10            29            7             2019          2 
 808.1         11            29            7             2019          2 
 794.2         12            29            7             2019          2 
 895.925       13            29            7             2019          2 
 966.2625      14            29            7             2019          2 
 986.1625      15            29            7             2019          2 
 999.2375      16            29            7             2019          2 
 912.25        17            29            7             2019          2 
 806.6625      18            29            7             2019          2 
 700.175       19            29            7             2019          2 
 648.925       20            29            7             2019          2 
 666.0625      21            29            7             2019          2 
 679.8         22            29            7             2019          2 
 771.3375      23            29            7             2019          2 
 773.85        0             30            7             2019          3 
 778.0875      1             30            7             2019          3 
 719.5375      2             30            7             2019          3 
 715.3375      3             30            7             2019          3 
 648.475       4             30            7             2019          3 
 690.1875      5             30            7             2019          3 
 739.8625      6             30            7             2019          3 
 770.825       7             30            7             2019          3 
 857.0125      8             30            7             2019          3 
 860.8625      9             30            7             2019          3 
 908.9375      10            30            7             2019          3 
 865.2875      11            30            7             2019          3 
 954.4875      12            30            7             2019          3 
 862.775       13            30            7             2019          3 
 926.975       14            30            7             2019          3 
 800.1375      15            30            7             2019          3 
 780.7125      16            30            7             2019          3 
 606.65        17            30            7             2019          3 
 622.7625      18            30            7             2019          3 
 538.425       19            30            7             2019          3 
 611.4125      20            30            7             2019          3 
 638.8         21            30            7             2019          3 
 681.275       22            30            7             2019          3 
 672.1875      23            30            7             2019          3 
 953.2875      0             31            7             2019          4 
 847.575       1             31            7             2019          4 
 1124.813      2             31            7             2019          4 
 1057.775      3             31            7             2019          4 
 1122.625      4             31            7             2019          4 
 888.125       5             31            7             2019          4 
 1137.287      6             31            7             2019          4 
 1029.537      7             31            7             2019          4 
 1279.55       8             31            7             2019          4 
 1433.463      9             31            7             2019          4 
 1514.1        10            31            7             2019          4 
 1456.5        11            31            7             2019          4 
 1374.15       12            31            7             2019          4 
 1278.675      13            31            7             2019          4 
 1189.3        14            31            7             2019          4 
 1156.55       15            31            7             2019          4 
 1250.35       16            31            7             2019          4 
 1204.063      17            31            7             2019          4 
 1256.113      18            31            7             2019          4 
 1192.613      19            31            7             2019          4 
 1148.238      20            31            7             2019          4 
 979.15        21            31            7             2019          4 
 950.4625      22            31            7             2019          4 
 807.525       23            31            7             2019          4 
