 3472.5875     1             12            2018          7 
   5.65212522064554E-02    3.70257040170312E-02    2.01830771797338E-02    8.1459431566432E-03    2.75586999458594E-02    9.33849776581629E-02    .105767674998403    .146245416739971    .150118604007233    6.67693767404731E-02   -3.42683938663325E-03   -6.20538728114865E-02   -.111696249554547   -.11366524065887   -.044570509424596   -1.99742995825902E-02    2.90165465803935E-02    7.64559568333411E-02    7.78526116630655E-02    .101926880807764    9.48428242926969E-02    9.68730072018299E-02    .078093784533867    8.86046787877915E-02 
 4842.4125     2             12            2018          1 
   4.77473767252345E-02    5.48383657511558E-02    3.63145448892501E-02    3.25173648251743E-02   -1.04519181786063E-02   -1.15051126945255E-02   -4.36662504378225E-02   -3.71947873197002E-02   -.041691511606713   -1.27441645101236E-02   -1.21943347942912E-02    2.17221271422044E-02    5.53236623060271E-02    6.27915321133836E-02    9.20512244671432E-02    .091160655974682    9.79470435021735E-02    8.11682168326157E-02    9.72113564866621E-02    8.58533815103461E-02    .09134393490993    8.32358870707524E-02    7.83054933878516E-02    5.99159018788736E-02 
 4057.4625     3             12            2018          2 
   5.58846816205942E-02    4.90454317199481E-02    1.07764393322479E-02   -8.60143538624914E-03   -6.76839271306396E-03   -2.17777744222547E-02    9.95696239358439E-03    4.35278214035885E-02    6.46031848723186E-02    6.45415700083488E-02    7.79982578036188E-02    5.26745487120375E-02    3.63373660261802E-02    4.16732117416943E-02    2.67809002483994E-02    4.83707482073444E-02    2.69380192797242E-02    5.31551438988673E-02    3.49879990009727E-02    5.23079395192828E-02    4.37527134006745E-02    7.36728898401325E-02    7.49606420013702E-02    9.52011248154442E-02 
 3594.8375     4             12            2018          3 
   .1079951475146    .102974053150655    8.08172814199486E-02    6.99996862022949E-02    .041309238595625    3.88925785936082E-02    2.28383058967536E-02    1.89055837783708E-02    1.45555955625086E-02    2.02303994197571E-02   -2.8478339259382E-03   -.021037112247772   -2.70318207851559E-02   -5.25267128064181E-02   -3.73208819879941E-02   -9.46843869135144E-03    2.82036383976305E-02    5.82328113291587E-02    9.68506938362348E-02    .10504647289342    .101857874272068    9.49104097194936E-02    8.11232774777719E-02    6.54897482992647E-02 
 5695.4124     5             12            2018          4 
   .0306474733945517272814168821    .0346397216117308730795332749    .0311259286509261383776177472    .0369946871626012543007421201    .0258168311042761363514255789    .0291668957984499945956503519    .0066070685241335640593822495    .0078633392728505489786832644    .0055259317130397791738487629    .0283052373871995643370794361    .0381192764899693655195188324    .0784412029583669832231990786    .0821560349168042686426008413    .091477133420575479310330539    .0798932488189968473573573004    .0716256297788023216720882231    .0475865452693118412285649411    .0470685845330533044455218028    .0345321789164907531542404199    .034633137365083518798392896    .0384103001917824247459235788    .0308757272783266756942833499    .043881809155733832373578426    .0446060762869428032990201026 
 1794.8375     6             12            2018          5 
   .209608108754405    .250127100642816    .313858503740328    .241916057697163    .253755569630694    .183700470876324    .093183923335678    .100761214373733    9.00638603196581E-02    6.09456270822524E-02    7.94570556118634E-02    9.55030781914884E-02   -3.87221673787467E-03    2.02177068810525E-02   -.412690577511369   -.402787160397529   -.883394763497044   -.857048040778413   -.99992336418861   -9.40196535898097E-04   -.175036740709683    .9183349260814    .838188408312556    .986071448081128 
 4018.7005     7             12            2018          6 
   .192363175059442    .257014185831807   -5.60815626381457E-03    4.29896422856698E-02    4.84360538677825E-02    7.96743872801668E-02    .077988520444237    .102197218281639    9.79421099192427E-02    9.57367904856231E-02    5.04422994190496E-02    2.69894463461208E-02   -1.63454579409438E-02   -4.32726932242113E-02   -.098965447635743   -7.80600625020529E-02   -9.86139643382155E-02   -6.67255481956131E-02   -2.65073253221729E-02    3.57702695187163E-02    4.58108301684875E-02    .101391605046578    9.22250861939077E-02    8.71270482104927E-02 
 4103.325      8             12            2018          7 
   7.40710277640694E-02    5.42730582998525E-02    3.68573054904883E-02    2.81418114514744E-02    2.04437856977554E-02    2.30087790935695E-02    3.19405603991885E-02    7.20452316109497E-02    7.07505498589558E-02    7.62917847825772E-02    7.66695316855271E-02    4.42963930344884E-02    8.78251137166105E-03    1.14632641757894E-02    1.30077439524469E-03    2.65638232409083E-02    3.75640479241206E-02    6.50569994350999E-02    3.53859362707663E-02    4.29042308498005E-02    1.16582287598177E-02    4.01442747292782E-02    3.28392218505724E-02    7.75468704543343E-02 
 5413.6125     9             12            2018          1 
   .050987209353548    6.16386008418593E-02    4.15388061114459E-02    3.00792666443127E-02    .021628349189359    2.76017175318252E-02    2.72530599675384E-02    3.53507015878953E-02    3.74749762750843E-02    .031769452108321    .022912149414854    .018252599350249    5.71476070738347E-03    4.10539180288019E-03    2.40574113961348E-02    3.06611348802224E-02    5.50625841610356E-02    7.33244228705012E-02    8.77741042220825E-02    .070936919459323    8.90371285730242E-02    5.79211201392785E-02    5.61062484233899E-02    3.88118844951976E-02 
 4661.36248    10            12            2018          2 
   .0604866069115483162339265236    .0174519789758980511637876315    .0410850906407089800062062541    .0162801113034230283674484804    .0172803553350779105254221723    .0062535364123838745104414193    .0239736773270633954216750807   -.000321794326537763696935236    .007744516792008846306241346   -.0174627054534493099536854727   -.020023651968812346041795059   -.0175136562218177892057002184    .007504239404269628909013744    .0401315067864020735842881715    .0711642789899488786377325455    .0992569236966956493801786468    .0978303021823782303237657673    .0926054349671600737645273191    .0672346339390452209586584221    .0775819305088670126336109351    .0499451610980487404618230848    .0848732536243351750666684905    .082695778681429640717406727    .0939424903939244819252932246 
 3583.15       11            12            2018          3 
   .101949398655643    9.03639272995871E-02    5.24887311299393E-02    2.40465787014557E-02    4.41999347460482E-03    4.23161195637072E-03   -1.09819567905673E-02   -5.62703218717322E-03    8.26437610400361E-03    3.34482225064876E-02    1.00016749301254E-02    3.92985222499756E-02    7.85621579295599E-03   -3.83042864001499E-03    7.30502469532689E-03    1.34099882050879E-02    3.96543527054364E-02    6.14089575104351E-02    9.24710084413112E-02    8.83963796639741E-02    .10865788311862    8.77335550543429E-02    .080627379232375    6.44056190492958E-02 
 1476.325      12            12            2018          4 
   .156511946895162    .145741964745917    .174885272551776    .193072328994981    .19887220368382    .151821243254867    .161101040689878    5.70165803950741E-02    6.75748882856026E-02   -2.26914798884566E-03   -1.11679333731127E-02   -.050581682930085   -4.27158654090393E-02   -.11144225959493   -6.93698870330863E-02   -.169957499943113   -.14136453487426   -.164834982882167   -9.59392389536465E-02   -5.76177332226983E-02    8.51184518816122E-02    .121975172775806    .185536725384665    .218032961717123 
 5816.95009    13            12            2018          5 
   .0455780083889287762481042707    .0439469990363970958533701292    .0319991571390635741211938093    .0328028429069777354751207776    .0194410297922979084732012889    .0427371725996706978794105486    .0359187369269657942002387028    .0421290360426661319351289122    .0406269602357891298324686159    .0285158025139596822636654254    .0094551266813430747520819798    .0090962616459375535058097774    .0125188094917967570184189082    .025703761883231148713534862    .0449550530697436326121202804    .0750689782865233419941548785    .0720712733500520717034379781    .0826229884327578956414941494    .0646309482088061030621632856    .0793471996250186152104323797    .0385253434416178736716649395    .0581404335205495978391659193    .0314232539684726777499306342    .0327448228114331302436875473 
 3208.225      14            12            2018          6 
   1.70226524751414E-02    3.22335554626378E-02    2.16903432664102E-02    5.37135010631244E-02    .063734621512991    8.74471047987497E-02    6.59320945059914E-02    7.31790924565716E-02    5.42706646359772E-02    7.73246879343694E-02    2.48696704483386E-02    5.34290787284295E-02   -9.93540041611795E-04   -1.16964993184327E-02   -3.74895780457664E-02   -1.85460807767535E-02   -.025107342238078    1.29004358369315E-02    4.37235523993749E-02    6.19657296641469E-02    8.91887296579982E-02    .101313812498661    8.77938754618257E-02    7.20998371373579E-02 
 6168.075      15            12            2018          7 
   2.49064740620048E-02    1.97731871817186E-02    1.60686280649567E-02    2.02818543020507E-02    3.21169904878776E-02    .040397531328941    6.08151632061816E-02    6.17311741843332E-02    7.94838766076987E-02    6.89882976287552E-02    7.10331038787679E-02    5.42774700540307E-02    5.12234387887682E-02    3.48629849837292E-02    3.38598357029569E-02    2.03102266956674E-02    1.66705166438868E-02    1.07651092968031E-02    2.18321771547064E-02    2.56481960657486E-02    4.75654904013053E-02    5.47395276819804E-02    6.95618162879018E-02    .063086943657462 
 1297.375      16            12            2018          1 
   .323778784083245    .272627430162467    .257327300205041    .274371322012899    .239117453398991    .249657958490401    .22154349189168    .220811258197141    .170941319122447    .189604010445521    9.63869375097854E-02    5.76259731752517E-02   -5.24135287849301E-03   -4.98795656813789E-02   -7.97957425770335E-02   -5.67781084683465E-02   -.020127179294391   -7.51999229212834E-02   -8.74554400430708E-02   -.171345989441571   -.286000568681352   -.283591858786372   -.26255902280145   -.19581848197457 
 356.15        17            12            2018          2 
  -.481854564233491   -.195809358561723   -.245682998736487   -5.60859199255081E-02   -8.59539498443368E-02    4.52758655711437E-03    .218306893162993    .207602133932332    .396111180536971    .158570822614407   -.124034814648492   -.281903696548867   -.447564211417898   -.411062737319906   -.001860171343091    .209778187634084    .211533066196487    .389126755289862    9.60620567903381E-02   -3.65014727591263E-03    .106240352452278    .272637929170633    .310402928686671    .754562649987277 
 8016.28748    18            12            2018          3 
   .0385558777390553363737399298    .0524853307780823249617290422    .0649739672260356610863461698    .0682516690381967189629781092    .0592169381630011103344312697    .0528736027815210040346507134    .0374378414881897424167727079    .0285549888986765729115293655    .0508923240362632304199749084    .0294257161545808234911255952    .0436186951718453091205756009    .0248210284993421917548296309    .0167384216614946049814071788    .0048220551092311874024757406    .0274144983632747661888992035    .0230920485900538087987832492    .0439901264618818286192500671    .0491452559533206760693667139    .0379227916611593375640764819    .0591841923313858000511728155    .0369700438936853097987947907    .0592387687174113171899369058    .0469341326566297245617244256    .0434396846256816129054293846 
 1492.61246    19            12            2018          4 
   .0601964692161286125133914533    .0840305192146124788479924655   -.0769707496613019028395354545   -.0410605576748300761203614768   -.0348131222219597443264007055    .0152501071845534506659551804   -.0270498880868246269363180849    .0107194602944692020057235754   -.0329623404054927961675999944   -.0276444831500334654850730644   -.0412699221337064277220357654    .0443182686549461070424134072   -.0263966709751304099390943045    .0657320655088193488616596434    .0222294673863301395728667574    .0398914531371391606901097422    .0832835068253416563332186038    .104973664764931682266674901    .1294441827183996574703657505    .1258732625078046045522090845    .1331842694117668024826752418    .0662931622586079711541467368    .1950439298892091521197672435    .1277039453362194229572490638 
 4751.8625     20            12            2018          5 
   7.79010309732171E-02    6.27938018423368E-02    3.98764701318184E-02    1.95028797764577E-02    3.14876527225488E-03   -9.81194215952166E-03    2.17704104334337E-02    5.30870783715316E-02    8.34856845913543E-02    .117711734206522    .128126082018169    .11844303411705    .116901530715588    6.77523838720147E-02    4.80311673689543E-02   -4.80337988797855E-03   -2.80600488537882E-02   -4.25596285775857E-02   -2.45114412452214E-02   -6.66054617921505E-03    2.65737911241916E-02    4.42116104783092E-02    4.76760434570146E-02    3.94134944147722E-02 
 2472.725      21            12            2018          6 
   5.13249546448235E-02    4.00317475868759E-02    7.55745179912849E-03    1.92297967776686E-02    2.04228128886148E-02    .029795065384043    6.41296532967646E-02    .100759281317771    .132232660770411    .166971660819541    .176060826053652    .164221663228637    .172582879212205    .117072253401801    .112896705498394    7.11462063317829E-02    .056132405767628    2.11254786670821E-02    .036392038359202   -3.26562800149632E-02   -7.32895918889143E-02   -.114847986651556   -.172704197916456   -.166587464353282 
 1555.75       22            12            2018          7 
  -.196545070799604   -.114028599644213    .050964164212837    .126289574869687    .182645022591345    .176104776540907    .176811834939438    8.04435169698723E-02    .131753177633627    .10578498920022    .141169853768279    .200996311879821    .225815523059618    .201582830013157    9.80797003994757E-02    8.84621552901503E-03   -.116688096483057   -.189418286999839   -.194817608161006   -.116398839078569   -6.36831090780924E-02    2.28748201998257E-02    3.78916926003146E-02    2.35256297439313E-02 
-6420.66445    23            12            2018          1 
   .0128121475028959035540317015    .0157499275639610788257280755    .0422172038596410376187779132    .0495462739841512820374844538    .0572849590356649147114361349    .0534956315930822393311645495    .0472994971727575640555394543    .0230016536684143336598130432    .0112019839317408963802803929    .0016670159425633899930715115   -.0082390242336990527514640638   -.0035302685845855096819457681    .0710622247203714251100600655    .0710397192614543187971768249    .1444155986067765930362549938    .142299166560557451339790853    .1432457196856004521463506787    .0692000186989992912649406558    .069556492708476612572395058   -.0026651914507072550723313379   -.0026651914507072550723313379   -.0026651914507072550723313379   -.0026651758759952017115611765   -.0026651914507072550723313379 
 410.6953      24            12            2018          2 
   4.16666586464533E-02    4.16666586464533E-02    4.16666586464533E-02    4.16669001445394E-02    4.16666586464533E-02    4.16666586464533E-02    4.16666586464533E-02    4.16666586464533E-02    4.16664125041733E-02    4.16666586464533E-02    4.16666586464533E-02    4.16666586464533E-02    4.16666586464533E-02    4.16669001445394E-02    4.16666586464533E-02    4.16666586464533E-02    4.16669001445394E-02    4.16666586464533E-02    4.16666586464533E-02    4.16666586464533E-02    4.16666586464533E-02    4.16664125041733E-02    4.16666586464533E-02    4.16666586464533E-02 
 410.6949      25            12            2018          3 
   4.16666992280711E-02    4.16666992280711E-02    4.16669407263924E-02    4.16666992280711E-02    4.16666992280711E-02    4.16666992280711E-02    4.16666992280711E-02    4.16664530855513E-02    4.16666992280711E-02    4.16666992280711E-02    4.16666992280711E-02    4.16666992280711E-02    4.16669407263924E-02    4.16666992280711E-02    4.16666992280711E-02    4.16669407263924E-02    4.16666992280711E-02    4.16666992280711E-02    4.16666992280711E-02    4.16664530855513E-02    4.16664530855513E-02    4.16664530855513E-02    4.16664530855513E-02    4.16664530855513E-02 
 410.6953      26            12            2018          4 
   4.16666586464533E-02    4.16664125041733E-02    4.16666586464533E-02    4.16666586464533E-02    4.16666586464533E-02    4.16666586464533E-02    4.16669001445394E-02    4.16666586464533E-02    4.16666586464533E-02    4.16669001445394E-02    4.16666586464533E-02    4.16666586464533E-02    4.16666586464533E-02    4.16666586464533E-02    4.16664125041733E-02    4.16666586464533E-02    4.16666586464533E-02    4.16666586464533E-02    4.16666586464533E-02    4.16669001445394E-02    4.16666586464533E-02    4.16666586464533E-02    4.16666586464533E-02    4.16666586464533E-02 
 2514.0786     27            12            2018          5 
   6.80654923967978E-03    6.80658944903422E-03    6.80658944903422E-03    6.80658944903422E-03    6.80658944903422E-03    6.80662889972161E-03    6.80658944903422E-03    6.80658944903422E-03    6.80662889972161E-03    6.80658944903422E-03    4.42534686896418E-02    8.17577866137457E-02    6.88487205494304E-02    .138472641036611    .131681915315907    .115720045813796    .141634631838411    .123479631861947    9.20018980519375E-02    6.34128953055636E-02    3.70463743449557E-02   -3.66287281256357E-02   -2.20060744174583E-02   -4.77411491931394E-02 
 5797.3625     28            12            2018          6 
  -5.72674224924514E-03    7.56378413013178E-03    .013357367251056    3.13828055430379E-02    3.31810375928291E-02    3.87482233426394E-02    3.41879599470004E-02    3.95891229758778E-02    3.56562995494045E-02    5.02362044452057E-02    4.64888149062666E-02    4.55487301337462E-02    4.40566733757835E-02    .023023401780295    .015289279728194    2.00681773443177E-02    2.70756742879709E-02    4.15033561572787E-02    8.20627479407392E-02    8.06935908455947E-02    9.55766573673589E-02    8.57295028356106E-02    6.68385818193996E-02    4.78687527659399E-02 
 8294.55948    29            12            2018          7 
   .0318913862318822023806862857    .0240564312645088175315610613    .0279761692660741520175342693    .023462668568385502734377884    .0235937786053467422961924435    .0096915936516980646210279512    .0105415483740674797114119917    .0093877776375895010159116973    .0213082443288477087393193303    .0222793628095123383213113085    .0404222793034935232027536199    .0370601357119932305313940554    .0395777498240328490597550094    .0372237972064069157775211951    .0337148706539867985852336066    .0311197961293057120858695681    .0145773262934031066831291202    .0181383954582239007586211197    .0186589173750792127661009913    .0442259773872885652029829075    .0782684724324865532219922064    .1216378039644849228328157097    .1387982089676931221427566398    .1423873085542090777797400279 
 4109.6525     30            12            2018          1 
   .241440118197722    .16450417466581    .108959943962054    .063089274311267    4.68835267828017E-02    4.11896124785452E-02    4.64029493851955E-02    7.68891014004149E-02    8.89247964899785E-02    .100756697119046    8.28263489935052E-02    .024685784734413   -2.23680720089491E-02   -6.16749211512371E-02   -5.85907217467938E-02   -4.66219482312715E-02   -1.14547399720389E-02   -8.21237333230643E-05    5.67566254395948E-03   -5.93724155960395E-03    6.29311097156281E-03    2.31862665941028E-02    2.79829012307002E-02    5.70394957003094E-02 
 4626.3375     31            12            2018          2 
   5.66863096347813E-02    .065370282170933    7.53700956750345E-02    8.08306813342155E-02    6.90584047949309E-02    5.33440342611225E-02    3.67353218281723E-02    1.73247199379377E-02    1.62277388859421E-02    2.75055600277103E-03    4.53922763878028E-04   -1.25909534269819E-02   -2.17828901427704E-02   -1.14237230798923E-02    .002091287155495    4.14501745599499E-02    6.16146115135285E-02    9.50643976564548E-02    8.86122147826507E-02    7.22899053516956E-02    5.62242784476854E-02    5.52056554232121E-02    4.25552610461299E-02    5.65377039612869E-02 
