 15955.9874    1             9             2020          3 
   4.24205955309898E-02    3.00945023308304E-02    2.10767268337758E-02    1.19868794173303E-02    1.19978472783201E-02    7.54967389394397E-03    1.96979340678703E-02    3.03107228705277E-02    4.33363951883001E-02    5.24019591542169E-02    6.76222632557826E-02    6.08779305425988E-02    6.11281496343851E-02    5.43062529427237E-02    4.33158728849746E-02    3.46197639319923E-02    3.56867592204761E-02    .034566176430168    3.98604295843848E-02    5.21285515810216E-02    5.66840515433743E-02    6.45948773328892E-02    .063759763033276    .059975916976842 
 21516.7104    2             9             2020          4 
   .035269099499522    3.22011346024794E-02    .022267576738868    2.20863225497293E-02    2.18568497396106E-02    2.73427025446711E-02    2.86337537457268E-02    3.69590645135498E-02    4.13692053700635E-02    4.51869735818939E-02    .052130415290068    5.39654035118851E-02    5.41706854581207E-02    .050128853908196    .048549475295257    4.42411953359269E-02    4.31118411111766E-02    4.44973921292355E-02    4.51776779133966E-02    4.77466097970969E-02    4.93296590218869E-02    5.26003727458584E-02    5.13670528372218E-02    4.98106793727458E-02 
 21550.9175    3             9             2020          5 
   .042182078790845    3.61550726456527E-02    2.83276796819889E-02    2.61844994670398E-02    2.61972610774939E-02    3.13495927861525E-02    3.48158030858779E-02    4.12337432965441E-02    4.42898771151144E-02    4.88621899468578E-02    5.08777880429134E-02    5.32262698872043E-02    5.18417852562136E-02    4.96614587290773E-02    4.51709295247378E-02    4.26182562489074E-02    3.90389417159168E-02    3.93359111316693E-02    3.99733572556279E-02    4.24846416776687E-02    4.48693182360304E-02    4.84107472690113E-02    .045401779864223    4.74910163609479E-02 
 23197.8835    4             9             2020          6 
   3.76841282353005E-02    3.65302717290122E-02    3.13187830252044E-02    3.16020198819404E-02    2.77633081394244E-02    3.13396052793795E-02    3.25487667872804E-02    3.87637729016515E-02    4.53786220747789E-02    5.16846709565525E-02    5.78511838984821E-02    5.77450519691268E-02    5.80014966835498E-02    5.40151426876804E-02    5.06651803459516E-02    4.69994164469654E-02    4.52498156209757E-02    4.33746471830946E-02    3.97800299324721E-02    .041157311278291    3.74516919956499E-02    3.73353015410194E-02    3.34766542134787E-02    3.22831186049392E-02 
 14391.588     5             9             2020          7 
   4.01562687582453E-02    3.66663845574234E-02    2.32774868207734E-02    2.01298155705285E-02    1.39795205365801E-02    1.68700984285762E-02    .021374464568675    3.22714560755908E-02    4.11047411863097E-02    .056018836295691    6.31332361942311E-02    6.80640654660882E-02    7.29314913396588E-02    7.09833402874825E-02    6.05588122440649E-02    5.66528872426748E-02    4.34498611272085E-02    3.57153081369478E-02    3.06663513363838E-02    3.48354534535372E-02    3.41067299941824E-02    4.39553664553253E-02    4.08294050375773E-02    4.22686155273483E-02 
 20627.1125    6             9             2020          1 
   2.38424058526354E-02    2.19965351962625E-02    2.08421079830498E-02    2.42496380531706E-02    2.49156298536695E-02    3.27820974558136E-02    3.44043537642963E-02    3.87748163975932E-02    4.26877501353649E-02    4.78981243739278E-02    5.17504819298054E-02    5.47174010567251E-02    5.33981647296428E-02    5.10432567815781E-02    4.79326674741345E-02    4.53880772495878E-02    4.58019760258268E-02    4.69321632975547E-02    4.82641468985525E-02    4.97658130489211E-02    4.92943444116557E-02    .049053158177473    4.65212945140013E-02    4.77435947469623E-02 
 20494.4625    7             9             2020          2 
   4.15179228148594E-02    4.08030943867383E-02    3.52162193955059E-02    3.37883940886929E-02    2.99959074310927E-02    3.28558257037953E-02    3.29692715776274E-02    3.81657972244942E-02    4.33013307863039E-02    4.93340585149296E-02    5.52545345995138E-02    5.78387942596689E-02    5.84627182735184E-02    .056648864887741    5.11754327922116E-02    4.65833154788534E-02    4.16984599822543E-02    3.67568800596747E-02    3.38939121827192E-02    3.36908067526015E-02    3.45123713295726E-02    3.74216937867973E-02    3.96045999153659E-02    3.85097919885905E-02 
 20335.3255    8             9             2020          3 
   3.56756018282539E-02    3.31141742583383E-02    2.32557136153791E-02    2.35052784275801E-02    1.88348355774798E-02    2.41125962747183E-02    .031307589564478    .045130824190643    .054326056256605    6.59966317372815E-02    6.73169449539762E-02    6.36158995544017E-02    5.77062302536508E-02    4.67499272530931E-02    4.07394517588141E-02    3.64556507548435E-02    .03415484978556    3.62571028328496E-02    3.90422813738585E-02    4.23173691311672E-02    4.63688170515377E-02    4.72773363973969E-02    4.51431180681126E-02    4.15957191239928E-02 
 14937.0625    9             9             2020          4 
   4.86005874452913E-02    4.08555907299063E-02    3.18737372963068E-02    .031700510874011    .027038448824861    3.20051214889139E-02    3.64320293899821E-02    4.69997012857071E-02    4.08806960677196E-02    .054013296643364    4.75051586892712E-02    4.92692254584862E-02    .045607192698897    4.23052850593427E-02    3.16528090977037E-02    2.80298358960827E-02    2.30065311634389E-02    2.65223960207517E-02    3.55622667295695E-02    4.53979815504534E-02    .056723275662101    6.27122961956522E-02    5.85378350516542E-02    5.67681906805325E-02 
 20569.4885    10            9             2020          5 
   3.34378751223186E-02    2.82517963438906E-02    2.28870539924454E-02    2.20824648169309E-02    2.31082562994715E-02    2.70528129279473E-02    2.98743451982289E-02    3.69764918760164E-02    4.05023434487916E-02    4.59479096915803E-02    5.17058549259137E-02    5.38285128279168E-02    .053089556622376    5.22120409355798E-02    4.88642194244023E-02    4.51275198214093E-02    4.45842400119493E-02    4.41114505878908E-02    4.48747176087032E-02    .04671360690374    4.92130364498217E-02    5.17435332772282E-02    5.13193625164464E-02    .052490999603384 
 22483.2885    11            9             2020          6 
   4.28384853227348E-02    4.68820647958705E-02    .040353306164001    4.47076497636442E-02    4.06207248368466E-02    4.40560563199668E-02    3.76985566152417E-02    4.53598241509605E-02    4.25755105972584E-02    4.84031489828823E-02    5.18774199779539E-02    5.36559870727707E-02    5.21170185086859E-02    4.97625136630647E-02    4.69009698963466E-02    4.22880765157669E-02    4.00753219180576E-02    3.79659752880873E-02    .033715596167613    3.40753088677397E-02    3.19125914343002E-02    3.17519170830829E-02    3.00339744431528E-02    .030372002200344 
 12765.275     12            9             2020          7 
   4.39884784631794E-02    4.18146122519149E-02    3.25306358231242E-02    3.33854921098816E-02    2.89378798260503E-02    3.03606855316474E-02    3.12204403041467E-02    .031987169270308    3.51196899400914E-02    4.26596763485315E-02    4.80904259569051E-02    4.81873676830307E-02    5.49194984048522E-02    4.81090301619041E-02    4.74118243113398E-02    4.33970263535989E-02    4.15962435429686E-02    3.86419402556141E-02    4.03898485864239E-02    4.15815552577574E-02    4.46837239631784E-02    4.91646263465486E-02    5.15568612667593E-02    5.02652723434523E-02 
 21429.5405    13            9             2020          1 
   2.74883402189608E-02    2.43238999921627E-02    2.18944265277177E-02    .019744356524722    2.09022208289053E-02    2.23902374388289E-02    2.78984038685261E-02    3.87893285809357E-02    4.91873817024331E-02    5.96064116584914E-02    7.04605863238762E-02    7.12497767082751E-02    6.81868569554869E-02    6.18859740964231E-02    .052485401500297    4.25656572331048E-02    3.83559326532004E-02    3.47487630177634E-02    3.35856466724491E-02    3.70878239042999E-02    4.02656790517743E-02    4.53019507251202E-02    4.60398340222446E-02    4.55551053736284E-02 
 18854.538     14            9             2020          2 
   .046631348082571    3.96675047453264E-02    3.64196135589728E-02    3.49166616765716E-02    2.46154261532671E-02    3.22899717829204E-02    2.43449355379077E-02    2.86317025860863E-02    3.20088729942378E-02    4.52185575805162E-02    4.33317432652023E-02    5.72580962297711E-02    5.39757584238474E-02    5.07152455506501E-02    5.04248625870848E-02    4.62348898600946E-02    4.62130131328082E-02    4.47604444086617E-02    4.40954864242265E-02    4.19322121705114E-02    4.35200262023375E-02    4.26866743918129E-02    .044062998286457    4.60439556889186E-02 
 21097.3365    15            9             2020          3 
   3.96465923553905E-02    3.61431891847609E-02    3.34497206416095E-02    2.80764126037456E-02    2.59623999357914E-02    2.99362439522653E-02    3.58226505135865E-02    4.12368399107143E-02    5.21629827537708E-02    5.57001591172421E-02    5.80588437261085E-02    5.70285270092773E-02    5.61048067515389E-02    4.90322534871582E-02    4.73637987430309E-02    4.27708007399862E-02    3.95944542295215E-02    3.71089509054407E-02    3.60691277031137E-02    .036047797417794    3.71403518164485E-02    3.95541630476894E-02    4.10099166881578E-02    4.49790190339904E-02 
 20369.763     16            9             2020          4 
   4.36038461619328E-02    4.30687380993568E-02    3.82288455891246E-02    3.47776493808955E-02    3.11558613719282E-02    3.27323395957037E-02    3.31796932439994E-02    3.88621354010338E-02    4.38548303188407E-02    .048729088089338    5.32198116969684E-02    5.46699064249974E-02    5.37230085186497E-02    5.06142364052051E-02    4.55294932883102E-02    .042147249331299    3.85718779451205E-02    3.91888226096982E-02    3.83773482191702E-02    3.89014087000392E-02    3.86397724810299E-02    3.90075727541372E-02    .037170683822857    4.20457775779749E-02 
 23888.656     17            9             2020          5 
   3.49454564456439E-02    3.74435035435203E-02    3.61233172766187E-02    .035296041258787    3.05976820127512E-02    3.17483322541448E-02    3.16190883410964E-02    3.69286153140205E-02    4.28320459806124E-02    4.98814154963736E-02    5.56012040656191E-02    5.72630786881125E-02    5.68371013794424E-02    5.35400568370192E-02    4.79490343986388E-02    4.27378590158873E-02    3.87239240248593E-02    3.76030981226377E-02    3.66185116822225E-02    3.91477653661219E-02    4.15403018060316E-02    4.37179486828131E-02    4.19414548810519E-02    3.93631608162678E-02 
 21129.0595    18            9             2020          6 
   3.65657532265427E-02    2.81115456189392E-02    2.17348759793577E-02    1.84763317177952E-02    1.88377998507924E-02    2.31322417454043E-02    .029010991974628    3.81536160856598E-02    4.35058402761831E-02    5.11854301891667E-02    5.44203103591022E-02    5.65122195253473E-02    5.53000472302731E-02    5.51994748408584E-02    5.27366125507888E-02    5.32673040704616E-02    5.21651212715774E-02    5.06447033845437E-02    4.88982980443652E-02    4.65182802957714E-02    4.41566027959251E-02    4.29538764944569E-02    4.02603095318056E-02    3.82524119349926E-02 
 16192.025     19            9             2020          7 
   4.39290322114108E-02    4.25718841347534E-02    3.33165570343464E-02    3.26781239529954E-02    2.72881252408834E-02    2.77304730079796E-02    2.62405420079966E-02    3.33636451021992E-02    3.37287962566159E-02    4.14741199938222E-02    .047265552777187    4.94456375901099E-02    5.32785429864393E-02    .057458068882241    5.35132256646694E-02    5.44457857750382E-02    5.11887781538095E-02    .047985040511359    4.46068372803317E-02    4.59091736699374E-02    4.00721945269932E-02    4.04134133933217E-02    3.77678193793511E-02    3.43286263198048E-02 
 17408.8875    20            9             2020          1 
   3.11414220010918E-02    2.97972795672882E-02    2.59752389236263E-02    2.77264988931659E-02    .027595100140459    3.06962470868418E-02    3.68906385078275E-02    4.46560686652687E-02    4.91135641037965E-02    5.36213177202144E-02    5.47694374833508E-02    5.04426273312446E-02    5.23152326649247E-02    4.88220456361729E-02    5.04038512274801E-02    4.88701546502648E-02    4.96542348150029E-02    4.29364010529643E-02    4.28114655685476E-02    3.79245931473759E-02    3.83073020724059E-02    4.01942678871909E-02    4.25644659947398E-02    4.27705403009849E-02 
 26349.1372    21            9             2020          2 
   2.86840507169612E-02    2.66090306744465E-02    .024036839262651    2.23754959311165E-02    .020858367065846    2.20348761774992E-02    2.68329478512891E-02    3.38390287567284E-02    4.14059843633371E-02    4.98666049908292E-02    5.53898582905378E-02    5.77196522817975E-02    5.93016009840281E-02    5.78481939818508E-02    5.59229315521477E-02    5.43860322080703E-02    .052561987217377    5.07431031671385E-02    4.94019952642652E-02    4.72363460497152E-02    4.46342869690578E-02    4.22717807690445E-02    3.91336139420393E-02    3.69053825334732E-02 
 22131.0121    22            9             2020          3 
   4.21038126761934E-02    4.11217983384304E-02    4.37039444939828E-02    4.53398600865389E-02    4.95701227918396E-02    .05354531268322    5.83675534760818E-02    6.15906304746564E-02    .065470165302915    6.53863912803862E-02    6.40560401663691E-02    5.81143339721147E-02    5.02761456311656E-02    4.03415796692357E-02    3.31794936918944E-02    2.67057386143701E-02    2.41847627188811E-02    2.32671233229758E-02    2.28265650712363E-02    .021773178994962    2.25187391132902E-02    2.56647768853268E-02    2.72592605204017E-02    .033632669343985 
 17278.399     23            9             2020          4 
   4.66992058816926E-02    4.62962446805962E-02    4.31130793884878E-02    3.87658891312789E-02    3.05366834045214E-02    2.78338859863676E-02    .027523528076878    2.87533873942835E-02    3.59487885542539E-02    4.26327115145333E-02    5.03366942616019E-02    5.61966121857105E-02    6.19516338769654E-02    5.93102976325924E-02    5.83452204982486E-02    5.24600102007697E-02    4.63808893524817E-02    4.11395183203624E-02    3.86957133925393E-02    3.54951860871467E-02    3.57078786979012E-02    3.56854546774885E-02    .032115245423726    2.80762406165623E-02 
 15753.4255    24            9             2020          5 
   2.75495637440886E-02    2.02146518677497E-02    2.22142169782078E-02    .021952369166124    2.85160206015838E-02    3.21763360106684E-02    4.17155288280595E-02    4.47410635995981E-02    5.15800515894146E-02    4.99224763659835E-02    5.45817781399949E-02    5.05382162383707E-02    5.01517907962303E-02    4.69389982646651E-02    4.70159633272102E-02    4.17472679567969E-02    4.25431289345312E-02    3.99325855958776E-02    3.86090616028836E-02    3.83559428260837E-02    4.07879535655892E-02    .050198605236237    5.30662347427826E-02    6.49501905652996E-02 
 19399.7375    25            9             2020          6 
   5.48950701612264E-02    .056354471955645    5.16540500719162E-02    .04981961677538    4.08916602910703E-02    .038884545504079    .036610030191694    3.68271735635598E-02    4.03897211389056E-02    4.48710962090579E-02    4.94626538116817E-02    .052915666968593    5.35684058970031E-02    5.03962998361689E-02    4.64387739480528E-02    4.23543089480431E-02    3.70784656235684E-02    3.40571624851641E-02    3.26312392415587E-02    3.09160117350573E-02    3.01808207456415E-02    2.97336503757863E-02    2.92980768425346E-02    2.97710207570061E-02 
 14053.9375    26            9             2020          7 
   4.40116853789863E-02    4.74804641465025E-02    4.96391135936103E-02    5.09572512624353E-02    4.83601143390642E-02    5.18511288679107E-02    4.94807967101079E-02    5.04209220933969E-02    5.01647678600414E-02    4.87283376781084E-02    4.28714381437253E-02    3.92105415297314E-02    3.69175915585267E-02    3.22863254514971E-02    3.22036079850565E-02    3.10197773547115E-02    3.19750247928739E-02    3.18078114333783E-02    3.54286836769778E-02    3.91215984844105E-02    3.70928067520557E-02    3.71212702637272E-02    4.07101221424267E-02    4.11388250151203E-02 
 18403.6619    27            9             2020          1 
   3.67345363909869E-02    4.21607656020858E-02    4.49557256638114E-02    .043882569674133    4.38560810440105E-02    3.84794330298981E-02    3.71488561085209E-02    4.00973188928232E-02    4.44205074208628E-02    .052005952988407    5.87274453693439E-02    6.30558208533759E-02    6.29500785868396E-02    6.13482775938399E-02    5.51962426717506E-02    5.16045409644296E-02    3.81488872946972E-02    3.51485748492787E-02    2.23429290138057E-02    2.01271088393292E-02    .017473425340803    .026646192201946    2.62631152714496E-02    3.72256091280433E-02 
 9823.625      28            9             2020          2 
   6.96038898275363E-02    6.92272455432694E-02    6.82067440059996E-02    6.24858465601102E-02    5.32504536556484E-02    4.39043619634268E-02    3.83946850366304E-02    3.32476542816902E-02    3.68575767302835E-02    4.02817181943004E-02    4.54402027975448E-02    4.19384379791542E-02    3.97154811891216E-02    2.93552532797211E-02    2.47960904346903E-02    2.00257039640169E-02    2.28187157086631E-02    2.13261397905559E-02    2.54475820332879E-02    2.41115171896075E-02    .032732314984842    3.92726705053347E-02    5.21472495554403E-02    6.54124647891244E-02 
 21302.7125    29            9             2020          3 
   3.56556706100221E-02    3.80286072861833E-02    3.55001739801915E-02    3.27411345191809E-02    2.70370510053151E-02    2.49082124068927E-02    .025926862600244    .033215841617074    3.98487991708582E-02    .049366340689742    5.64047865346667E-02    6.00428208929673E-02    .059781119423172    5.84667328163021E-02    5.45617365995645E-02    4.91240247262379E-02    4.46128632679993E-02    4.11537967289377E-02    3.65769147943014E-02    3.56151833813197E-02    3.62547732926983E-02    .038558471106159    4.16126596279259E-02    4.50054183378276E-02 
 15652.8625    30            9             2020          4 
   .061219633930026    6.37335495531868E-02    .052936002957027    5.05770102939938E-02    3.97786682412921E-02    3.67784167272919E-02    .031744991939748    4.14293224509555E-02    4.11466273341378E-02    5.29495803083941E-02    5.73529274784704E-02    5.95985246920192E-02    5.55617231165885E-02    5.19984755371721E-02    4.36533565533441E-02    3.58784200388867E-02    .023185323899173    1.95251826942197E-02    1.16570822315896E-02    .013860882883018    2.18250815146431E-02    3.58901335263957E-02    4.27940880197432E-02    5.49249874498794E-02 
