 5550.775      1             3             2019          6 
   3.13402171582318E-02    3.12884242383735E-02    2.00692698813911E-02    3.19955332549987E-02    2.62215642053151E-02    4.14581747593804E-02    4.62457967053306E-02    4.35457199934215E-02    3.49613342281033E-02    3.95575387127459E-02    2.93202300579649E-02    .027183140543121    3.31169966262805E-02    .03056555275678    3.59093994889438E-02    4.26381907124245E-02    5.15491102065984E-02    5.50756414908701E-02    5.45576957986019E-02    6.62227335635987E-02    5.61002731864441E-02    .063457352854866    5.57669852935795E-02    5.18531218085819E-02 
 10012.587     2             3             2019          7 
   2.61146301254127E-02    2.76526935546228E-02    2.76888967649388E-02    3.08049757769895E-02    4.19946419545234E-02    4.50757643561081E-02    9.12563880257982E-02    9.13625044570462E-02    .127569433237197    .117297352939043    .107505881077956    5.99607761503564E-02    5.15114138041478E-02    1.30772896155609E-02    7.94125403836613E-03    1.07901682626199E-02    8.37820404938725E-03    1.06753126787555E-02    1.34056269477125E-02    1.87089507385296E-02    1.56066056602796E-02    .020430534086745    1.97451464789512E-02    1.54455580657111E-02 
 3794.0375     3             3             2019          1 
   3.58819587176569E-02    2.21861283795318E-02    9.27442071935241E-03    4.44776837340169E-04    3.15956291700724E-03    9.78509067284504E-04    2.06475295844806E-02   -6.94181320520166E-03    9.9992422320549E-03   -2.02950023556699E-02   -5.02103609599551E-03   -8.31897417988093E-03    7.50190265647084E-02    7.51606978327219E-02    .159711128898181    .158330676598231    .166030248196801    .11896297970263    9.90238004255444E-02    3.97399851468217E-02    2.46439314318849E-02    5.41968812907094E-03    5.9797774797956E-03    9.98276901585712E-03 
 5995.45       4             3             2019          2 
   1.04912894821705E-02    1.65020974238798E-02    1.96336390972953E-02    3.11715545869355E-02    .030020682859795    4.76152759348365E-02    4.99649734381906E-02    6.48053951085432E-02    6.79452731309524E-02    7.71814438937809E-02    6.84560771573391E-02    6.29560770596087E-02    4.72358225332596E-02    2.76105223300195E-02    1.64812482799456E-02    1.16129733303879E-03    1.03828735201404E-03    3.23161730979326E-04    7.76422107382441E-03    2.54109376449667E-02    4.49549231327898E-02    6.43738188471309E-02    .105807318515369    .111094663453119 
 8898.425      5             3             2019          3 
   8.21521813595173E-02    7.47772807450827E-02    6.12172926998844E-02    3.83312208504858E-02    2.92846760967794E-02    1.79807100694786E-02    .013950502133607    .023348232630858    .02263462422884    3.28597469660625E-02    2.97117200186585E-02    3.82806521611444E-02    2.36811577446026E-02    3.47842448406863E-02    2.41629835558812E-02    3.40298985494624E-02    3.64839838394417E-02    5.46515254103957E-02    5.42132462883618E-02    .06686435945608    6.37458300534048E-02    5.74188690695264E-02    .047967757653347    3.74673039213664E-02 
 3487.11248    6             3             2019          4 
   .0756607369315485917448811402    .060504931002397720190545732    .0391692269129213749939032652    .0413271727902508037251496975    .0222461995260904230998594    .0345522264311932949177481077    .0321146795930138737595295463    .0599779907300265806166367194    .0570744422904305054134646095    .0733522366906845517068035614    .0631754786412854683712410676    .0628026773601521451352782288    .0762378619917646017544005349    .0766479434010112573139596575    .08328667390734697493899021    .0831805689273321060179854021    .076825024009549585851042006    .0496858076685842952791703467    .0518638274610516721846609318    .0060020948908421789709519207   -.002118514972594173388981132   -.0371116506112816871338775972   -.0374091747106477047164248628   -.0490484608629544407469184934 
 3593.7        7             3             2019          5 
  -1.51793414133235E-02   -.012149733832574    2.25533581132977E-02    4.79276241900431E-02    5.27555149000986E-02    .089329936805099    .117295543283102    .12139647499987    .136791466704645    .126081755879321    .10202576561663    7.01192372907471E-02    .056376438240119    8.77925236860632E-03    3.52004886844485E-03   -2.10472485038379E-02   -2.53707886166786E-02   -3.72805203838706E-02   -2.19655229985809E-02   -1.82680806761496E-02    1.41636757452984E-02    3.45639595753343E-02    7.23279594270442E-02    7.52532209143779E-02 
 2607.6        8             3             2019          6 
   .106587475072864    8.45125786163522E-02    5.57025617425986E-02    3.72421011856718E-02    3.04398680779261E-02    5.40199812286232E-02    5.41733766483518E-02    7.54908751739207E-02    5.37563288279482E-02    .025871491611397   -1.53685384119265E-02   -5.44993492298504E-02   -8.61328448011641E-02   -6.97959809786777E-02   -.054087093919127   -3.89726199626849E-03    5.12300559504849E-02    9.81505982512655E-02    .108893239840095    .130177179094582    .109971817842856    8.47714385073469E-02    5.36364868276414E-02    6.91536266867013E-02 
 6156.975      9             3             2019          7 
   1.44449993706325E-02    2.53452390259434E-02    1.97499581327066E-02    2.01763038625496E-02    4.10307021921308E-03    1.77704958155784E-02    7.78791545571315E-03    .021899957998284    4.16357068371263E-02    5.32323096975382E-02    6.07156943477976E-02    .064110217453135    5.44037443544085E-02    3.67997266430743E-02    .027749017350812    1.58884837031565E-02    2.81428776138419E-02    3.87385846049793E-02    5.98223985328885E-02    7.50612100741816E-02    8.08737245156916E-02    .083393226739922    7.83075312482236E-02    .069847609872213 
 4503.6375     10            3             2019          1 
   8.68159321865867E-02    .068997002488093    4.55021086958615E-02    3.37421681688378E-02    1.27535797452615E-02    8.43207262443327E-03    2.63176158218504E-02    3.07973270380314E-02    5.33568705411476E-02    5.48390064927552E-02    6.74232759400561E-02    6.05010963034915E-02    8.07264128163068E-02    6.48281514434686E-02    7.78870399530345E-02    4.58962331999949E-02    3.58432496069583E-02   -2.49798079885426E-03   -1.83740356956577E-03   -1.61258534002018E-03    1.36084439465035E-02    3.36866574844188E-02    .047819679770354    5.61740377754111E-02 
 4558.2        11            3             2019          2 
   .054700867424967    6.64845745673662E-02    .06896636562524    7.13658873662781E-02    7.41986955150025E-02    7.74785016242191E-02    7.28302852230081E-02    9.08033859629864E-02    9.95376451003651E-02    .113526167255921    .1127857434044    .106812996358212    7.94995831687947E-02    6.98548782641208E-02    5.71854034714395E-02    3.56280974719153E-02    4.68852823255856E-02    9.37047552232875E-03    7.46731132335595E-03   -1.82610466964499E-02   -5.92860093442518E-02   -6.85001728298383E-02   -8.45262397664683E-02   -8.48086990932893E-02 
 6144.45       12            3             2019          3 
  -4.95386099987845E-02   -1.18602966905093E-02   -1.28876465753648E-02    2.18489856699949E-02    2.49717224487139E-02    3.15589688423725E-02    5.78041952970516E-02    .085278175881156    .112011652792357    .134257337922841    .134857473004093    .120684109332151    9.72646066298906E-02    7.84000205231576E-02    4.90910516331049E-02    3.62969824632773E-02    2.11491666378996E-02    8.27372694478414E-03   -1.25519779563141E-03   -2.90912941571965E-04   -5.02485998806635E-04    9.66726094701379E-03    1.96050910213085E-02    3.33146167595541E-02 
 6303.1372     13            3             2019          4 
   3.63112832130641E-02    4.30142945325702E-02    3.63172335997249E-02    3.42468355363989E-02    2.53960832310999E-02    2.65383710664722E-02    3.32493154279177E-02    5.58928001429143E-02    5.32151648787785E-02    .066093278315551    5.46422360894077E-02    4.76988514203937E-02    3.03721606488088E-02    4.67790688287756E-02    3.13685066573996E-02    5.54164496612199E-02    5.38977647676011E-02    5.72294390329177E-02    4.57173145625825E-02    4.62547424468198E-02    2.91243853851447E-02    3.01714839797169E-02    3.21387573394789E-02    2.89141730882837E-02 
 4316.475      14            3             2019          5 
   5.74079551142443E-02    5.88530006784507E-02    5.91049409529767E-02    .046273290833784    .116452083263199    .105036519893439    .170720895078956    .169348250086695    .163275595112693    9.06613599977955E-02    8.17130862327442E-02    8.5804964639251E-03    1.75924799749796E-02    6.53600440603276E-03    1.55248198931402E-02    5.42109003724805E-03    1.87653128570644E-03   -1.60142245698168E-02   -2.82000934730587E-02   -3.35893299629345E-02   -3.89438155215808E-02   -2.88371873980785E-02   -.025139146397985   -3.65460233605668E-03 
 1500.25       15            3             2019          6 
   1.08315276813555E-04    .055857359141315    8.13031151302257E-02    .103932679921185    9.64672595257561E-02    8.80936551264893E-02    .067755375121399    4.35260810210017E-02   -1.63306118825777E-03    2.14880848105719E-02   -1.92634558363808E-02    6.8321944753084E-04   -1.07482086318947E-02    2.13464432767065E-02    7.68705195455705E-02    .117163801963996    .182244629964016    .192942838791191    .184060997971692    .104665884950165    .06101482984444   -.100383273523423   -.140326608162962   -.227170471588069 
-2149.4875     16            3             2019          7 
   .162939997461241    .150000866621913    9.32373442988227E-02    .105972938248543    4.35394490667561E-02    7.33837731327853E-02    4.98607240338722E-02    5.00758887633644E-02   -1.2735593727883E-03   -3.88464709912001E-03   -4.71740363811741E-02   -2.43488280466292E-02   -.019126651928453    5.52224644005802E-02    5.46467478996174E-02    7.44014575808223E-02    4.07887940970849E-02   -1.71726974332817E-02   -1.49047149490849E-02   -1.84171815494991E-02    2.13830047980641E-02    .056304119714992    8.74510812942693E-02    2.70936673216572E-02 
 616.525       17            3             2019          1 
  -.177081226311598   -.05042374537696   -5.95069137504562E-02   -.168971255101996   -.186955106359421   -1.45979477905704E-03    9.28997226809601E-02    .22087507084345    .361907465228498    .272636947238935    9.85564263621742E-02   -3.33522565994891E-02   -.11270832983538   -.198633472326149    8.15052122033564E-03    9.23320209838377E-02    .297940067312761    .323851435227307    .362110214508738    .141478445276544    8.92096833056243E-02   -.110559180039935   -.130469161834475   -.131827584487051 
 3876.7        18            3             2019          2 
  -.014616167997039   -1.41905488593235E-02    7.49993570896367E-03    4.25619728119277E-03    1.42679340676348E-02    3.98147925048406E-02    5.02166799215203E-02    5.89870258342812E-02    6.87150184969255E-02    5.58303453968582E-02    .061131246434276    6.55486633094534E-02    7.63858436298914E-02    8.19898382912053E-02    8.87481589478084E-02    9.66575938031017E-02    8.44016849916246E-02    8.44435957884202E-02    6.83861242275566E-02    3.99502153893776E-02    1.71344192358856E-02   -1.03502974418065E-03   -.02121649856837   -1.33070656810893E-02 
-2350.25       19            3             2019          3 
  -2.21731727420745E-02   -3.9729814353921E-03   -2.64865435789068E-03    2.91883835652042E-02    8.41293505386728E-02    8.76981185200544E-02    7.71354137234403E-02    5.38878849168722E-02    1.79714920698056E-02   -1.83491117966174E-02    2.08754387831082E-02    1.44505910119685E-02    5.17976823962378E-02    .145388793620692    9.81278587384321E-02    .144176154070212    .134873944385903    8.78895862142325E-02    .038575682788691    6.33283667254481E-02   -1.38070421286839E-02   -1.31262633258035E-02   -1.44559082966157E-02   -6.09615972328409E-02 
-606.4375      20            3             2019          4 
  -.163928679334838    1.08626199655652E-02    .119962898072761    .35370503967845    .399896934058732    .353787493437919    .10110275172627   -3.25054100686885E-02   -.310769854925667   -.352365247861486   -.33562816630488   -.226548485125412   -7.15036574042017E-02    7.74399695366446E-02    .21154283187223    .307966603233214    .304256410509314    .226259909547949    .141275899085656    1.32742453933585E-02   -3.94929415858014E-02   -5.30351412538326E-02   -3.23817388649934E-02   -3.17427591848506E-03 
-2932.37503    21            3             2019          5 
   .0091990279974522904050236712    .0102732425736144670417548877    .0245492132703094255989487129    .0847435943416828235643515216    .0998593280205363090954979248    .1607954286802121623576913353    .1424272119790898642319976378    .1263608836554579446135851184    .044345453316726680761566845    .0134703097645733260796454129   -.0472228137885896538956683177   -.0235900931130217678875815554   -.0225499805868964857472545045    .0315230825028543501136005786    .0500149191353603907887593764    .0709237385642313288965634113    .0693507815062795702499212729    .0590067771788385471281277416    .0330380660757433881163556355    .0074632370607793642275012825    .0132264835170145341198052692   -.0026437580189052421442832979    .0284257638082534074776922377    .0170101025584029748063978024 
 2127.9625     22            3             2019          6 
  -5.08526355731734E-02   -2.02952354658505E-02   -2.20633590878314E-02   -1.57368841025444E-02    2.99582341361312E-04   -2.76673099702891E-03    1.81922855905021E-02    3.28600729814354E-02    7.23285800870624E-02    6.09385753046672E-02    7.07484286268004E-02    2.68919205456492E-02    6.80639315290962E-02    2.65394707256923E-02    9.10965329997665E-02    9.51614513883586E-02    .132573994040294    7.52715346495804E-02    .102927092886498    2.58052002674488E-02    5.50467862794773E-02    .034493089763508    6.60608431531299E-02    5.64154692818872E-02 
 3517.275      23            3             2019          7 
   3.58302951932615E-02    1.52390695848693E-02    2.36759996093222E-02    8.67148560267902E-04   -5.30240018722741E-03   -2.22651057992338E-02   -3.36020072357151E-02   -.041406343532491   -4.6840239621496E-03    1.82740904609048E-02    .072623693057836    8.80440078734158E-02    9.98358086576922E-02    9.83147430306043E-02    .103819720125243    .102757102527658    .10095528325095    .106879612140924    6.46238929431898E-02    5.84650040011777E-02    2.69740068661108E-02    3.06309580717339E-02    2.15578812996545E-02    3.78915478307736E-02 
 1203.875      24            3             2019          1 
   6.24753413152353E-02    .059838021783093   -2.75568470456323E-02   -2.39538985513698E-02   -6.51957246821786E-02   -1.97902612504948E-02    2.31232475286307E-02    .127972173190738    .15431418867946    .206572526217423    .18431107627307    .20375869841284    .16698161677623    .204433602368816    .19256567081154    .201266745344623    .140774587148596    .121503473281266    9.16623390917837E-02   -6.06375246599522E-02   -5.43764938435294E-02   -.259235795989189   -.257294154293427   -.373512620582299 
 130.6125      25            3             2019          2 
  -2.17312656825713   -2.25992908636592   -.479280302223149    .384630102303076    1.13637671012926    2.17312656825713    2.03253904567722    2.63068240867846    1.72447126463208    1.98516609132752    .774619604186106    .879797098088782    .129294675187593    .104890418675587   -9.27361484600238E-02   -.29036270829408   -.252751465311049   -1.24471238930609   -1.12604074608665   -1.9801895852773   -1.62063357681507   -1.39697574042672   -.151402045122253    .112546653722003 
 2248.675      26            3             2019          3 
   .044498426851368    .042513924188298   -1.94725776175397E-02   -3.03011760028649E-02   -6.00631482984424E-02   -3.28248857660622E-02   -2.28467867044599E-03    8.88300888300888E-02    .12919275226835    .189283694712233    .148198383492501    .192941393395208    .10954784212769    .143717961818835    .106234781348235    .137492073240005    .072887364290742    .120637706158731    9.09980304780827E-03    8.29933199838559E-03   -6.06746194981489E-02   -9.09368864116681E-02   -.133990010914413   -.112827551289753 
-93.2          27            3             2019          4 
   3.37285414274158    3.04479607185069    2.42006441042659    2.40866419583431    1.52883586965405    1.06276827308753   -.698766094420601   -.404104060881128   -1.78701720012616   -1.63680260785148   -1.98927032077773   -2.05592814433217   -2.91711373390558   -1.90987124463519   -1.76743568780596   -.495037561834114    .802440970752372    .72934547719014    .839055761247234    .136131974248927   -.323363742091625   -.631437751868252    .666845509934323    .604345501748277 
 3504.3749     28            3             2019          5 
  -.0398038177935813887949031937   -.0227215986508749392081309565   -.0074371323684574958004635862    .045774925508112730746930073    .0791938670716994348977901879    .1223363687486746923110309916    .1488353885881330790264477696    .1549409853380698509169210178    .1189028034643211261443517359    .0976211763187779937586015697    .0414867142211297084681208052    .019357221169458781364973251   -.0068518011586032076647963664   -.0107993639607451816870392491   -.0100527942943547506860638683    .0151560553638253715377313084    .0305546646849913232742307337    .0678295007763010744084487079    .0930372774899169606539528633    .0913001631189630995245400257    .0790297864534984541750941088    .0523595520559173049664292482    .017874086474024226118044619   -.1779240286191982484522417964 
-6345.9005     29            3             2019          6 
   .131783893489338    .223140123992499    .25476889168202    .251711796095024    .159931909947956    .119553558678232    3.06831936454857E-02   -1.41035930350076E-03   -6.7563301766748E-04    3.39392342843537E-03    6.1988840710438E-03   -2.14311591892588E-03   -2.72045704070277E-02   -2.72715432585178E-02   -5.26914974478405E-02   -5.05602012044651E-02   -4.38117480563215E-02   -2.27922730506478E-02   -1.99617064673103E-02    1.5836996168999E-03    1.00950999783246E-02    1.24903466337429E-02    1.73419049119597E-02    2.58454252392142E-02 
 1484.7875     30            3             2019          7 
  -9.43737740249026E-02   -.107405946038417   -8.52984023140543E-02   -5.78533975574814E-02    5.85942419993779E-03    1.54567577939196E-02    7.62482857148777E-02    .110352495628846    .109577967856169    .147958883005144    .116843321385557    .105048706366073    6.38054287578241E-02    2.30251803709285E-02   -1.28553746704699E-02   -1.18030355310307E-02   -9.02486020291138E-03    2.12151570510932E-02    7.54316695149979E-02    8.07859690011144E-02    .118139805260696    .116506572860937    .106505137569007    8.58540353243283E-02 
 3158.8875     31            3             2019          1 
   3.12491348697536E-02    1.55948892649515E-02    3.39043408396535E-02   -2.68686371095358E-03    2.61009602109104E-02   -6.86159264521467E-03   -5.56366783019004E-03   -.037473635892383   -4.22221418728279E-03   -2.89461084005049E-02    1.27774411836637E-02    1.56423736122673E-02   -1.46412306851847E-04   -1.38537699626655E-02    .013402662021322    3.81977827555179E-02    8.96597318212553E-02    .153709173812923    .168975636015547    .152684291542513    .129345376781061    9.43251362691721E-02    6.11963863860299E-02    6.29889497816923E-02 
