 275183.448    1             3             2018          5 
   3.74617747778293E-02    7.22270883776047E-02    .103667663180091    .133929975686619    .164679463206668    .197175470311172    .232180570686068    .270374012920283    .311337368754097    .355018002845142    .401024045921178    .448602477582518    .497064268832768    .546032228108429    .594964529352797    .643587661838586    .691510977070103    .738818623458777    .784914521366852    .83001023420929    .874044779938945    .917326702731045    .959251122000623    .999999848283026 
 286538.33     2             3             2018          6 
   .036353008246532    7.03483680743515E-02    .101147564784352    .129773145773377    .157676344404778    .18716149216843    .21903275994524    .255613926067064    .296488693153199    .341069770665586    .388357483229207    .437511819971869    .487461507331323    .539221325555293    .592817830864024    .647151421242666    .701887771873313    .754820317145703    .804394454836112    .850060411202229    .89213217128752    .930375964011516    .966287389893003    .999999938926146 
 265589.396    3             3             2018          7 
   3.36260145364576E-02    6.50083901034211E-02    9.40644244391256E-02    .121419201328919    .148511965157675    .177176939723339    .208676735440898    .244976571607927    .285619372252723    .329992055198619    .376295555772114    .423828809415267    .470605196903268    .516861102861953    .561729646389948    .606176545165982    .650908835136626    .69708061217173    .745788964499923    .796753972248199    .849555049630069    .901886005173941    .952816714207219    1.00000003859341 
 302342.453    4             3             2018          1 
   3.81572599409733E-02    7.30276194768288E-02    .105743005297953    .137009037356391    .168790388162922    .201444791810299    .235985224220232    .272784193450663    .312472374041696    .354277876377156    .399204942491156    .4454961746639    .493256172827307    .541149659935451    .58915229479864    .636855961971044    .68439347855989    .731777661157628    .778947475910702    .825595066201305    .871560017904598    .916414680607225    .959381686633336    .99999994873363 
 288223.543    5             3             2018          2 
   3.91856963411729E-02    .074887050214007    .107798746748284    .138967045515605    .170580135216435    .203807518249819    .239941905960125    .278957114244134    .320612932415795    .363884250123523    .408921124505433    .454236428606042    .500151229405295    .546047462802163    .59209212699533    .638257791019521    .685024659401262    .732424879497092    .780127111267937    .827233559820615    .873553455260246    .917844218228904    .960123575852372    1.00000006765582 
 288911.667    6             3             2018          3 
   3.70706036001395E-02    7.09976276892619E-02    .102338562490451    .131829234526032    .161668629065783    .193480647516564    .229136401360697    .268992603758366    .312547222478558    .358419591142714    .40599138710968    .453790193422684    .501922227668293    .549883361927367    .59755661624077    .644531019406703    .691035393527393    .736735510148159    .781859920959855    .827015429079228    .871694201951353    .915999482637716    .959040752411013    1.00000007095594 
 280644.454    7             3             2018          4 
   3.87386946356243E-02    7.45302801017582E-02    .106562490185536    .137385255994583    .168860482140509    .202850553435487    .24070678210338    .282535786588179    .32651940228614    .371442791365476    .416311479337126    .460339440513227    .503915233703496    .54763447463316    .591773229910326    .636460666527192    .681777124125888    .727872369606848    .774718843633375    .82178556965177    .868754362592891    .914534986232081    .958604926680646    .999999941206748 
 302522.83     8             3             2018          5 
   3.59720946773257E-02    .069024930077178    9.97085260267795E-02    .129452768800127    .159968027764219    .193223240065056    .230666553124272    .272607215296776    .317998624269117    .365531426380283    .413709040363995    .46144766371847    .508496437277147    .554710976275741    .600472295347098    .645838344663112    .691277993796369    .737227831697859    .783558477636217    .830027387933003    .875896808349968    .920139130491408    .961647774648941    .999999942153126 
 296909.952    9             3             2018          6 
   3.50629870590781E-02    6.67870448520702E-02    9.55834440377735E-02    .122742943835375    .150050807744565    .179525271836459    .212283559840055    .249686287881654    .291628192038507    .337386620548509    .386199557862917    .437450287116007    .490636393774366    .545951407684711    .602841236187327    .659791899632923    .715558386705744    .768197399880352    .816738895468213    .860738504733583    .900691011529314    .936618044887899    .969581637667706    1.00000005641441 
 259753.062    10            3             2018          7 
   3.25847450633229E-02    6.38907741489877E-02    9.46648639747315E-02    .125703425237678    .157283907446296    .189833662095579    .224118959327224    .26046820600136    .299851042997522    .341829494246732    .386723274459417    .433183626676555    .480329245117811    .526843464601776    .572280910205401    .616183364279263    .659989753556784    .704513951985675    .751066819955331    .799682283918563    .850482575350738    .901626763113961    .952138800003828    1.00000006207819 
 296916.464    11            3             2018          1 
   3.93094735319645E-02    7.50434004015015E-02    .10851965246486    .140683627285316    .173161078059989    .20744034296798    .245028882517609    .302625180251035    .36336738070712    .426195105671203    .490031979163001    .536934323133392    .566302747613888    .59470393876508    .622480953935919    .649376776391895    .693471354623164    .737307600514197    .781921948255453    .826369740311874    .871676254537371    .915932915394008    .959509671211766    .999999910749308 
 309934.998    12            3             2018          2 
   3.58924933148402E-02    6.78151143929541E-02    9.69276704393029E-02    .125196992717486    .154996461951677    .187897841687114    .225290233679902    .266711822344761    .310982017389014    .357947636491185    .406883199908905    .457492450965476    .509284208039003    .561282812920663    .611742284587041    .660407630054093    .70659796058269    .751476524119422    .79483485961466    .837941781505424    .880497126045765    .921876266293747    .961872051958456    .999999905625372 
 313163.233    13            3             2018          3 
   3.51028122009776E-02    6.76869074897116E-02    9.86622047039603E-02    .1284717759915    .159228013126943    .192096679457579    .227099216976087    .26422874029564    .306887104504059    .351178577690824    .400108755942304    .450942743652158    .502482109306235    .551014007844912    .599842676534764    .645503518447838    .691027650506469    .737449477346531    .784000080877949    .830472949389943    .875944842318064    .919656271558545    .961262668405266    1.00000005428479 
 288355.663    14            3             2018          4 
   .038418562152315    7.40525111084779E-02    .106748285558207    .13907399293039    .171986120747696    .207535372731695    .245476392161232    .287097897874473    .329642227713073    .374257405125073    .418701353023193    .463326527854596    .507209238509042    .551249144359617    .594819632084007    .639018683846691    .684060499099683    .730264561771412    .777361510496848    .824767701891813    .871765651781217    .916930037021676    .960023845621509    .999999976591408 
 299333.458    15            3             2018          5 
   3.53886266866967E-02    6.77294792042592E-02    9.76794793454897E-02    .126765815801319    .157356908294562    .190836593160762    .228732731156969    .270904083999858    .316135386500964    .362889734372761    .410047452413422    .456158548186752    .501747546460376    .546745491945641    .591758836227389    .637067837401591    .683037995037628    .729658608276927    .776873980455603    .824186913144871    .870890471087933    .91625480353085    .95941757787063    1.00000003591313 
 312776.081    16            3             2018          6 
   3.59244216142202E-02    6.93294689927872E-02    .100757822075116    .130867184182156    .16097814487691    .192158910442707    .225711393193139    .262052187583999    .301908176443965    .344679864402739    .39021004034992    .437946092495481    .488132754627103    .540808767518895    .595734143190444    .651598639187502    .707124484368739    .759918443060229    .808829182417565    .853449612088464    .894355473428929    .931878823080464    .967137373589638    1.00000004076399 
 266577.819    17            3             2018          7 
   .035798316398466    6.93686688069873E-02    .101232349072992    .132794888966362    .164605106595534    .197596220603973    .232103689438993    .26794069792806    .305577515059496    .345151149372259    .38679359796998    .430240427045808    .475617596535667    .521611055344406    .568006689164938    .614393530993665    .661017991054237    .708137205800307    .75651361676119    .806086793646549    .856257298455128    .905958486741164    .95431045596483    .999999975616876 
 321267.95     18            3             2018          1 
   3.56302258266814E-02    6.89971053562922E-02    .100831373536872    .132153766135869    .164743640199715    .199829933627055    .238151965516635    .279834145259432    .324377084416606    .370162488197158    .416651622111698    .463194692701217    .50931196023444    .555142813810092    .600929117345817    .646505315889742    .692106902120177    .738039792796013    .784039022177593    .829984655332099    .875287376938783    .919267701617917    .961116336067759    1.0000000583625 
 309191.296    19            3             2018          2 
   3.70531444896334E-02    7.05460057242362E-02    .101330630045048    .131287212177053    .162494833881902    .196808706615402    .235443112012765    .278041487340252    .323000557355599    .369056339194296    .414979466506392    .459774979807323    .504289695059851    .548389719628459    .59274312697664    .637356436126844    .683097839371261    .729209108703371    .776412794378921    .823778141704222    .870710656259871    .91613854000599    .959456787231165    1.00000005336502 
 313596.21     20            3             2018          3 
   3.67686515268313E-02    7.05779590536187E-02    .101910330355635    .132348077385087    .163843433208265    .198286361823378    .236772482438484    .279279498267852    .324601738649839    .371335029248281    .418140965016765    .464372690043033    .509884639948295    .554961565862036    .599827930398138    .644843920068422    .690019200965471    .735647343282624    .781491079324588    .827366105604401    .872789167318062    .917144474577674    .959706671837647    1.00000002790212 
 316226.084    21            3             2018          4 
   3.67953190364825E-02    7.05973966437569E-02    .101689193326079    .131488920953466    .162288211572705    .195633717473477    .233024341534078    .274430041956944    .319096759741047    .365329801509986    .412524773731189    .459331475483218    .505805642206289    .551884966816969    .597835032640761    .643725756032194    .68975502745055    .736173903431066    .782806184878158    .829063685018469    .874634324915462    .918722342809646    .960726309819528    .999999932010669 
 313315.198    22            3             2018          5 
   3.66601109527888E-02    6.97691353891808E-02    .100604297748589    .129968098351712    .160515411603972    .194006570441725    .231670855621884    .273557688222963    .318768699260481    .365245084400598    .411856816470167    .457670605081851    .502141646429166    .546146154790104    .589934477101235    .633838397858376    .678740315208074    .72439197674988    .770795526889826    .817853868917651    .864923331934891    .911136379027487    .956054204877735    1.00000006622724 
 338684.05     23            3             2018          6 
   3.84250748180716E-02    7.53253370933027E-02    .11027643933557    .143403426069223    .174871337497293    .206411264790887    .238909242995057    .273588872874291    .311929201603973    .353508191299531    .398298853311811    .445410285412023    .494513848895453    .545089977665024    .597210456914047    .650503350763049    .70371260286689    .755928718816254    .805365188440377    .851262500404138    .893145839020172    .931913257355934    .967174919368066    1.00000003690755 
 259199.688    24            3             2018          7 
   .039177093568444    7.54433416794854E-02    .108830147335575    .141304393420026    .173652281508533    .207423345379374    .242843566086777    .280416732937966    .31969198396566    .360476899956762    .402382965300869    .445590422305987    .489015827827694    .533185200053173    .577018381191107    .620371780212174    .663040439307936    .706488420329426    .751004954913372    .798264066101036    .847836126156911    .899186918581476    .950286758254123    .999999998070985 
 326220.21     25            3             2018          1 
   3.71481268023293E-02    7.19085715041229E-02    .10434818946763    .135900376064224    .167559876099491    .200995196810461    .237509306788503    .277661129195521    .321639977294785    .368430336903406    .416961827717541    .465901066491251    .514259074031618    .561449781498823    .607302292062162    .65222732330103    .696175205929148    .7400725571233    .783906300976877    .827960467256152    .87202473982222    .915987853726169    .958784673395925    .999999931028185 
 321375.3      26            3             2018          2 
   3.95869245882462E-02    7.64784996894596E-02    .111195199584411    .144582833722753    .177876924580078    .212265530168311    .2491109839104    .288687765324529    .330893847084701    .375281981455949    .42104375320692    .467233811216979    .513531414828707    .559547707929016    .604860530274106    .649607425492874    .693867934545685    .737870324430658    .782202595376807    .826535790087166    .871329991757301    .915435454280401    .95863883674321    .999999844418659 
 332400.94     27            3             2018          3 
   3.80336173425081E-02    .073523984036417    .107106051937609    .139315553962483    .171882434545763    .205630858399498    .242202209739539    .281570964044205    .323198803040389    .366444511258001    .410799455019592    .455269235625507    .500456241188728    .546087317021426    .592225874872676    .638681632488765    .685705886541717    .732702735813563    .780005691319645    .826730138007432    .872918240694506    .917437425116788    .959985627597804    1.0000001805049 
 317841.22     28            3             2018          4 
   3.89483147680232E-02    7.47863648809459E-02    .108297563442212    .140506255568425    .172546944194337    .205675624471395    .24155307306428    .28009575524062    .321577945624863    .365286999669206    .410317025785705    .455630703752018    .500802236254945    .545848558833873    .590357565170433    .635423846614357    .680626153130799    .726368479676739    .772016960229388    .818229696576171    .864261721623143    .910337400542321    .956040743393824    .999999996067219 
 318466.165    29            3             2018          5 
   4.14973439957115E-02    .079717075772398    .114127827559012    .1452975806119    .175754664745939    .20651259275063    .239931812104749    .276878780631217    .317288734778151    .360344059234676    .40534108819692    .451081278917024    .497195969782222    .543466927247986    .589488937545375    .635816170612661    .681783328144137    .728049133963729    .774304342111194    .821007988792153    .867458616051096    .913173441046712    .957699560485492    1.00000007065115 
 322569.32     30            3             2018          6 
   3.92393188249428E-02    7.56716101945157E-02    .110094286283953    .142159886652426    .173778368979728    .205738141804682    .239723181826468    .276761756395494    .317507140790699    .362236165043532    .409635109594428    .459150871431294    .509973765096445    .561646960488989    .614004892421263    .667270429655244    .71926322689337    .769444979299333    .81602450211322    .858319965147336    .896301336097308    .932333610493397    .96611782158948    1.00000007362758 
 266987.036    31            3             2018          7 
   3.97693481664967E-02    7.81622615821504E-02    .113540522829917    .146813951951585    .177503834516707    .207671541681147    .238931486452398    .272023683108718    .308416601827064    .347592485726535    .389716019769589    .433553939487908    .479284068356413    .525320743007911    .571795963063165    .617885572166882    .663819099253943    .709803951398599    .756007330071262    .803754498589212    .852186449888151    .901594572179902    .951125242556721    .999999982208874 
