 272305.758    1             11            2015          1 
   .037022831788366    7.14242780995472E-02    .103552225243434    .13455772664932    .166056828180438    .200078456016343    .237371610225003    .278609089768128    .322302333577537    .368078254610393    .413972924279846    .4600140286053    .505298601691706    .550146625066959    .594623569711662    .638895379601191    .682909953376748    .727691931967887    .773454196477182    .819780165555662    .866941879447882    .913527666756132    .958329498948752    .99999997062126 
 276071.638    2             11            2015          2 
   3.76098386666761E-02    7.12429157155941E-02    .102495857320736    .133056128849788    .165603528965188    .201142170343119    .240660275875568    .283259414808123    .32785421441952    .372946959966239    .417651502379248    .461558471011789    .504018464674738    .545627682786451    .587275726871299    .6296380330275    .673738565549425    .720181051340015    .768228136495499    .816654369164137    .865392398168044    .912365882908986    .957539619662053    .999999952910773 
 265566.134    3             11            2015          3 
   4.05454192226747E-02    7.71085882791817E-02    .110452543915577    .142147898906229    .174579556777183    .208901089351626    .246565083247776    .287691550355965    .331044452047865    .375621683890989    .421203667812177    .465497013212912    .508922313302192    .551316061256515    .593451869695102    .635782015319016    .679922797497967    .725411701967993    .772936763559619    .820630921448742    .868295190361132    .914612866733226    .959006528483033    1.00000008378327 
 266000.937    4             11            2015          4 
   .038833359301052    7.40798979427091E-02    .10741662114897    .13994700761618    .174108174288123    .210135156168642    .25017813071651    .292797958264335    .337527006530808    .383145913034885    .428376516160543    .473358911748871    .517835053246448    .562155444587776    .605991932558493    .650447426807373    .694526982530892    .739310071960386    .78402684348439    .829339301349905    .873876151045288    .917668290018091    .959813524547848    1.00000000187969 
 272999.643    5             11            2015          5 
   3.60371350375722E-02    7.03102095608784E-02    .102696062064997    .134662450021043    .168457466169654    .204817174889126    .244291299311333    .28702718967475    .331680808049628    .377282888058575    .423141922387056    .468078508164936    .51240766411918    .555983213318708    .59924528912296    .642513889661021    .686466900434738    .731142325156814    .777191206345277    .823538107612104    .86999438402196    .915303795378956    .95881924834605    1.00000004853486 
 275041.756    6             11            2015          6 
   3.78938449201782E-02    7.32012998873524E-02    .106042130097057    .137061376100653    .167396954605504    .198834041993609    .232098394543409    .268708801528303    .30885196755361    .351975022021747    .397927305990586    .44658883767816    .498051591755399    .552447536820555    .608163054249116    .664360543949552    .718503572872041    .768849962367169    .814465422479342    .857115537394984    .895583900904123    .932588111730206    .967341414334193    .999999864566019 
 246816.503    7             11            2015          7 
   3.29651785790687E-02    6.41534289949809E-02    9.29885605263802E-02    .12107278628265    .149887414538079    .180085550995348    .212604696276124    .247393746499196    .28486658137888    .324546616469564    .366469366515577    .410329411046311    .455292090263916    .501436948332827    .547050003175841    .594384130383696    .64220793058153    .692584424247353    .744596242111898    .798485213628523    .851826270506717    .904250654483181    .953571011821685    .999999987845221 
 274418.289    8             11            2015          1 
   3.83001432008236E-02    7.35272518817068E-02    .105743994116587    .137325884919427    .169094861808755    .20438964916256    .243466969005481    .286870485561915    .332618449995146    .379765453378729    .426502128562576    .471728535192492    .515396702477071    .558106080258375    .599959214999697    .641757347029447    .684585498782117    .728728591136285    .774028163899091    .821131609234689    .868244107811634    .91466616862406    .958775951882711    .999999971758442 
 259091.722    9             11            2015          2 
   3.90941464604666E-02    7.52863961869457E-02    .109100872055264    .143101711099824    .179243985311503    .218122259710791    .260365413903498    .304323151532414    .348581066399335    .392016757968825    .434692221660405    .475955480353016    .517159035285581    .558517759687436    .599943665896049    .642347085485039    .685422443755266    .730284994883009    .776413145110055    .823690924405528    .870572729066195    .916668253299115    .959459445794258    .99999998745618 
 254713.268    10            11            2015          3 
   3.71800419913736E-02    7.13672119398586E-02    .102553412505194    .132739269494984    .16379894911874    .197239584168423    .235163400601691    .276927810058171    .322232122101311    .368583567464574    .415556974440766    .461096937488549    .505477754009265    .548930351559071    .591799265831727    .635125066394264    .679349058290909    .725210430537918    .772324130068482    .819835764798087    .867801279986718    .913973234307527    .958689384998978    .99999999067579 
 256007.574    11            11            2015          4 
   3.82831462268573E-02    7.22794624964885E-02    .104293262957818    .134501605360707    .166919347423291    .202188033580405    .242159308878494    .286214218851588    .332593248295849    .37902082977045    .42508282147543    .469674672349733    .513032428876499    .556221458705749    .599403774866442    .642592011262136    .686275472263957    .730837142146427    .775731871022691    .821616011544252    .867641810472373    .913399611958356    .957741989012403    1.00000007714616 
 260705.836    12            11            2015          5 
   3.82036407860659E-02    7.33714875489017E-02    .105111283354623    .135405769047495    .166067392067318    .198217027782608    .233501572462881    .272316556906689    .313331593390184    .356453830017062    .401110303012166    .446191794062869    .491812056855912    .537835342128666    .583879454275047    .630030427761502    .67653195199282    .723618486622601    .770981913788075    .818767392303408    .866135494277926    .912675795450931    .95742810203144    .999999909860092 
 283348.612    13            11            2015          6 
   .035966861049067    6.93679849951938E-02    9.97551124628414E-02    .128882659415498    .158541616131156    .190438636902516    .225593170432577    .265236377353421    .308203876520136    .354094618787121    .402605008393336    .45320006499626    .506631650625485    .562386070555376    .619213208374566    .675604542488459    .72904191824663    .778301743542686    .823093243615395    .864007838778473    .901510559102368    .937003663529504    .969719325817626    .999999935591708 
 239030.289    14            11            2015          7 
   3.23748727731844E-02    6.21739205415616E-02    9.00485791180422E-02    .11730709666987    .145602771940965    .17568875379534    .208814213812878    .245031806146961    .284838378788054    .327400191948059    .372486136056172    .418615357989213    .465426403816547    .511831610647887    .558121540509036    .605428110619069    .654113755432894    .704692857983366    .756979118658891    .809051363570079    .860142822736578    .909240549217593    .956032932399626    1.00000003294562 
 273847.246    15            11            2015          1 
   .036477684630659    7.00891286076691E-02    .101930599888158    .132980115057465    .165367111725491    .200355053734957    .239500993557554    .281891585555693    .326244437108562    .371339490757559    .416311985204335    .460418520148273    .504027286712243    .547600791829763    .591066401485739    .635117761965735    .680266506587399    .726480055600048    .774018590550295    .821985968593601    .869781033419631    .915949335948407    .959677694732048    .99999990049197 
 258812.495    16            11            2015          2 
   3.91129112844803E-02    7.43415025832698E-02    .106645724711823    .137858762624656    .170308413094584    .204521737831862    .242894308604575    .284030764965579    .327450954164713    .371346330525889    .416152054646743    .46006844042634    .503701349986986    .546797040266545    .589117495080753    .63120588034206    .67337619026083    .717422798211501    .762571857282238    .8105616553598    .859200270160836    .908185902597168    .955204015072765    .999999958947113 
 248652.252    17            11            2015          3 
   4.17170957481917E-02    8.03562467584247E-02    .114741618019812    .14752032778191    .180242184172939    .214624036463583    .251363253538922    .29091013797655    .331781317930714    .373422241315554    .415363879602023    .45653046458232    .498340549917883    .540382635967439    .583209829525292    .626961444129611    .671837307047595    .717591341682278    .764413698131316    .812389962790283    .860403616513395    .908559851390367    .9553533020083    .999999991956638 
 254706.333    18            11            2015          4 
   3.96318776823464E-02    7.59174383926685E-02    .10821404560198    .138753328769803    .169719673916588    .203212948772656    .239863827561367    .280530943109687    .32332649022708    .367573954521578    .424935265056798    .469626929633509    .526430766054019    .571206044079791    .61566594665316    .648203786024433    .693548531143118    .727951017908141    .775118695713781    .823138519096029    .870335335851268    .916423032167009    .959422920002543    1.00000004220547 
 276808.493    19            11            2015          5 
   3.44778077311378E-02    6.64397035633946E-02    9.69542568144757E-02    .126861341913378    .157864316662242    .192233111187452    .22859698144269    .269869056636929    .312429562087172    .357205611010642    .401823777766096    .448650911923067    .494151203662671    .542025513736676    .589744989778908    .637930661325482    .686239387261142    .73467534466148    .782959798401128    .830538326365586    .876694672984618    .920534436058651    .961811281021641    1.00000002528824 
 283755.583    20            11            2015          6 
   3.46644267061875E-02    6.72338299309339E-02    9.74588340742885E-02    .127044554265211    .156469085447034    .187179976230635    .220427023060547    .257485104486913    .298454342438436    .342696533613226    .390633200554507    .440763271475437    .494102778146924    .549546896492253    .606511854957934    .66312296576029    .717764291531138    .768266656889003    .814828185688949    .857204719739382    .896226584112708    .932891226143734    .967720276538136    .999999817624734 
 249028.614    21            11            2015          7 
   3.51504771631384E-02    6.75632700585966E-02    9.82809687785517E-02    .127710019776081    .157426578522619    .188380146849309    .222601019806905    .260397677257482    .301767217300579    .345688029800061    .391596063735873    .438058909668107    .484617439885844    .530570429749892    .576010802818828    .621451489606732    .666787206027658    .713649729926216    .761523621036577    .810829451008389    .860229333927064    .909543571567242    .956013695779554    .999999981427837 
 266565.464    22            11            2015          1 
   3.73125980040685E-02    7.14136036415618E-02    .102041259858216    .131613073477515    .161519657700294    .194125669703222    .230634393292974    .271102085171093    .31460904571644    .35980315045613    .405499477044033    .450698271063351    .495792963074917    .540705769652891    .585739090717318    .631412322603051    .677117617438244    .723453913463449    .770576132754392    .818196119077901    .865792600387273    .912752922299042    .957744215694798    .999999900587272 
 258568.379    23            11            2015          2 
   3.99675693112304E-02    7.60961214876549E-02    .109256935365152    .14098186818505    .172940864754773    .207287104603769    .244658067194481    .285136555212732    .327782189387512    .37123917204702    .414735916915811    .458044999868294    .501167025193363    .544713503038204    .589076586681158    .633983349042846    .679891841105598    .726924008368402    .774330170028254    .822158487910078    .870099747386358    .916016518206969    .959769995212756    .999999924101315 
 260654.142    24            11            2015          3 
   3.61726976759974E-02    6.89983850083994E-02    .100880529012944    .132276156674311    .166393534857006    .203057585715442    .243264705630498    .285268222401776    .328778525126986    .372200468427622    .415414461359298    .457774652876991    .500488941491672    .543242913918475    .586645255094392    .630965119575963    .676267308270896    .722582752972328    .769937290119871    .818224816469634    .866348152545376    .913883784551561    .958487550142211    .999999934779475 
 260085.578    25            11            2015          4 
   3.65708992774774E-02    6.95512961602969E-02    9.94008462956758E-02    .129198340247839    .160920065630283    .195912589442003    .234869118011995    .27699644787686    .320853526911054    .365077792779421    .409698562755371    .453708506138314    .497354086276941    .541599078496386    .585589046483    .63033327341972    .675466795298431    .721607017075741    .767984420401042    .815916360133586    .863435935594245    .911010060407886    .956699108571872    .999999940404231 
 265828.52     26            11            2015          5 
   3.80517494299521E-02    7.32896915439133E-02    .105287763082663    .135663452679005    .167480207259176    .201320352708016    .239380382558275    .280926902848874    .3266297973784    .373385150227673    .421652756164011    .468694360277821    .515606357812924    .560916112387038    .60592744854841    .650840624625228    .696060741996382    .741615485332424    .788017579434291    .833802264237863    .878849749172888    .921877957733805    .962398910865546    1.00000004232052 
 286588.958    27            11            2015          6 
   3.24517031974676E-02    6.25347660376364E-02    9.16128201151769E-02    .120088966843586    .15028094479132    .182627058637409    .219249399801544    .259619759146478    .304207790692341    .351651774472763    .401998271074352    .454203838123798    .508798497568074    .564786839676496    .620811165376441    .675820917357186    .72758473130008    .775337192596932    .819359136823408    .859695488948322    .897363875844093    .933158444471542    .967564210027938    .999999928468982 
 254714.81     28            11            2015          7 
   3.56500192926552E-02    6.90565521592561E-02    .101393107734391    .132304938781337    .163966666411152    .196301005966241    .231405707966097    .268817095136714    .308550288556052    .349635821627333    .392079368588737    .435036112054105    .4787951007835    .522656225800141    .567224820967418    .612621180134755    .659532836940263    .708238105098797    .75908633365292    .810673992120835    .861765814186462    .911301729471482    .957512847898401    1.0000000098149 
 264279.891    29            11            2015          1 
   3.77314447635178E-02    7.22313782899585E-02    .104089692166552    .135102459540707    .167169595586068    .201516467251759    .23968455698262    .281665809280207    .325527096668131    .370505925571916    .414239625689115    .458446368323952    .501007483482729    .545239589852109    .589943497157716    .636523493098459    .682490679928425    .730441618238748    .777046209316016    .823938669911893    .870317411418185    .915711992725924    .958882014882472    .999999939458125 
 264058.103    30            11            2015          2 
   3.73593905758215E-02    7.17158391367373E-02    .103824635626217    .135618249352681    .168830917773427    .205559902142068    .245447933195975    .288195923114694    .33194008346716    .376134488003195    .420067852689603    .463831096200066    .507775378228026    .551888716325437    .595618497740249    .639488932384703    .68348836325996    .727814900173694    .773287610018921    .820084188062201    .867129113436068    .913625213103193    .958467675767556    .999999964969831 
