 325356.57     1             5             2016          1 
   4.02318906943772E-02    7.75004160243329E-02    .112478470543871    .147949829993444    .183951617105811    .222531140987871    .263637243824522    .307215442122469    .35131455928491    .396855363947315    .441994974160196    .486956222368585    .531766194240368    .575709520788223    .61877933454671    .660798089923311    .702088461745217    .743192403491345    .784706376146023    .827187076627959    .870591379175162    .914658992440202    .958017960110656    .999999976948368 
 308413.05     2             5             2016          2 
   4.14037285235255E-02    7.97774296211688E-02    .115485028418058    .149857117346364    .184214742108837    .219823479218859    .257910870259867    .298003106142882    .340061657977832    .382846128552278    .42624503486477    .469394351989969    .513006623746952    .556737243284615    .600516701546838    .644072839168122    .687642149059516    .731204518177814    .776015567839947    .821795893931855    .868504915729085    .914887214565013    .959330960541391    1.00000004053006 
 306862.56     3             5             2016          3 
   3.73670856761167E-02    .071264052321176    .103085467032863    .134937674744355    .168652305204649    .205097214368543    .245617696078661    .289193265993414    .335754165684142    .382703879507164    .429959028318737    .475620400709686    .520473288188041    .564140486053431    .607991856354193    .651553958309544    .695221054337812    .738905717269647    .783011934968541    .827066368490832    .871620873201345    .915898941043834    .959152832949057    .999999906309848 
 302077.81     4             5             2016          4 
   3.88567427896309E-02    7.43069103619362E-02    .107597503965535    .139727800492032    .173281073467462    .209136772161451    .248831480703598    .292286370066375    .338723365678532    .386077576337037    .434185524914922    .48133143866145    .527130793304546    .571816455170938    .615108281207415    .657191085137965    .698585738555242    .73988904547474    .781373855712871    .823719629968848    .866680105119274    .910111744056937    .955023082463422    .999999904825846 
 623275.6      5             5             2016          5 
   2.18562867443792E-02    4.31617913588307E-02    6.35130099349309E-02    8.42888751280333E-02    .107988745267744    .136476356225881    .17232078995231    .215759639475699    .264804982539024    .317770616842694    .372184321430199    .426356685148592    .480218642443247    .533664601983456    .586722490821075    .639429311046349    .692009632255779    .744369946457073    .797151873906182    .847288402594294    .895014480752977    .936746019738299    .972067673594153    1.00000014038733 
 312094.248    6             5             2016          6 
   4.60657652093687E-02    8.21168335221929E-02    .114454633628813    .144576819467688    .17439810211193    .205051264874641    .238778356346061    .275281652459356    .315062228814291    .357358271266505    .401750660628965    .447099066289104    .493819077851124    .541799576037044    .590741021923608    .641830056252751    .693405522167778    .745316874199489    .795653331377642    .843668925131872    .88760967808673    .928439491778137    .965517333885628    1.00000000640832 
 468218.483    7             5             2016          7 
   2.13978318142612E-02    4.13777433445531E-02    6.00527856965228E-02    7.82031247525528E-02    9.60942949362381E-02    .11472048189093    .134387315504587    .155611815360565    .17817982195611    .202084777855726    .229476771050493    .261584544816015    .300704770020794    .348322397121175    .404311917135488    .46550577169334    .530765036031267    .597261102783078    .663994572059643    .731506190348321    .800278638295447    .870233159932732    .937264099845456    1.00000003630784 
 354619.91     8             5             2016          1 
   7.48573321521203E-02    .135990474103668    .186929894883793    .22986329662793    .266634929458698    .300224414042348    .336657458121852    .372288653364105    .410099426947009    .449397444294653    .488430829715681    .527180989358437    .565283536604022    .603118984492439    .640690681679435    .678802966463445    .717164417671867    .756528218480457    .796616474523385    .837393231812619    .879177141379343    .920675093369687    .961348482943329    .999999989425298 
 301861.63     9             5             2016          2 
   4.13105835217447E-02    7.81992061851319E-02    .112866748334328    .146736700810567    .182660315671786    .222746433730249    .26576865491318    .310774038464246    .355828492511619    .399860748076859    .44208236444294    .483587101232442    .524126888452169    .564696749467629    .605231515761046    .64629058063789    .687869492555248    .730796963164878    .774669403163297    .819880825860511    .865841712393192    .911917924944618    .956735127283319    .999999983436119 
 360688.243    10            5             2016          3 
   3.34264847081875E-02    6.53838054873194E-02    .100015237570413    .134823528802268    .179836193832495    .232004547206713    .293567082840845    .357755089587159    .42545783956978    .488947441932561    .548219023180082    .604004820584074    .653982451127469    .699796167184745    .738404994254276    .774202962445881    .803369771190463    .831056163646565    .858044671558646    .886194674218976    .91479295181795    .943924064916083    .972617733065394    1.00000001940734 
 251343.556    11            5             2016          4 
   3.50053227729757E-02    6.66707977610733E-02    9.39821221485782E-02    .119764662563599    .146727811250311    .176734004372087    .210844235225788    .249001917295027    .29009462276606    .333033391454842    .377882052205866    .424080801031159    .472128332832611    .521685159594861    .571851367655513    .622716693500588    .673417839186615    .724890961099476    .7762603281144    .827347461913843    .876425455781329    .922135984659977    .963414581732901    .999999963695111 
 245778.668    12            5             2016          5 
   3.26574850816335E-02    .061459768347349    8.75824124487281E-02    .112034187121764    .136294836137895    .162529154966167    .1917105486195    .226538934208887    .266962086138004    .313704948449798    .365025767309472    .419540421374161    .474522499293958    .528171632505145    .579032974192048    .626769521450088    .672100512604292    .716611406141236    .762150981813442    .810457719422582    .860099181797177    .910558707438353    .957698490639554    .999999952192759 
 277438.04     13            5             2016          6 
   3.09890806779326E-02    5.72603498018873E-02    7.86329991238765E-02    9.88707596320425E-02    .119545287143212    .143841069433016    .172716801695615    .208235909178136    .24900897692328    .295105389792618    .344296694137545    .396186264237593    .449794517633559    .505607711545252    .563705706146136    .623981326605393    .685275642986809    .745684119686688    .80274460785911    .854350274479304    .89924943241381    .938112445304905    .971010162305068    .999999968461427 
 209370.333    14            5             2016          7 
   3.35828381187128E-02    6.39535990427307E-02    9.10560595039031E-02    .116825710405805    .14192555160143    .168151322744947    .196221090215298    .227386150560786    .261290301811766    .298328683372969    .338300451215311    .381102226168786    .425305226385631    .470914414663036    .517525379001523    .565218158498606    .614472838482327    .666203730377598    .721093759854697    .778043984507585    .836405136132634    .894165751983592    .949116976854596    .999999976715899 
 469392.274    15            5             2016          1 
   2.07088791807106E-02    3.90442896182501E-02    5.61670407894272E-02    7.24197299394621E-02    8.96058318084929E-02    .107943264475205    .128781537196222    .150910791034878    .174421576919692    .1994376003513    .224606514294694    .254730655329235    .289209263273899    .332373453701115    .382895695573379    .443274498804384    .508104469780855    .578962714243567    .651386280593106    .724458890965896    .796660960806526    .867048716592212    .934832773259493    .999999948870058 
 474681.75     16            5             2016          2 
   6.22039299225218E-02    .122695092224949    .181771293345489    .240447448474689    .29933463315158    .359509226444876    .418408952419173    .475996746767703    .528077166965024    .574148166113401    .613060553202224    .64744602567931    .678096034869679    .708087115735964    .737897878420647    .767797318940532    .797654428467073    .826950570039821    .856325119408951    .885398743473917    .914481452573224    .943493522238847    .972190841548048    1 
 330022.78     17            5             2016          3 
   3.83785622455744E-02    7.46968086187869E-02    .109685184080323    .144630948846925    .181638242707064    .221203172512819    .263976711319746    .308633335098868    .354506920325318    .400031950067204    .44539700032222    .490287604161749    .534960041243214    .579336996827916    .623108217711517    .666418722292443    .709010905247207    .75140963564697    .793818213851783    .836368969742028    .878767179344408    .920496401036316    .961247091791664    1.00000009847805 
 312363.81     18            5             2016          4 
   .038601432187959    7.44512652069873E-02    .1085920627897    .141583528234273    .17563919496628    .212187773129032    .251572587346146    .293539351797828    .337270034979404    .381442335621403    .42527293734828    .469072975755418    .512585788987527    .556730127443381    .601034885811516    .646060008120019    .690688857729709    .735970341762703    .781058541560881    .82665876450284    .87176132055759    .91654123600298    .959345690526697    .999999907959888 
 320295.92     19            5             2016          5 
   3.68179515007169E-02    7.11330600347641E-02    .103811910092392    .136479332729246    .171140907367787    .208318880552709    .249312978096942    .293053193395345    .338932495026787    .385219061641497    .431879818356725    .477420663444605    .522497240598631    .566772947029734    .610517747931351    .653731057907325    .696874510608815    .739882248968392    .783151659409211    .826849921316513    .871154653640296    .915303280322772    .958677427892307    1.00000005463697 
 325876.815    20            5             2016          6 
   3.75805498246707E-02    7.14417530363429E-02    .102465769925976    .131551794157249    .16080360908385    .191486598912384    .225448135402023    .262164607161451    .302346441284876    .344973433442941    .390463326801878    .437171807543289    .485853834063034    .535307432810156    .585716338856448    .636779681227092    .688708621001466    .740092588744001    .791034384035575    .83967819634545    .885413173686505    .927445160527913    .965772718442704    .999999992328389 
 269762.628    21            5             2016          7 
   3.76931750566187E-02    7.18158572172569E-02    .10371473462588    .134829212934936    .166233529390142    .199650408024643    .235646956210332    .274670384244255    .316534735817817    .360919677224526    .406418010670477    .4525340746977    .498344314302128    .543666219492049    .587855126285321    .631623929946293    .674413574162689    .717413067220712    .761370520530368    .807248354282788    .854877380383468    .904104570778425    .953018175297432    .999999988879112 
 321874.45     22            5             2016          1 
   3.68911856101812E-02    7.10208009675822E-02    .102906923413772    .134579865884043    .166753719404414    .202169605163597    .240336939799043    .282440749607494    .326475460773603    .372605224063295    .417773189593023    .463244772146407    .507484362303376    .551518466672331    .595565823491116    .640684686995193    .685826463159782    .732119503427501    .778673078120988    .825085584612261    .871263042158208    .91637302215196    .959443969535327    .999999961164982 
 312671.8      23            5             2016          2 
   3.89297979542767E-02    7.45016294841748E-02    .108545988257496    .142137221141305    .177574501641977    .215361178038761    .256694579587926    .300273471656222    .345126163440387    .390162679165502    .43490170843677    .478989970473832    .522721428667376    .56627793304353    .609428910362239    .652035786805846    .694361367894386    .736818626591845    .779963307372139    .824151064710665    .869277106218086    .914306450885561    .958261386220312    .999999940032968 
 292258.22     24            5             2016          3 
   4.14936134537978E-02    7.94781029811582E-02    .115133109536662    .14933179745124    .184730021237726    .221934786385136    .262678988977624    .305767490474691    .350595276883915    .395160105548101    .439184369861351    .481306768292095    .522769567011665    .563229720707257    .603347176599515    .642962026867884    .683216348029493    .724421508572111    .76750728345639    .81276151745193    .859812535811653    .907682446878654    .954717800580596    1.00000010264895 
 301763.08     25            5             2016          4 
   4.07217810678662E-02    7.83811560463261E-02    .113372985356592    .146582554515947    .179990579757968    .214994201742639    .252993383087156    .293300148745831    .336405726389723    .380056200670738    .424165980849944    .467974329397751    .511545659429245    .554685514791935    .598117507449884    .641426473129185    .684835165222995    .729003403928671    .773540257559009    .819226502128756    .865596644145467    .911792705058551    .95697498431551    1.00000004556555 
 323469        26            5             2016          5 
   3.73131595009877E-02    7.17220487125505E-02    .104050337416414    .135664396163156    .168270399365936    .202676203129202    .240125454448494    .2801572561822    .323067545692168    .367665062185248    .414236082128427    .461208608862055    .508435265435018    .555045750133707    .600959008050231    .646141419270471    .69110573578921    .736623283452201    .782533063446574    .828944582015587    .87481847178555    .91946851939444    .96137091189573    1 
 590907.858    27            5             2016          6 
   1.91252322117537E-02    3.65208231944853E-02    .052731290610752    6.85613185313234E-02    8.47581185512852E-02    .102026720086366    .120865607950673    .141471678588678    .164141945841241    .188845829115713    .220951828795954    .261058256226472    .314346968372859    .381337584107741    .461924333979664    .550224797061338    .644014324480349    .731536747477134    .810288503135797    .873942145562058    .922356155229873    .956322745330626    .98175649070485    .999999817230388 
 347729.25     28            5             2016          7 
   2.82648065988121E-02    .054362337939647    7.87124609160719E-02    .102345431107679    .126259870287012    .152076651590282    .181206961846034    .220937697935966    .271966016843564    .337355881946946    .41181424736343    .490626552483002    .561381088878776    .623144928849097    .671032806055286    .710358795672208    .743754210351876    .777865519653581    .812221811222381    .849123815439742    .88686977727643    .925828428295865    .963858914658459    1.00000008986877 
 308726.845    29            5             2016          1 
   3.70857930505282E-02    7.06177644168747E-02    .101426799413086    .130802699348999    .162297040041983    .19641306014383    .235673848673574    .279443452066826    .326914497020821    .375484283282848    .424529231698332    .471993393545029    .518028576766624    .562934171225052    .606903561868745    .650266024404195    .693581823521048    .737060539714323    .780913575478025    .825404968832561    .870240062052265    .914935316849431    .958393130665395    .999999894728947 
 306238.287    30            5             2016          2 
   .039268931747339    .074520235344544    .108134454645281    .14027947234599    .173961321784366    .21048742541376    .251992137825013    .295993973803805    .343142001542087    .390537487724388    .437171108033268    .482641265476384    .526871375491987    .570564169038733    .613070641702616    .655557470758057    .697300189721215    .739610787546627    .781714642770974    .825736683604163    .869895923562295    .914627736439761    .958315937974144    .999999777134333 
 317753.41     31            5             2016          3 
   3.67959238374106E-02    7.14688804401816E-02    .103922788153556    .13619957345619    .170427631091355    .207186604228732    .247409421979138    .290448618828355    .335086097109076    .380135303858738    .424944249614819    .469106590390328    .512456292365202    .555352222655927    .598183686683331    .641325729596419    .684837408589887    .729830139745786    .775716104824807    .822120504544703    .869046141786488    .914938351881102    .958803636442485    .999999988198396 
