 350602.02     1             7             2019          2 
   .038797437507455    7.53891544713576E-02    .109995065594602    .144328376409526    .179333422426517    .217113093251716    .257667711990079    .301165059245808    .345823021784073    .391126436607524    .4349741856165    .477897809887119    .51966191074712    .560796424889395    .602227972759541    .644621080976658    .688195728307555    .732843262354849    .778981624948995    .824876522388547    .870682287426638    .915393328309974    .958693135880963    .999999942955263 
 356272.45     2             7             2019          3 
   3.88472367013293E-02    7.57752138672244E-02    .111255675344108    .14644469685349    .182616145487814    .221043109879812    .262340617061465    .305676811559524    .350185410245726    .394108409870031    .436819270968047    .478267667763814    .519121891476593    .559785513165556    .60167967134422    .644443204561565    .688436440987789    .733669818561609    .779625431323696    .825677616947367    .87152358749603    .916133671014977    .95907728060365    .999999877200721 
 348587.27     3             7             2019          4 
   3.94203148091868E-02    7.64564918438502E-02    .111427878142968    .145742130980572    .180642510805113    .217637326694403    .257545934982078    .299792462121465    .343830102788894    .388142177065158    .432126768785905    .475002240830539    .517317191474032    .558471744034141    .599856242598876    .641541329449581    .684354361965083    .728865812426254    .774764917548481    .82150294458544    .868131870535605    .913816897272238    .957752989660236    1.00000012192069 
 354318.98     4             7             2019          5 
   3.95390628796897E-02    7.73319888374312E-02    .113748096065867    .149705102941423    .186483822606681    .225361132396859    .266923478633575    .31041946387546    .355153144773673    .399285209403685    .44228684842116    .483709225441437    .524345808048443    .564140723212175    .604845879269578    .646250396323674    .689114226960125    .733600404006017    .779347803355045    .825506952097232    .871510873479033    .916228171716909    .959129486232998    1.00000005644631 
 367399.57     5             7             2019          6 
   3.71948983185732E-02    .072292704626056    .105622656961738    .1379739723838    .170491372734187    .204121045582606    .240062330162771    .278433487959716    .319394596732925    .362195366409928    .406823888974611    .45220406252789    .498618064523048    .545784610608009    .594183636360816    .644129811107291    .695365709056219    .746984662366371    .797494554089979    .84550223139891    .889538585333674    .92980128896177    .966297572150125    .999999979586258 
 302069.62     6             7             2019          7 
   3.82814080761415E-02    7.48913135488435E-02    .1099627246113    .144376123044085    .178723466754121    .213890959764507    .250230755992609    .288125786615019    .327521816411064    .368519841344853    .410009319623072    .452383346676836    .494844067321302    .537688701945598    .580626858056762    .624518643665656    .668663785603465    .713601377308317    .759603344917639    .806516112494199    .854575914900016    .903309247881333    .952178155982717    1.00000001655248 
 359548.79     7             7             2019          1 
   3.87030363328785E-02    7.54589381927137E-02    .11040668456637    .144630406070898    .179693080562168    .217137146915444    .25779844006011    .301274002688203    .346697036582991    .392208158314203    .43689028963218    .480193696382624    .52227569379388    .563579067739319    .605125715344502    .647122406183039    .690155682696081    .734613270427082    .780002538042195    .825966397355975    .871736263526294    .916478452757413    .959304785867865    .999999888749452 
 335904.73     8             7             2019          2 
   4.07181522030815E-02    7.83014288381709E-02    .11334705676815    .146918843253562    .180293366310293    .215069514464711    .25229200590596    .291909172803253    .333474064580752    .37622937480666    .419168144789149    .462079586524429    .504970886760064    .547751338973405    .590924248074744    .634162419356226    .6783903616064    .723253668160612    .76958535050995    .816549513161068    .864258167040399    .910992772414964    .956732862171962    1.00000005954069 
 353326.47     9             7             2019          3 
   3.89646443256148E-02    7.57511287117832E-02    .110934119760402    .145577175497918    .181368978490346    .219407276328603    .260168622343806    .303612641341307    .348468465474721    .393250150491131    .437512507908055    .480498115878496    .522237974414994    .56320239041247    .60434338708051    .645728138483369    .68872511165099    .733463392227591    .779348982825997    .826106642250721    .872237933376461    .916954279564732    .95953458779921    .999999996462196 
 338265.53     10            7             2019          4 
   .039332090472498    7.66531232874955E-02    .111565958165321    .145890289944707    .180558944884216    .217502555425911    .25715285063926    .299364257939613    .34307250154191    .386946295562542    .429931156819319    .471960731189489    .51340288796201    .554633395176269    .596846765616349    .640243747641091    .684882634952488    .730824816084571    .777379866343461    .824097141231032    .870064358168567    .914908566799579    .95827834201729    1.00000000369532 
 360882        11            7             2019          5 
   .037357170137157    7.30405493520043E-02    .107595050979267    .141593806978458    .176897200816333    .214538031995223    .255076191802307    .298360596399931    .343179392779357    .388172674863252    .432661636975521    .4766631215328    .519836383499316    .563358140611058    .607126212653998    .651461774555118    .696200731818157    .741637069041958    .787174374172167    .832421504813208    .876902543629219    .92002172801636    .961074360871421    .999999913406598 
 362623.28     12            7             2019          6 
   3.66515898443214E-02    7.08610630121431E-02    .103417275688285    .134851025267186    .166608533275911    .199626442385332    .23505495410416    .273318191436854    .314465684952715    .35792528009371    .403214123828454    .449704132343627    .496974694371525    .545160979460558    .594223992251683    .645001723620723    .696726417426923    .748579558929587    .799291105910244    .847064514170188    .890664858858482    .930498553485038    .966732524039824    1.00000008962469 
 298083.798    13            7             2019          7 
   3.82227419087199E-02    7.45041843380397E-02    .109148234593079    .142743181524747    .17603646202703    .209910902512387    .244898154025131    .281912782165034    .320657916763057    .361122838308374    .402427288877673    .444290805181568    .486210487528745    .528186257291985    .570619060868917    .613957230661024    .65837374654962    .704047668920939    .751632442381186    .80043981667531    .850360657223644    .900932059380161    .951023573411394    .999999943807748 
 364496        14            7             2019          1 
   3.84213830321526E-02    7.51003826173675E-02    .110121182314072    .144505315216079    .179330886004236    .216713883691453    .256694217837781    .300024961693681    .345259875965717    .39128764444603    .436270862711799    .480306111040999    .523045477522387    .565388963459133    .607801508795707    .651041480907884    .69519337146361    .74000177642553    .78539630750406    .830917211711514    .875510979544357    .918993795542338    .960571069367016    1.00000017146965 
 341656.05     15            7             2019          2 
   3.94642226581016E-02    7.66734305048894E-02    .112025916213836    .146643573449087    .181985666304607    .218963495963265    .258205104043965    .299159806514476    .34120160831339    .383232457028055    .424933341221383    .466284458448782    .507628990105693    .549232828600577    .591794410270212    .635199265094237    .679923063341041    .725871320367369    .77290541906107    .820195760473143    .867261094893534    .913354508869373    .957755888561025    1.0000000365865 
 345536.91     16            7             2019          3 
   3.96464152112939E-02    7.67998690881533E-02    .112050484346231    .14649435578749    .182150052815631    .219382948843294    .259866051646986    .302590638942161    .346644995537525    .390650695970512    .434369478791716    .476908711431146    .518825497904117    .560733240480735    .602638405546892    .645320667407138    .688967099057522    .73384517373267    .779643736178575    .825920630302563    .871730316740982    .916339425938607    .959284729524264    .999999989147324 
 357514.73     17            7             2019          4 
   3.73194686709132E-02    7.24385253825765E-02    .106214286261716    .139313763816808    .173685686758277    .210168350965567    .249788702761981    .291930628984154    .336031521694225    .380436204334854    .424765278202663    .468551454858937    .511865011128353    .554999728612581    .598503967584776    .642538953919465    .687223913473439    .732996677857161    .779270689070629    .825579095720056    .871354832009299    .915883416887466    .958815214410886    .999999968532765 
 359820.84     18            7             2019          5 
   3.92405845034573E-02    7.64892325910723E-02    .112409078101896    .147644397834211    .183775399862887    .222037779447405    .263452270267336    .307373846453696    .353234451866379    .399147687638103    .44450611170826    .488436177362601    .531544175915436    .573829499425325    .616542596587791    .659105184819201    .702485150318142    .746269657421732    .790477508890258    .834506191331219    .878128942587094    .92047475627037    .961133358757097    1.00000009727063 
 360708.42     19            7             2019          6 
   3.66149189705982E-02    7.12580236985458E-02    .104272608364673    .136429489572215    .168837406730761    .202440649638841    .238616965019835    .27752603214114    .319317621383776    .363296248047107    .409119703596051    .455574425598382    .502844167042178    .55065905967762    .599264973839535    .649388084702874    .700445338231916    .751384854697875    .801101603755188    .847969705004391    .890742046581558    .930217490487192    .966322656815164    1.00000013515071 
 303172.93     20            7             2019          7 
   3.80529038379597E-02    7.47312440935113E-02    .109408937417335    .143179796036704    .175778520405829    .2087962378023    .241792824519326    .276757682488341    .313550369998403    .352694438286426    .393674221466607    .436753878801119    .480319412917242    .524481759882058    .568880203535982    .61341795505951    .658052186173086    .703408725755957    .7502746658483    .798558113763653    .848422497269133    .899406239864489    .950263971456818    .999999921661871 
 356401.2      21            7             2019          1 
   4.07523611864592E-02    .079408150579319    .116068851970757    .151900552137591    .188020901725359    .226003947587719    .266751741085608    .3100752834867    .355385570390897    .400743337143646    .44539710444297    .488187978183014    .529923861086887    .570408520650323    .611068588223047    .652085828765447    .693896416804994    .736840690351211    .780863409691101    .825630111514776    .870461522716534    .915118358888803    .958398674022422    1.00000005260925 
 342375.54     22            7             2019          2 
   4.09779554035169E-02    7.90453070552295E-02    .11465920670764    .148571119267165    .182944022793655    .218669676103322    .257598649022941    .298915145559172    .342522848777398    .38633194817305    .429986497794206    .472786083448017    .514602282554998    .555668528481912    .596653494872911    .637934462987631    .68027722205272    .724596657445214    .770550810960386    .817687830444897    .86492972380562    .911429559191057    .956745570229696    .999999974443268 
 347899.82     23            7             2019          3 
   .041855841283383    8.11123968999179E-02    .11896644916344    .155782823935494    .19050558685256    .226258156370992    .262626788654274    .30092027462101    .340271693551034    .382868973243504    .424648421419132    .468402845465686    .511529439710547    .554438209036728    .597063491582146    .639967095987575    .683663762746414    .728477669232482    .774740268621007    .821617269017271    .868671852862701    .914527636145371    .958665252399383    .99999997844207 
 348150.81     24            7             2019          4 
   3.85895705208183E-02    7.40870004546306E-02    .107756351155696    .140779654602125    .174831853938527    .211509610411362    .251136250587784    .293366759652232    .336724182474256    .380971261060688    .424266704635844    .467392995581426    .51000783432042    .552872699405755    .596082018306952    .640202804640897    .685139778218525    .730954963166681    .777391735782548    .823883621008953    .870120318691776    .915008283335604    .95831530594457    .999999917420844 
 353777.16     25            7             2019          5 
   3.82575860924713E-02    7.57621546904696E-02    .110421999119446    .145550916412326    .180419617376515    .217887069787094    .256373050446501    .298916890932134    .341582762684567    .386053840360978    .430274915147151    .47456285759092    .518181107635665    .561863354533684    .605314037938458    .648986965763986    .693272302400754    .738207412471173    .783983005714671    .829618724538351    .874688409082147    .918420917138913    .960293232327378    1.00000007773255 
 353363.48     26            7             2019          6 
   3.74217795069683E-02    7.27936602100194E-02    .106135954718637    .138560893092291    .170968254840596    .20405517977551    .238820484505077    .27564059622828    .314873857012615    .356383965103015    .400516019298316    .446422671493953    .493970914170304    .542645829586012    .592279610714158    .643218483910675    .694667587748457    .746142647508452    .796108903217729    .843654050639302    .887331721433126    .927931913054513    .965287747052978    1.00000005659894 
 308852.21     27            7             2019          7 
   3.77463700346761E-02    7.36230465211824E-02    .108043205559384    .141562372380304    .175276161007558    .209324707236189    .245040717654246    .282317243860745    .321864728805081    .363311584972955    .406653233920521    .451162234277035    .496062248915104    .540618854969501    .58469955581668    .628107554257099    .671334286793674    .715115997551062    .760214377695403    .806501686113886    .854461669547386    .903152534508333    .952131866726808    .999999927149623 
 353794.2      28            7             2019          1 
   4.05076181338261E-02    7.88555900312244E-02    .115103749757627    .150222639143039    .185509771641254    .222726455450655    .262694694754747    .305763915858428    .351075149232237    .396891089862412    .442362086843142    .486258898888111    .528693702793884    .574963451563084    .615732165055278    .66187494205671    .703991676163713    .747478336275722    .786989918856782    .832726783678195    .872828840184491    .917372126224794    .95985118255189    .999999876340539 
 344555.56     29            7             2019          2 
   3.86162973569125E-02    7.49307333228058E-02    .109508146160811    .143896037224011    .17931613436669    .216684846850244    .256529654462694    .298353415411436    .341307414071333    .384367210254857    .427329938457531    .469436128457773    .511060538393286    .552294590384784    .59430391647141    .63673375710437    .681167537972686    .72689038888242    .774106830550057    .82139791547697    .868599392214132    .914181663473955    .958163775531586    .999999916559176 
 355401.77     30            7             2019          3 
   3.84962922121209E-02    7.48414977822142E-02    .109765100318718    .144037558183799    .179477983378501    .217131682757236    .257747665585627    .301034283502584    .345689906630178    .390763168891928    .434934261160264    .478391856348943    .520619549460882    .563170600205508    .605351471308092    .648749055189005    .692532909656021    .737613535942716    .782878944300137    .82866409894357    .873724809389666    .917700568148549    .959885483969312    .99999994372566 
 354466.93     31            7             2019          4 
   3.75758618459132E-02    7.27978810498627E-02    .106203677184357    .138974827549498    .172840039337379    .209110414228205    .248385410911252    .290476321726261    .334516484372745    .379180515161175    .42399856243289    .468419049698092    .512435893878732    .556253539293496    .600271309159926    .644425066676883    .689248888464715    .734682428625993    .780548572612966    .826368255989353    .871739907443552    .915869641210253    .958702533265938    1.00000010931908 
