 327671.98     1             5             2018          3 
   3.77258086873571E-02    7.27657246203963E-02    .104795898897123    .135470022394805    .166307657355994    .199253071432901    .236778499301344    .279746584335652    .327370669022417    .37798533498348    .429239431381957    .477894940086119    .523915954379133    .567062810039479    .608734152367865    .650145564399495    .693036399923485    .73682619086014    .781906191673759    .827494084175278    .872997288324745    .917430539071421    .959909472576813    .999999870297119 
 310147.82     2             5             2018          4 
   3.89300820432173E-02    7.47638960512442E-02    .108066048050088    .14068649386283    .174035750416527    .20996655068783    .249165966247965    .290889921457452    .334138326161699    .378026949778335    .421826553343177    .465649885512657    .509562313302734    .55385334080375    .597949148892938    .642201686682821    .686367521864252    .731021027731228    .775905270348184    .821433611076164    .867007645741311    .91222237593029    .956858047559386    .999999975817983 
 318397.29     3             5             2018          5 
   4.00224819899928E-02    7.77564696569811E-02    .112757074267184    .145948434226623    .178549496389401    .211711546956006    .246800889464229    .284657141711225    .324649041453839    .367073927513642    .411015197396938    .455744643351079    .500932047034697    .546280511291412    .591270048969324    .636301103175219    .681682888616923    .727366478606021    .773821657684335    .820695633511831    .867602587006943    .913525952121012    .958040994161728    .99999997251861 
 329444.163    4             5             2018          6 
   .037927368575999    7.25243110089645E-02    .104431320771344    .134233376427282    .163447011997903    .193524756917609    .226232547296642    .261783431377717    .300911908628959    .343188562578964    .388096661125242    .434994854120393    .483792909088512    .533647763020163    .584860301501229    .637324047838723    .690164470299023    .743014188720047    .794221652365412    .842644975773937    .887315576752228    .928416813382728    .965726815745708    .999999979510944 
 272146.098    5             5             2018          7 
   3.78070818589782E-02    7.22881052707579E-02    .10377913958048    .133330082574801    .162739980865902    .193521011942821    .226972354477778    .26399604005162    .303744939234808    .345921302948463    .389710311499671    .434568971846879    .479947544801837    .526022836822007    .572073756593049    .617530211658592    .66220790303229    .706683956387278    .751286320574032    .797616789181376    .846358244497042    .896900720031635    .948719853591287    .999999984383388 
 327952.49     6             5             2018          1 
   4.03744468920635E-02    7.83337549899377E-02    .113866948284948    .147797441826101    .182386531620784    .219106694196772    .25863025921834    .301272511492442    .346075256777285    .391642380120364    .437441125237378    .482830798143963    .527985823876501    .572415134734912    .61645552683561    .659906227956982    .702660658255713    .745265295515823    .78790990617269    .830961826208424    .874060770967161    .917334093118183    .959435179924995    1.00000012578041 
 308560.02     7             5             2018          2 
   .040339349056182    7.76338399859774E-02    .111736149724614    .144812208051127    .178342797071539    .214402219461225    .25379936110161    .29619083002879    .339841601157532    .383874793832655    .427371370892444    .470449902258886    .513831859195498    .557574108677462    .60203385430491    .646588597657597    .691355718654024    .736307973810087    .781562135382931    .826972314008795    .872287342994079    .916616643983884    .959261912803869    .999999935182789 
 311106.27     8             5             2018          3 
   3.78380678610238E-02    7.35753099234387E-02    .107924210069762    .14193538523428    .177267012028559    .21517961229936    .256103178786786    .299569812189899    .34560814018631    .390402871822545    .435529232503093    .478588072172252    .520900834383698    .562029214326024    .604358952248053    .645785009813528    .688844351722644    .732548820857902    .777464542100035    .822783110012537    .868773875884919    .91409651194108    .958215178369758    1.00000013660927 
 314659.59     9             5             2018          4 
   .039316170090152    7.55547894233893E-02    .109875658604589    .142912824061711    .176469114507999    .211661721878555    .250096908296995    .291133964008534    .334366422973156    .378270118233167    .422244202059756    .46543616587373    .508324527785725    .551376111721241    .594699467526161    .638775521667717    .683363488142853    .728829437154609    .774357357899055    .820574912797032    .866585696625359    .912289551543622    .956838984313175    .999999912603967 
 325859.45     10            5             2018          5 
   3.91806341133041E-02    7.60047655323484E-02    .110776011425325    .144547437361415    .179572603119228    .216903378511809    .257858056211044    .301531170110304    .346974410669999    .392018394548631    .436444732920896    .479709263840591    .522573315351143    .565723293432184    .609567637212915    .654001048228001    .69881513525233    .74417743600807    .789578096860472    .834513545640613    .878968390359709    .921441648385523    .961923633793649    .999999961639903 
 327527.055    11            5             2018          6 
   3.54638194745851E-02    6.86850761172234E-02    .100344692326257    .130773130425058    .160969979831132    .192744609201063    .226659829865047    .264299993286051    .30531783568994    .349657541077026    .395902432586829    .444077198065363    .492767068891454    .542887165077096    .593867113893843    .646655501100512    .699142004849035    .751691385082677    .801782714560786    .848977861538797    .891949693285643    .931567699040924    .967082513229327    .999999927486906 
 272679.764    12            5             2018          7 
   3.66301970122084E-02    7.13314343042889E-02    .104114173008452    .136490936695434    .168376367397032    .201066041061265    .235012411504984    .271142118012102    .309291263542387    .349745482488389    .392157097097605    .435605728291227    .480097335440704    .524878573772713    .56941032072699    .613568117122912    .657793930575648    .70230275687051    .748375058645716    .796572793168473    .846648245412153    .898198584787538    .949830120598901    .999999948657723 
 318955.43     13            5             2018          1 
   4.08464293261522E-02    7.91691848803138E-02    .114940762942177    .149674333515031    .184910325382296    .222180043305737    .262644038345734    .306373943257527    .35190815100718    .398337149723396    .444037402420144    .488685000205201    .532098393418165    .574894096488654    .617102041106496    .659522250883141    .702015256880875    .745251705308795    .788784335400717    .832758886562928    .876423294470955    .919157321604464    .960441694784754    1.00000002351426 
 313136.84     14            5             2018          2 
   3.79600510425011E-02    7.40888277669596E-02    .108623287905058    .142564706595206    .177444824820836    .21373011695941    .252798774411213    .293957497543247    .336934614991325    .380299691821633    .424062957188301    .466853854132909    .509463270913764    .551325809748224    .593645966009621    .636131235788162    .679725345874347    .724675642204858    .770923893448628    .817733201321825    .865031163372537    .911695267155407    .956707936376953    1.00000001197559 
 323777.3      15            5             2018          3 
   .039149718152145    .075935464553877    .110361784550677    .143929610337105    .177532520037693    .213565654347911    .252237610542802    .294144791033837    .338471193201315    .383704758255134    .428528150367552    .472491286835118    .514905181354592    .556348694380366    .597616498284469    .639334457279741    .682019902259979    .726482948310459    .772171421915619    .819177834579509    .866389394037198    .912889526998959    .957713063886814    .999999942089825 
 315285.32     16            5             2018          4 
   4.01970508460797E-02    7.71951886806052E-02    .111333915637905    .143746930161544    .176170736001917    .209921464944832    .246549374507827    .286126993242185    .328418250253453    .372335613738692    .417042738066587    .461457765857922    .505658850529419    .549196845336789    .592625762357093    .635979995040682    .679890023899622    .724455708879817    .769826815120983    .81624221356072    .862936129566705    .90969129961395    .95556056574407    .999999976212023 
 345500.36     17            5             2018          5 
   3.82449374247758E-02    7.45181816706356E-02    .108435917223067    .141451654800736    .174860538224186    .210150491051587    .248346317750581    .289681160715723    .333322463831876    .378604073668693    .424047541151621    .469069156686262    .513122927715618    .556589733003462    .599536459238422    .642892238954541    .686868495592885    .732044416321303    .778283469082348    .82488788868411    .871284638458843    .916379562527808    .959462820820216    1.00000004341529 
 357196.28     18            5             2018          6 
   3.67140991738142E-02    7.09159077398566E-02    .103103644531936    .134181762930174    .164920180579708    .196471635986803    .229843453471856    .265631222069278    .30409650577828    .344939858766166    .388187133415835    .433328543483152    .480472791457963    .528678868100194    .579389957532592    .631548124255381    .685229481883182    .739106941427274    .792112462649387    .84150232471626    .887300586529065    .928483388740779    .965799356869002    .999999916012563 
 296280.18     19            5             2018          7 
   3.88775597160262E-02    7.56328013571478E-02    .110854120941367    .144961089385898    .178812598622864    .213204545947015    .248692518218735    .285813367392648    .324598920395215    .36515681394044    .407096634214614    .450383073633208    .494580733513798    .53945865109843    .584889044046078    .630610968475853    .676787857105393    .723468069986997    .770930850825054    .81866238065604    .866290123591797    .9128756731213    .957714354196761    1.00000002531388 
 325118.68     20            5             2018          1 
   3.63843758050906E-02    7.07811360800616E-02    .103754011265978    .136317961259562    .169196628059021    .203052149679619    .23854613548351    .275573407532289    .314437244500993    .35486647137593    .396772130257173    .439967894954544    .484093848821606    .528512772628137    .573132680733694    .617751723770532    .662185738220271    .707585601894668    .75423424032418    .802424431210781    .852258685197664    .902613950850194    .95222929439182    .999999926949753 
 356530.29     21            5             2018          2 
   4.09200856398484E-02    7.88401467674037E-02    .114294220450386    .148087763980727    .182160440964918    .21785210732025    .256509806291634    .29859401987977    .343423617317339    .389217149333932    .435170336439016    .480092755583263    .523760723107145    .566986187905662    .609874943935339    .652963016830912    .696355674646886    .740430602684557    .784746875924623    .82952962425717    .874238658656464    .917869155661361    .959999780102835    .999999975457906 
 338511.26     22            5             2018          3 
   3.96461262654897E-02    7.72222512258529E-02    .112958045509328    .148109641168214    .184191158811084    .222010086348383    .262576383722066    .305769832442206    .350129970565824    .394628213401232    .4387496223907    .481543666006856    .523568855951793    .565406367501631    .607013319881885    .648961287506359    .691089040509317    .734526941954604    .778639904031553    .824019856828396    .869700021204612    .914939192126135    .958502366361462    1.00000006277487 
 344479.67     23            5             2018          4 
   .038196101016462    7.42503054044525E-02    .10866511186277    .142780015145741    .178079404148872    .215232993648072    .255008472270657    .296979517688228    .340037641952862    .383570667247214    .426961154195253    .469632621933828    .512032937966992    .553841328647929    .595510469456732    .637245334390851    .679843457815667    .723884110127602    .76962388302915    .816627382539004    .864189605151445    .911026186247798    .956413933658262    .999999960084727 
 359820.06     24            5             2018          5 
   3.95693603335373E-02    7.76461452010208E-02    .114416357946386    .151065763780652    .188727253178992    .228188643964153    .2697603560513    .313455785893371    .358098347129396    .403123369497521    .448052032938353    .492620577143476    .536773549048377    .580396047471617    .623599586484978    .666314817189459    .708647000531321    .751281418273345    .794246296329338    .837240876731553    .879971783674318    .921861905781462    .961811648299986    1.00000000694792 
 343510.92     25            5             2018          6 
   3.75317910654049E-02    7.29306327437858E-02    .106419287922492    .138776951945225    .170937933719836    .204372642287471    .239814337634448    .278128485333159    .318871322198433    .36187204761933    .406117547878827    .451461721362453    .497669268054128    .544998549463872    .59363278393013    .644185716497746    .695436725490415    .746686460870007    .796888513034753    .844262007012761    .888051735735213    .928592841386236    .965638606918231    1.00000005094452 
 290842.681    26            5             2018          7 
   .038451854422589    7.49650601058103E-02    .109673411325675    .143354642083979    .176011901903421    .208272039816261    .241221553852682    .27556257939666    .312090945095847    .351352935326229    .392829557098258    .435473369149351    .479015513716847    .522681946911361    .566219551868318    .610451206867399    .655264039461939    .701075801267971    .74842227377556    .797238451910708    .847429836561712    .89875037546501    .950007897052771    .999999807456045 
 354016.05     27            5             2018          1 
   3.95429800693358E-02    7.69550428928293E-02    .112497922940217    .147459526375993    .183014974268116    .220532307963156    .260908721511355    .304217889626756    .349639735613682    .395777739102507    .441730325503604    .486691519706522    .530384895331723    .573068959373452    .61529184199417    .657368853756772    .699741049876129    .742958546653464    .786859275165632    .831207282127463    .87533036990837    .918673832019763    .960353792575224    .9999999470363 
 335966.17     28            5             2018          2 
   3.95543103528846E-02    7.71318475495613E-02    .11277921226414    .148063538194188    .184314537439142    .222305864903005    .263330107946583    .307035633788664    .352484406205244    .398511850166343    .444514900860405    .489507061082966    .533819883933552    .577698511281657    .6212345632151    .66490278991483    .708330572018605    .7521625986926    .795436393938116    .838558202154699    .880496111409074    .921609625903703    .961374232262731    .99999995907326 
 330927.7      29            5             2018          3 
   3.76926736706764E-02    .074017040769026    .109002932796952    .143630126761827    .17922551512007    .216970282519414    .257686384367341    .301342256934067    .346433039792378    .392166098516383    .436935696226094    .48057622367363    .522851460454957    .564503685397143    .605830546596734    .64800162543057    .690949639452968    .735207701712489    .780321596681088    .825881586068498    .871098411375053    .915613138458944    .958753320589361    .999999867795896 
 328338.78     30            5             2018          4 
   3.96049168426739E-02    7.67236796548979E-02    .111801468630967    .145752408438473    .1800853374676    .216344095114199    .255518476982828    .297744323142396    .342083459118049    .387350966431684    .431920499917798    .476289164274168    .519410974314396    .56257071202494    .605651596348138    .649294257519626    .692585385817051    .736465939615783    .780467890512354    .824805860580952    .869499218155102    .913945403433612    .957766377002436    1.00000000380704 
 336983.88     31            5             2018          5 
   3.96780414290514E-02    7.74445079724585E-02    .114106383126546    .150196654992814    .187361869319981    .226239725843859    .267926553897771    .311881201854522    .357449498029401    .403315657116892    .448750786684514    .493015237108671    .536213427330708    .578767113429877    .620626450662863    .662405016228076    .704186039255053    .746598166283206    .789356563583991    .832528139031458    .875744876134728    .918397880782903    .959902091607468    .999999985162495 
