 328077.55     1             11            2019          6 
   3.66495349908505E-02    6.97642671488799E-02    .100218278231778    .129145925730822    .158682768468156    .190232140331608    .225647416479732    .265379733579759    .309579911060662    .356935044778285    .40723669982905    .458989421860777    .512731241058707    .56754573918575    .622783393743339    .677003472578358    .728980084129499    .777358413429995    .822232616952913    .86370375693186    .902046825514273    .937513287635804    .970103810059542    1.00000003810075 
 286018.65     2             11            2019          7 
   3.15078236867159E-02    6.09023195471694E-02    8.93468834986809E-02    .117389594284324    .146008931039112    .176192373076021    .209110162047125    .245329554995802    .285064835370001    .32792177079187    .372611819849859    .417799077525189    .462780901699942    .507200481070028    .551082726598423    .596365285095919    .643623949434766    .693529458218896    .746110491833312    .800067419117599    .85374650175784    .905846906748913    .954947671244515    1.00000002185172 
 327732.06     3             11            2019          1 
   3.60081655527918E-02    6.86362178375225E-02    9.96451138698484E-02    .130349836120702    .163524981066088    .200081389466444    .24075648011824    .284608303578844    .330504432302107    .376496604612011    .422245080325678    .466962964731006    .510860962534456    .554539221002669    .598442510857803    .643012646901252    .688332299562026    .734506642407825    .780916314687065    .827213089863714    .872718345742556    .917169577489611    .95975600464599    1.00000000762818 
 310411.47     4             11            2019          2 
   3.93982539429841E-02    7.55373824358842E-02    .109023423308907    .141687325838024    .175220399797082    .211020915238731    .250118566414443    .292044570308565    .335924231069812    .380851568766128    .426139466189829    .470738635640622    .514849139192569    .558378609527541    .601608477531452    .644773814253707    .688990074609679    .733722081854772    .779612329966415    .825715954133396    .872028927442662    .916723534732786    .959960097479645    .999999995973087 
 316337.201    5             11            2019          3 
   3.63781115961761E-02    6.94776929073543E-02    .100843630455196    .132045112360971    .165483446610189    .202777980418433    .243773914571938    .288081855451772    .333612112459072    .378842674434614    .423111396879307    .466673594769526    .509655369698362    .552808194300866    .596447841191463    .640181385116321    .684424669911017    .729445161351731    .77557102982017    .82230335162193    .869341616732583    .915322218931816    .959173467555591    .99999995732402 
 312959.923    6             11            2019          4 
   .037579189567469    .071756535810098    .103312374640698    .133950882306742    .165813987666721    .20074948372463    .241286810268355    .283935042578918    .330752988099054    .376712546952857    .422505076632448    .465678585864811    .509774188003619    .551807774920752    .595489136719273    .639697922279972    .684665191539557    .730531587506174    .776975833020639    .823891984006527    .870144062343727    .915333155133733    .95870312522412    1.00000014618485 
 316220.49     7             11            2019          5 
   .038319117268658    7.42328285123143E-02    .108158486780853    .141020656484815    .174368876978054    .209728216457447    .248029962416414    .289633696333214    .333632070695356    .379151189728408    .424558934732534    .469266515588538    .512800123262095    .556077827610096    .599143456832921    .643214614666494    .688353609296475    .734505692531183    .781350676390388    .827896669899537    .873660376973042    .917710831293696    .960079606953996    .999999932800054 
 327421.62     8             11            2019          6 
   3.67990652856476E-02    7.11786226024873E-02    .103855604625315    .13515632096164    .166438950908312    .198832438317604    .233850122473586    .272461987429236    .314410457226374    .359668903354641    .40752654024496    .457613336590296    .510111397042138    .564524705943364    .619645436058865    .674102934925311    .726000947188521    .774196212592803    .818615765202066    .86001966287382    .898492992765719    .935051074208233    .968870332234017    .999999919828141 
 283379.714    9             11            2019          7 
   3.22417235223302E-02    .061835897902346    8.93290926758964E-02    .11661761507124    .14463840500506    .174892381763784    .20781450172012    .244095354951907    .282933675564723    .324519055684769    .367700130477582    .412251661078676    .45737910843364    .503353724095438    .549348437570235    .59677469979379    .645391061319936    .695957269104309    .747764634009758    .800758073141396    .852956201286166    .904241409019843    .953243295672181    1.00000001676196 
 329197.61     10            11            2019          1 
   3.78198080772442E-02    7.38336447065943E-02    .108189149292427    .142254317247321    .177642398816322    .215689027936746    .257105949409839    .301577623277702    .349678338908657    .401332130342623    .454524582514436    .50935928536966    .560986710611295    .607245257643274    .647366296189088    .682868813203109    .715666457906544    .751044856841458    .789903023597286    .831596445976628    .875630977393791    .9189272554257    .960546444277041    .999999950637552 
 316310.775    11            11            2019          2 
   3.81284527208645E-02    7.30680111000012E-02    .105841764716994    .136730295150394    .168538436407991    .202242532482493    .239596050751037    .27989774257611    .324168533303995    .368312174553649    .414297754320889    .458983238082863    .503709919461327    .547587060541962    .592301145526895    .636431301225828    .68199171566318    .727880426694285    .774350251346955    .821359942607077    .867751916607962    .913584017964611    .957769992976053    .999999822168562 
 329539.45     12            11            2019          3 
   3.79360047977564E-02    7.38146224317756E-02    .107747283272913    .141366349499278    .176551581115706    .214090642258461    .254749042565314    .297642759463245    .341604112193548    .385084466935598    .428122300683575    .470230261885186    .512403418240214    .555210081827836    .598831661125853    .643576398819625    .689037666810453    .735270086783236    .781720946080962    .828108269738267    .873609745358257    .917992519560253    .960177814067481    1.00000005689759 
 314521.16     13            11            2019          4 
   3.87419097355008E-02    7.47096991820837E-02    .108426280047422    .141277619544739    .175253175434206    .21159337498946    .251086445185437    .293705671305231    .337775813318888    .382439839262325    .426542346944161    .470020542497045    .512735275903218    .555853897079612    .599076893188999    .643302156920062    .688389445323806    .734073523860843    .780996390274664    .827713388186665    .874194958774793    .918891176510986    .961281309340205    .999999988077114 
 316639.91     14            11            2019          5 
   3.59784090240314E-02    6.90385225365305E-02    .100953608173556    .133189407586839    .167183760193874    .204132708665815    .244436525310407    .287845086197441    .33283312264711    .378751064971563    .423665452106148    .467815416098369    .510612403929119    .553221678530669    .596357280498848    .640429918878514    .686089977571052    .732859833983025    .780613457728686    .827853090676409    .874474612186442    .918742859199272    .960970242980425    .999999988156894 
 320860.441    15            11            2019          6 
   .035727465304573    6.89018894198927E-02    .100060995784691    .13044925007209    .161623738659949    .194675649790527    .230737314739588    .270456101699679    .313600053808129    .359811368503978    .408537965809877    .459836602294017    .513338007208561    .568595043008122    .624160039800606    .679041182035276    .730791874480407    .778913409272538    .822792299285034    .863379551828267    .900728636410495    .936093115947566    .969054681627144    .999999989091831 
 284271.267    16            11            2019          7 
   3.25031097684329E-02    .063633060675281    9.37931626127906E-02    .124186756315755    .155408172592413    .188355658057063    .223318700175737    .260457535970387    .299744669147304    .341036764454284    .383707824312051    .427418714023602    .471734934435002    .516303499642825    .560940606336412    .607128223673059    .654545685231002    .703994492169341    .755506249423372    .807827422811606    .859228810135074    .909135036676077    .956205173736395    1.00000005012818 
 306668.17     17            11            2019          1 
   3.84273984513538E-02    7.47838937564013E-02    .109720487946304    .144708657121148    .180983895394165    .219673795743132    .261526825966321    .306605579167215    .353461268290413    .400857775074929    .447206656220631    .491890438531655    .534299367863968    .575452766666329    .61573882936726    .656412933644206    .697556804640012    .740110943858308    .783337481274956    .827334497251541    .87131006292567    .915461205184744    .95846574980377    .999999853261589 
 301557.048    18            11            2019          2 
   3.97518164778145E-02    7.62724670258743E-02    .109767489686562    .141409305267672    .173192263296894    .206943883860907    .244320997431968    .285132046142725    .328769208123433    .373559810646508    .418719331756424    .463094693611671    .50717657865851    .550870529230675    .595122676423069    .639814365240769    .685427625123854    .731202390517498    .777473589756722    .823435197906567    .869007420778307    .913914761163201    .957804673827421    1.00000004808377 
 316883.84     19            11            2019          3 
   3.81232122244306E-02    7.40008386728556E-02    .107607698218376    .140499877257862    .174195288327104    .210336982236141    .249640792072262    .292345024796784    .337090817924006    .382742922059389    .428133519683427    .472782175481085    .516495058567834    .559742224863849    .602915971117366    .646376839538425    .690433795866649    .735486730326797    .781137725025675    .827062430037455    .872691236006229    .91716889065722    .9598026125283    .999999913217411 
 303100.747    20            11            2019          4 
   3.88615661397974E-02    7.40499646784935E-02    .106121809093974    .136039376764551    .166310213679546    .198758621728999    .235212814198376    .275596406110144    .319042511094504    .363290535910491    .411872103329062    .457254419930545    .504459691664831    .549377924743287    .59347562825373    .634310596486257    .678888080651943    .722541831115975    .769424448168714    .818201546695627    .866551806947543    .91327307088425    .957844059684881    .999999803695634 
 312962.617    21            11            2019          5 
   3.81837300335618E-02    .073556646124128    .106695999973057    .138600893785024    .170904434949654    .205576020521965    .243754202518699    .285597358981057    .330014030677344    .375807838696275    .421410554603076    .466309537298507    .510468615329862    .554153695056173    .597914512662067    .642266754738314    .687170180855818    .732892344934603    .779134139765325    .825428456843457    .871428759173496    .916191793123969    .959458342431997    1.00000012541434 
 323215.113    22            11            2019          6 
   3.65705374384056E-02    6.95637359669193E-02    .100519434530974    .129617394410793    .159869728925702    .192062093005379    .227974454469584    .267364871603328    .310583331425161    .356510416910796    .405061577171671    .455753460544402    .509197695297744    .564383562333609    .620557306675199    .675983387184621    .728647762055607    .777087589728516    .821407869934597    .862033290813354    .899475363486484    .935167827378171    .968588681062076    .999999940442141 
 281877.093    23            11            2019          7 
   3.34436090721551E-02    .065141464754463    9.55271385226575E-02    .125615655406415    .155955826463699    .186878434992233    .219218632773043    .253386533168908    .29016015146715    .32988577112756    .372472317438367    .416944575911318    .462496482686871    .508085140852506    .553614736263794    .59993246329527    .647598129320143    .697483845379376    .749370156339735    .802117103925149    .854680959743685    .905762509495584    .954420075028942    1.00000000266073 
 315363.23     24            11            2019          1 
   .038106155474871    7.32987497266248E-02    .106508867469267    .139002388412562    .172738412623437    .209131863597414    .249275058160712    .292834898269529    .338829331815253    .385831953007014    .432732459805159    .478736604375215    .523771628353756    .567591783369926    .610883381204588    .653756067249819    .696938762883041    .740971668605753    .785940102703159    .831236729786158    .876245444816125    .919927812288072    .961057468557764    .999999964326849 
 301073.765    25            11            2019          2 
   3.77288275391581E-02    7.33879925364802E-02    .107416327959528    .141683872306177    .174590843729775    .210460129056745    .246876453806927    .28643930292299    .327624600154052    .372270531857865    .416624254233842    .46286263725104    .507779370530674    .551858788244137    .595390530789024    .638796214110519    .682870442065917    .728395570683483    .774884281680936    .82188428764293    .868883670833957    .914580891828951    .958368956524658    .999999950178323 
 311647.097    26            11            2019          3 
   .0374479970539    7.22806372916414E-02    .10498474627617    .136895151513316    .170267584547723    .206456629932927    .24677238831299    .290747634495052    .33680050110494    .383107310799048    .42832081153639    .471796820154561    .513767420076433    .555403406741825    .597108832927778    .639803860021196    .683651883976959    .729148557575045    .775394125121595    .822765164406457    .869698358685497    .915592817955882    .959198731121182    .999999989571538 
 299559.268    27            11            2019          4 
   3.85506682468509E-02    7.38076305007696E-02    .106197095590279    .137777357551161    .170708940684486    .20659752421681    .246598659943648    .290179142654668    .335856221113479    .381675305068512    .427375985910074    .471571904011329    .515334320669391    .558510824475643    .602250395070401    .645601634748954    .689822276672141    .734120376138721    .779055713859603    .824043315862289    .869324004690785    .914032498737445    .95789954827904    1.00000004423165 
 317309.17     28            11            2019          5 
   3.78647426991316E-02    7.29774376084057E-02    .105834673797798    .137436320190494    .169651721300711    .204302789098405    .242564639323219    .284645172522118    .32913667744774    .374800220475822    .420122047292236    .464776937820612    .50842999589328    .55247487411095    .596933140554999    .642282690727154    .688450202999176    .735295829537482    .781794003148412    .82806630281123    .873370500921861    .917310591748735    .95984314367593    .999999956666868 
 322373.855    29            11            2019          6 
   3.70442256979866E-02    7.12047774275926E-02    .103169339387805    .133229740843128    .163951168783523    .195652340413121    .230446315776756    .268812509624889    .31103488719642    .356365457273202    .40507896394855    .456174555470697    .510070830650953    .565914427598355    .622484471484203    .678445847058534    .731658763859743    .780802792614804    .825673153612287    .866653039372563    .903775602398029    .938733074367957    .970478824965505    .999999965102629 
 282067.866    30            11            2019          7 
   3.08682811650459E-02    5.98341846612545E-02    .087787743827934    .116136417901995    .145908992984157    .178483198791599    .213986040995893    .252262761295893    .292957228642627    .334872645507234    .377689053429787    .421325936547838    .464963068941004    .509515290284786    .554398881349356    .600931288819691    .648756824802581    .699058659787216    .75073449921091    .803579605111771    .855727626999525    .906547788041903    .954803905241727    1.00000003190721 
