 246879.978    1             2             2020          7 
   3.33883378318148E-02    6.47562100752861E-02    9.46969275516745E-02    .123494725035985    .151769597937991    .180607703153838    .210054704319724    .242408070932143    .277454342105458    .316359950015874    .358268155609606    .403767997642158    .450888218393717    .499496858499801    .546685875332507    .593604802674602    .639277172873857    .686293186865887    .735021508103018    .787425324847526    .841398097297303    .896568883564952    .949680407558202    .999999962532401 
 285763.597    2             2             2020          1 
   3.96501153025187E-02    7.57887643816123E-02    .108590742753004    .139427024250223    .170071194372599    .202318826035599    .23798339922037    .277115559482897    .31977027194615    .36443503202754    .410397329886284    .456648820020977    .502335950526967    .547500194715144    .591535938358167    .635247167696451    .678042867545512    .721905719152884    .76613338279753    .812423776374147    .85968038600452    .907730921111691    .954945373955382    .999999879270837 
 287657.537    3             2             2020          2 
   4.10230171654602E-02    7.77782166520288E-02    .110907454631981    .141349639180495    .172022532908637    .204816737080663    .241354840851954    .282340697673081    .327272327171806    .374587433241841    .423024071502079    .471347809669941    .518032989172121    .56299541701214    .606116027997556    .647821327553117    .689081870815017    .731113784878857    .774342597444266    .819414856406144    .865357345043248    .912026663671253    .957313153070625    .999999871374829 
 275744.099    4             2             2020          3 
   4.03618430255601E-02    7.64133391073946E-02    .107674795438233    .137072119628569    .166167483877869    .196767951732305    .23071695849328    .268102915504277    .307658584064568    .349389134842374    .392534692102332    .436978611235847    .481795895113607    .528237165466957    .574163465597862    .621000823303203    .667663936572583    .715761067383712    .763483133504881    .81273430079822    .861515999749463    .9099305104259    .956195099754429    .999999980960608 
 282732.215    5             2             2020          4 
   3.82597009682819E-02    7.26589482936177E-02    .103101091610661    .132070157909844    .161979960879237    .195580742585347    .233475478068532    .276174118723966    .321592758053765    .367545526913161    .413113075918851    .45712258594232    .499549823584836    .541359206272267    .583452205384519    .62606883380799    .670043140467739    .715782036458067    .762803727548345    .811430238856934    .860471619320069    .909357154436752    .956334026173848    .999999902734819 
 285031.809    6             2             2020          5 
   3.92510228185181E-02    7.49009056213793E-02    .106863127774627    .137821377551935    .169206690410122    .20255063883063    .23918191223703    .279168129178874    .321556901435166    .365437612438547    .41036883667605    .454876752896025    .499925069327964    .544292485878304    .589250351879148    .633794448271561    .679118885201336    .724671202399028    .771311391599806    .818448784079394    .865851223731313    .912462907341685    .957454431866585    1.00000001227933 
 295774.14     7             2             2020          6 
   3.79192388943722E-02    7.30534795169212E-02    .105229853871775    .135545043762108    .165291347816952    .196409686965872    .229834764078766    .267299293812502    .308565552544587    .353617797688466    .401834223488909    .452975072465767    .506290088866457    .562046051422886    .61820899682102    .673722058662735    .726897663365702    .776200380465987    .821500993967897    .863012874029487    .901262235096009    .936660761654146    .96953381810188    1.00000005494057 
 257939.884    8             2             2020          7 
   3.19007455604462E-02    6.20534116572972E-02    9.02954611751706E-02    .11866005999047    .146675164822513    .1768910231812    .208259615009752    .242977249061258    .279271255749266    .317981523119162    .357611699602455    .398745193909213    .440575707458254    .483843934881742    .528195142361156    .57440685481583    .623028225154199    .67410959214047    .728141925310008    .784129171353741    .841082727826613    .896950336013177    .950548944090399    .999999843955889 
 278105.37     9             2             2020          1 
   4.22685099873296E-02    8.04675614048733E-02    .116177139363131    .149847739141103    .183995149257636    .219251387635018    .257566325040757    .298476543935488    .342499538709015    .387918081418205    .434907437242222    .481787487598675    .527962207274171    .573760664438087    .618584165149346    .663047471898871    .707611628462982    .752297984663151    .79591892858811    .839120067602434    .880839304271615    .921507455519467    .961294589529141    1.0000000179788 
 273079.019    10            2             2020          2 
   3.76370928395088E-02    7.18147932165012E-02    .103689910584086    .132198914922863    .161227414614193    .191581680978574    .226270043699329    .26425993477734    .306787517700142    .350793896491184    .397116025554127    .44402509553471    .491091714922266    .538168690744418    .584616556078224    .630528804924409    .675920199493613    .721430893323225    .767640903968532    .814628734348134    .86217283686668    .90977936408216    .956171041466939    .999999930423069 
 280126.5      11            2             2020          3 
   3.97276222193366E-02    7.56996587925455E-02    .108636208496429    .139795701116281    .171113151112087    .204553037868606    .241054794664196    .281188671680473    .324473441016826    .369484523063687    .41528765798666    .460844252507349    .505431028481775    .548962812336569    .591797980108986    .634388225051896    .677518404631479    .721476893028685    .766739702866384    .813686015514419    .861230439640662    .908985204006047    .955870383558856    1 
 283715.744    12            2             2020          4 
   3.99745533904879E-02    7.60215125742194E-02    .108263772343737    .138107945245013    .168095265934555    .199917692530309    .235154600726    .274352119228886    .317223208980606    .362834497386934    .409970804704444    .457346237806951    .504523464161369    .550153477295218    .594854578725811    .638373654195236    .682056240594107    .725619924973215    .770455899514692    .816420369325715    .863037946618147    .910138071153358    .956276350493965    1.00000002114793 
 288632.13     13            2             2020          5 
   3.95032941130809E-02    7.52816369360889E-02    .107008569448332    .137343456444021    .167628586927415    .200171565488915    .236120899378042    .276000030081544    .318399426590172    .363235017788907    .40845374698929    .453961771771563    .498439397581967    .542541599578675    .586224961770542    .630178510012035    .674990958646912    .721272892418457    .768663991080965    .816965905268412    .865287091392077    .912548375158372    .957874778182179    .999999982676911 
 303660.156    14            2             2020          6 
   3.68023914269312E-02    6.95337613292275E-02    9.89673258079667E-02    .125860632749593    .152772875333206    .181103104205084    .213556247522642    .250417793534954    .292180917950263    .337984717980254    .38719117054659    .439063303550433    .493377208170834    .550001518391501    .60713755404578    .663977257194059    .718269756306125    .768822826314428    .815137605672573    .857969307471475    .897351223451258    .934093778506786    .968499737087667    1.00000000082329 
 262870.763    15            2             2020          7 
   3.37711584734606E-02    6.47768851294809E-02    9.44976670080461E-02    .122834362146238    .151319887251022    .180090010380881    .210429018759876    .24313120716852    .279556039387309    .31961315197689    .363337257812502    .409437620445831    .456762503529158    .50407576612086    .550710671368957    .59680520889651    .643212637820053    .690750612783058    .740338906099649    .791974783536502    .84536336397365    .89892437942975    .951183543184679    .999999950546041 
 287264.238    16            2             2020          1 
   4.05697566655512E-02    7.62692559297966E-02    .108541590156099    .138670291513975    .16953995375157    .202924368408503    .240059385890213    .281297414751641    .325259389318764    .371360346201534    .418456820537125    .465948020738314    .512659260687368    .558546128965068    .602625808751036    .645260118490628    .687044492116697    .728901969168888    .771867256845943    .816804215723504    .863125897087823    .910107739376873    .956185089944959    1.00000004177339 
 291361.08     17            2             2020          2 
   3.93471211960173E-02    7.55003357860974E-02    .108462140806092    .139791910007335    .172089248759649    .206181825571899    .243294441556848    .283182447532114    .325492008489947    .369029641845095    .413826827007917    .459125269493784    .50449299885901    .549750577101787    .594109410134669    .637755746666645    .68069489583166    .724135516830182    .768958925897035    .815206523551464    .862967385262987    .910857972176654    .956856952205147    1.0000000471923 
 279056.505    18            2             2020          3 
   4.05014404867125E-02    7.58379253916693E-02    .107098171412453    .136225112925606    .165416865461531    .19736868568966    .233785509452647    .273715090649831    .31730575273635    .362405657771712    .408215768433708    .454160260482012    .500281016115356    .546032110951866    .591499549078779    .636492956865492    .68067576493155    .725110874050401    .76994974324286    .81601685830617    .862833037613655    .910048609599694    .95619221006871    .999999982082482 
 277026.032    19            2             2020          4 
   4.08149713898097E-02    .077659704433932    .111416777092811    .143384539399532    .176147395644392    .210676331403397    .248600452375537    .288950789379245    .331585010348414    .374796794367686    .418384530194621    .461703845850126    .505228072302606    .548879148296071    .593304970974713    .638052965542242    .6831036730873    .728622522557736    .774380462825963    .820326505903965    .866641027439616    .912820069830116    .957593332781087    .999999997292673 
 280597.961    20            2             2020          5 
   3.82793599543031E-02    7.20649753981997E-02    .102579587336613    .13136544139036    .160407702387937    .192051285856457    .227219805287537    .265750188175815    .306959142069461    .349652453907176    .392885155133041    .437198249990134    .481444328367732    .527031682974346    .57316079356685    .62069399267659    .668129520905535    .716922696651384    .764957614481739    .814106503788885    .862350461805387    .910387439967891    .956309849129659    1.00000002761959 
 301099.613    21            2             2020          6 
   .037040699981529    7.11104536628049E-02    .10185298554751    .13082076605409    .158946463840191    .188453971771628    .219736717579242    .254664527333683    .293654141752417    .337234273944417    .38481951756112    .436275417514402    .490721684770149    .547883674961748    .606183318143288    .664441810076322    .720785860824072    .773547054509167    .82132910280426    .864826854659557    .903602851027245    .938864333578536    .97091809447128    .999999936067669 
 244350.554    22            2             2020          7 
   3.19808966125262E-02    6.06332233597064E-02    8.70955092555264E-02    .111461062067512    .136429856170901    .163089812096354    .193603190582494    .228738259019867    .269152116389308    .313523946420027    .360906371732638    .410005273100383    .458574677766026    .506537276205643    .551883979972478    .595755120530646    .639328852821017    .684106094250967    .732092416291391    .784357427219093    .839329934054498    .895038895635162    .949410383268458    .999999970841073 
 293296.309    23            2             2020          1 
   3.83525126142143E-02    7.28105328692527E-02    .104023641156698    .132997366559939    .161941738116111    .192689440092818    .227618733432476    .266683003586656    .310456674976431    .35701587195903    .405654930181886    .454543256372858    .502670833133464    .549876294215486    .595289252770651    .639613721664666    .683154533407374    .727138636187201    .771667942725457    .817828172447271    .864686874562748    .911574184692519    .957098538699988    .999999798838246 
 281691.55     24            2             2020          2 
   4.07575575849276E-02    7.69141648462654E-02    .109103004798156    .138937943048877    .16875930539095    .201079411483057    .236585598902417    .276382064664347    .31897386409887    .363588570991924    .409190977240886    .455486156977375    .50089605989246    .546251354096351    .591066108035545    .634678305490527    .678930886460741    .72355771321504    .769100768198407    .815769389426129    .863389849642277    .910529897417938    .956563571040736    .999999933437833 
 270460.243    25            2             2020          3 
   4.11467122903069E-02    7.80666957398245E-02    .110765861135272    .141263411934263    .171377400698039    .203112382098799    .238324711462305    .277027661880789    .318648786117522    .362693961178612    .408081755014174    .453365270584335    .498507476106202    .543088196607884    .587299176999556    .631108353881054    .675968285937686    .721119503874734    .767143886190326    .814045419145024    .861531199245428    .908687275157111    .955453044165164    1.00000002588181 
 272740.396    26            2             2020          4 
   .040980579826952    7.80739137602851E-02    .111551125147134    .142447399527315    .173493448601578    .205815207123737    .240847848222674    .278280880328413    .317519773455194    .357540431047845    .398896836866072    .441513770571045    .485655162171137    .531381451466397    .578017374074649    .623984677814283    .670159367408119    .7158496792679    .762045852202986    .809719047815711    .858257305969446    .906980550013574    .95473354907793    1.00000003758153 
 282560.949    27            2             2020          5 
   3.95803087757006E-02    7.51354350942175E-02    .106287383903499    .134663382947691    .162788025823413    .192693036799469    .226901101698239    .265537870955055    .308887091427131    .354995451131855    .403264987264748    .451675671042569    .499611899661336    .546201073772583    .591445681777491    .63513575791395    .678461366223681    .722584590059541    .767895002451312    .814696022450009    .862621910379413    .910192731108785    .956123695458002    .999999959300816 
 305239.65     28            2             2020          6 
   3.79824508382184E-02    7.30781202368369E-02    .10555219429635    .136139955932986    .16563555574284    .19584309615412    .228056923879319    .264127096528908    .304073194005104    .348280415691408    .396151689746073    .447106068952706    .500377121714037    .555854688684776    .612654014231113    .668460677126972    .722784591140109    .773122651333141    .819549184550565    .861364279673365    .900187668115856    .935576357789691    .96912909250158    1.00000002047571 
 263271.467    29            2             2020          7 
   3.34733394990825E-02    6.47389782700987E-02    9.45011301656742E-02    .123797411634718    .154225137223093    .186084036169024    .220663362610047    .257969823026815    .297568979911522    .338650862514471    .381171641313869    .424333690232371    .468409749374777    .512918762290332    .557561608072021    .602280064971872    .64788164074005    .694653052261831    .743916307117322    .795510509120231    .84873438592189    .901705018892154    .952646615043171    1.00000000664713 
