 313102.19     1             12            2019          1 
   3.79810508361903E-02    7.34224518479095E-02    .107213336542775    .140678960517651    .175449457491818    .212802078691944    .252868495386442    .296111890019038    .340409752683301    .385922948391067    .431200872469145    .476416691224677    .520510921290586    .564176177991601    .606947157971013    .649083660593367    .691414838075709    .734395364257912    .778391383576717    .823559843592918    .869375506444078    .91467251873901    .958579110385654    .999999892207717 
 300535.55     2             12            2019          2 
   3.96638256220853E-02    7.60076470154696E-02    .10924764401832    .141175556227874    .174296676903115    .209471020254509    .24859857989346    .291169146836373    .33612483094762    .381837185110048    .427345970385201    .471601862075884    .514660568025979    .557487604211881    .60012945015989    .643750901515644    .68813723742499    .733662009785531    .779555758877777    .825635322094175    .871385005451102    .916214092642285    .959349900535893    1.00000014557346 
 298691.887    3             12            2019          3 
   3.79823850837887E-02    7.26633107589226E-02    .105456385552497    .137546015457226    .171342743902515    .207924585239069    .248342789981771    .291657099394199    .3371755771023    .383172233600037    .429015486826731    .47380136910113    .516935648724199    .559161644972968    .600871065841839    .642674647286285    .68546529311993    .729912066543675    .775515027212641    .821984997536944    .868870948359572    .914568801964146    .958533420929508    .999999855201959 
 294151.103    4             12            2019          4 
   3.90704309259806E-02    7.49218994939482E-02    .108504594299448    .140801518174147    .17374496616285    .20843054332776    .246364291637553    .287074315551691    .330443341691294    .374824655807937    .419645263704825    .463894603771042    .507512917179168    .550491147146914    .593466986761563    .636790808668156    .680801511816871    .726161277134494    .772564829971078    .819381754536545    .866805350717995    .913180750506994    .957919236495265    .999999862315662 
 294768.387    5             12            2019          5 
   3.87955780378087E-02    7.39059202649503E-02    .106647900772005    .138111162807632    .170367552847518    .20510632089933    .243100902599504    .284256387626126    .327777501162294    .372677504507972    .418342382743371    .463789134212686    .508667483904914    .552769747574729    .596581899995266    .639808370122133    .683936395543665    .728373243939487    .774259482411864    .820540204333377    .867520098076189    .913362022094995    .958317975088692    1.00000006530551 
 302040.637    6             12            2019          6 
   3.77166789201365E-02    7.17195506047089E-02    .102340637197107    .131285004044009    .160504129552773    .191759767039228    .226699498509864    .265751388777531    .308827390914952    .355013591267191    .403661691307452    .454203421061518    .507563118071427    .562136176232472    .617915301410254    .672863412581136    .725302082861784    .77357331929147    .818065521594036    .85878758757882    .897136318117353    .933346573990969    .967815859658646    .999999960270247 
 274441.348    7             12            2019          7 
   3.21202973223718E-02    6.15212066755517E-02    8.92811866626963E-02    .115601067848657    .142963521526283    .172319520754212    .204332195325757    .239407227323122    .2777451377334    .318247900504045    .361170778510022    .405364789911322    .450762496573585    .497148403909603    .543458446902833    .591305646662251    .640295223936154    .69092290167588    .743459741897201    .797607752877675    .851268353247558    .903930846455396    .954057734131957    1.00000009838168 
 293503.69     8             12            2019          1 
   3.94751412133013E-02    7.49790536066173E-02    .107689500002538    .139181996953769    .171541044978004    .206221906869382    .244384278439566    .285549460425864    .328549292472268    .372506709370502    .416609806932921    .460652002364945    .504700213479429    .54907050316812    .593755311900849    .638761933027145    .684064600261073    .730039054193833    .776142552500788    .823085371601291    .869526706376332    .915332082366665    .958716864854408    1.00000009795448 
 275676.519    9             12            2019          2 
   3.93123443145878E-02    7.59019690937116E-02    .109074184175439    .141253203383093    .173921601072234    .209634795283381    .248481955857111    .291026497889724    .336124502546044    .38155909394844    .426037628226509    .469036563783294    .51006752818509    .550184122681845    .590238653949341    .631107148719474    .672862269147413    .716917696570305    .762052684109814    .809561944410652    .857742507804954    .906624073956767    .954496191603464    .999999931078642 
 280902.036    10            12            2019          3 
   .040959296587966    7.84227472633911E-02    .112261369531779    .143860596207996    .17636600651944    .21053561467422    .248578125515972    .290463891253177    .335550950981715    .381926243407506    .428791725632063    .475067366991245    .520083338769392    .564127886474272    .607640887658073    .650642367095552    .693252584684007    .736001473837662    .779361229870189    .823202692984397    .868062415895056    .913244704552444    .957657819361623    .99999998309019 
 285417.66     11            12            2019          4 
   3.88337904857569E-02    7.43490751851164E-02    .10683213275503    .13842399360905    .170857343322764    .205828503547223    .244729923815856    .287292467291618    .332490594660471    .379041016593017    .425806419529191    .471477756929967    .516123623447127    .559843982236418    .603056751551393    .646219977243174    .689673676376578    .733946350761898    .778464991444468    .823776987030165    .869205533305122    .914290723110826    .95822403736335    .99999998686136 
 282141.362    12            12            2019          5 
   3.89796809495713E-02    7.46944385453133E-02    .107691375666677    .139342937778829    .172005337921705    .206247176814153    .243398378434141    .282992725912339    .324649869131914    .367504245752879    .411765579987879    .456571161569001    .501494231905636    .546313630806815    .590610020607329    .634438061406962    .678613445819405    .724005086677082    .77048605292761    .818019129183902    .865969660184032    .912902195283228    .957989633579496    1.00000004607619 
 297694.174    13            12            2019          6 
   3.69578273399885E-02    7.04450929227792E-02    .101518299279851    .130858563699167    .160533641103437    .191164699069657    .224881479373526    .261783890545671    .302512664599543    .346656279163528    .394466828102924    .445309772840902    .499403195828078    .555422410198058    .61214704650216    .667987595971562    .721056949958987    .770284326256247    .816013355622472    .858346597169214    .897800677987067    .93462580241829    .968978485954515    1.00000004534855 
 264605.412    14            12            2019          7 
   3.23562455907459E-02    6.23837435791941E-02    9.13128083761567E-02    .119709712855854    .148847623414256    .179145479009515    .211087483822893    .245494893142057    .282343437338689    .321824099491586    .363372905993321    .407196768711594    .452041993050769    .497749704473165    .543859872469275    .590807490267811    .639135170069764    .689522874819355    .742372795364442    .796757371311816    .851217708653669    .904301467953346    .95424529242055    .999999860169149 
 280044.025    15            12            2019          1 
   3.90182930835607E-02    7.41685280555441E-02    .106276384244406    .137335116884747    .169412090652532    .204385972214547    .243144387074497    .285328239907993    .330163433677973    .376417991331899    .423176878171209    .470434068357645    .516946955929519    .562501177270252    .606739143515024    .649519191669953    .691193442709588    .733242969565232    .775528006266158    .81974716966377    .864802306530196    .910813710451419    .956020888144284    1.00000002231792 
 284879.124    16            12            2019          2 
   3.97831182702334E-02    7.65033900834376E-02    .10956346436252    .140786493054858    .171750242372095    .204734366127158    .241141391734622    .280982357319029    .323979184413667    .368819364594789    .41397129980644    .45889512291887    .503267560858549    .546495708650101    .589886425391423    .632590557074305    .675899221471209    .719830079581402    .765127526069618    .811752948067897    .859796405702932    .908011866113433    .955297381671252    1.00000000351026 
 285571.976    17            12            2019          3 
   4.05771957152319E-02    .076892700390969    .109151253211555    .139011856769167    .169194743897945    .201773918329087    .238156465675049    .279478250519932    .324010396112887    .371069159548765    .418944841597482    .466943795983679    .513976542554722    .560198142919318    .605195391266263    .648709103812763    .69165339992955    .734151168950836    .777433219235069    .821825267704139    .867369663576513    .913096150145349    .957807459195506    .999999974612355 
 279320.863    18            12            2019          4 
   3.91466273200026E-02    7.46210175902614E-02    .106333783383109    .136471160006047    .166822371410187    .199364387659435    .234777653808838    .273956107066732    .315623912954902    .35973802621933    .40508976745321    .45150094217094    .49764162263812    .543529709415225    .588215941374204    .631960995426969    .674926536010309    .719092029477225    .764071774688738    .811482471951979    .859880049489894    .908717589240729    .955635405759147    .999999931082842 
 292844.349    19            12            2019          5 
   .03804034610422    7.28846551005155E-02    .104683077412738    .13592659743453    .168326835290921    .203570987402765    .242049152748035    .283834042201374    .327336514311567    .371813426857351    .416580009069938    .46113831617765    .505695742911536    .550405340927374    .595368806741086    .640425165332455    .686239925958073    .732174043932123    .778117179068393    .824449919639733    .870015774574499    .914822053643248    .958399811054575    .999999982072388 
 313071.472    20            12            2019          6 
   3.61935562173324E-02    7.01511014512047E-02    .101528801973931    .131373181496716    .161340579803771    .192753971308028    .226928987600314    .264622132753763    .306234810217713    .351135799311986    .399326073256844    .450428696358511    .504579470275081    .560801606270277    .617916210200078    .674186757664716    .727406883467172    .776394998391933    .821414470814511    .862628103016681    .900605852710847    .936553215394854    .969630925841751    .999999989618984 
 275488.147    21            12            2019          7 
   3.18225110765836E-02    6.14318200820814E-02    8.96055877995724E-02    .11818921037826    .147337016145744    .178687502887375    .212606158197071    .249416555433508    .289323217915071    .331359225638481    .375359615744194    .420130938519108    .464874810022226    .509557369903831    .553459610369371    .598428366774706    .644781370575628    .693850348759288    .745192507774209    .798870010004459    .851972226594562    .904322369085448    .953948937048097    1.00000003357676 
 300586.91     22            12            2019          1 
   4.22340413958811E-02    7.85929101170773E-02    .112716178533856    .144739531717299    .177513577728651    .212298559404167    .251186009938024    .293382052756389    .338877760012903    .385416686766233    .43269918486304    .479065792485774    .524889269961889    .569637507252062    .613623693726384    .656495497841207    .698528630205487    .74017704646553    .781764852135444    .824942152337905    .86866297254927    .913639461212732    .957710637665493    1.00000009148768 
 292324.423    23            12            2019          2 
   3.96680854658268E-02    7.62984834703668E-02    .109416907580794    .141453699521199    .174194546558636    .209126278682503    .247583417576779    .289415926598784    .334067168200654    .380352563802033    .427643718037887    .474118944468078    .520205262237018    .56488576820008    .60874003033609    .651494059393046    .694532660977834    .737183476370019    .781377525801188    .825582158508186    .87080748937286    .915186425425699    .958786100982059    1.00000004960242 
 292589.447    24            12            2019          3 
   3.89690060211741E-02    7.46904608114591E-02    .108260496853292    .140747317135809    .173424330325386    .208672045103698    .246666128905189    .288341445419595    .332417309893614    .378150653618755    .423986957311553    .469927876448668    .514636106304955    .559237477813067    .603027986173404    .646982386722922    .690566654733108    .735041302173144    .779266560064964    .824611080385275    .86949495097477    .914599800996924    .958086289079319    .999999967531297 
 282799.18     25            12            2019          4 
   3.98285091440594E-02    7.68210490833106E-02    .110603413657352    .143022357662954    .175163664282902    .209411948591046    .245552780598586    .284806286832232    .326129006544503    .3691745974564    .412944642378383    .457903196315845    .503145410022052    .548720318955663    .594599662117125    .640190483402392    .685634336439731    .730682038222317    .775773609474398    .821209230079804    .866706124289328    .912503198382683    .957131156639139    .999999916018144 
 279204.282    26            12            2019          5 
   3.95790863645315E-02    .07618042330248    .109091676757486    .139889509287683    .170620326593881    .202817406221764    .237680810353761    .276136916034117    .317668111103683    .361741855377419    .407581163995185    .454487791487381    .500704008275203    .547000419481389    .591223080257057    .634903575278978    .677922536302649    .722130199099167    .766874151575512    .814448021252052    .862200187800128    .910085993057943    .95603980117325    .999999997313795 
 302427.452    27            12            2019          6 
   3.68871943388013E-02    7.16302083788677E-02    .102861872163146    .132696674597847    .161611421666675    .19209104558653    .224728302153271    .261596390024474    .302172856938596    .347090938440998    .395462017490727    .447590609267839    .502276865064485    .559020949096909    .615631013384327    .670892665441628    .722250385358536    .770172157271622    .813874218832489    .855351418296511    .894070311613114    .931677368032053    .966780414828215    1.00000015871575 
 265558.144    28            12            2019          7 
   3.42979965422845E-02    6.72250083111742E-02    9.78725309070167E-02    .128822629659213    .15991982425796    .192958389839477    .227021875151003    .263704107818663    .301790458599153    .341944741628786    .383224013692836    .425192106187111    .467561387893267    .510149695314936    .553448475675444    .598396906535843    .646070964594481    .696122326886725    .748650489043183    .802116181287214    .854966424509278    .906145423561177    .954685817317657    1.00000004612926 
 289662.929    29            12            2019          1 
   3.80407670323599E-02    7.26931466111944E-02    .103694137734311    .132607269728499    .160474182994262    .189964278704784    .22283865553348    .260413269219203    .302712568977026    .349160197938204    .398209315084638    .448072740782097    .498167820432417    .546780357938036    .594468005776466    .641007551919079    .686678793560774    .731999681861257    .777504890002683    .822862243100497    .868655447622019    .914160278169389    .958034441818407    .999999921460436 
 288011.116    30            12            2019          2 
   3.90157500954321E-02    7.38339896770686E-02    .106084650544356    .135822719859882    .165917722555889    .19780887988365    .233788068443858    .273206034867071    .317027395784613    .363015719504382    .410523705706553    .457981129624177    .504594022336277    .549773376628977    .593693339426524    .636970423391575    .680099943607732    .724243693340642    .769618189840978    .816707409654286    .864127617126417    .911616289837924    .95718864111481    1.00000003124879 
 286863.952    31            12            2019          3 
   3.88957211097667E-02    7.42977959635723E-02    .105359776522217    .135196260538689    .164579649763732    .196288455341541    .230943507281459    .27012641605802    .311636511408028    .355869124460434    .400895041484683    .446131859877256    .491411517610271    .536909348233479    .58214976153574    .62780816479165    .673767178753084    .720114007214124    .766943588471514    .815008021206513    .862562358044206    .910361312145626    .956298484307293    .999999949453391 
