 333514.93     1             7             2016          6 
   3.74825505843921E-02    7.24915073517099E-02    .105121617512745    .136573311069612    .167870377928059    .200265748785219    .234572917957526    .271738092617023    .311327142086263    .353394200935772    .397161427301021    .442097852635863    .487700618080276    .534384856848837    .582146680434966    .631743270083891    .682994817503372    .734810994818133    .786122603266966    .83535868619135    .88119630806333    .923711646132304    .963263754789028    1.00000002248775 
 287405.204    2             7             2016          7 
   .040283717340066    7.79698798312295E-02    .113119621761442    .146167651682466    .178149582801222    .209673930978125    .242140954109168    .276323746777042    .312867236304462    .351538112067379    .392532987807347    .434799695946007    .478274438273567    .522090135413832    .566574205107295    .610815151158502    .655454761267997    .699802372924326    .745643085589362    .792552520204192    .842165346195332    .893969220717381    .947412929412371    1.00000005132127 
 333446.73     3             7             2016          1 
   4.43876009539065E-02    8.59672547995897E-02    .125644835008578    .16338534372117    .20148708891972    .240055726067549    .28079686633904    .322997103990194    .366819695982624    .410770306924287    .454411882371736    .496947865180744    .538168748498448    .578274339352496    .617839457819844    .65739614165657    .697342083696547    .738676319078013    .781285355160028    .825163662573629    .869781452797573    .91435191537191    .957833654569052    .99999987254336 
 330396.38     4             7             2016          2 
   4.06105836987379E-02    .079604986043582    .117058944660653    .154197396832102    .191774195588947    .230853533791744    .271861001095109    .314075304789962    .35700423306696    .399273158652646    .440545648532832    .480726693721644    .520895726823641    .560736130038713    .60197475907575    .643850927255922    .686916670364246    .730972748551301    .775920369496784    .821404751014524    .867206932624383    .912836215850791    .957102552848793    .999999890283302 
 327983.23     5             7             2016          3 
   .040322793928557    .078822049977601    .115022589626762    .151506555304672    .188711046579272    .228343539279432    .26958571555625    .312828899247379    .355893910719155    .398695451212551    .440503610123603    .481789972158028    .522181804844107    .562617418350932    .60311310543225    .644338202901411    .686777634560767    .731062244401947    .777082604192903    .823999922953378    .870880463918841    .91641118358399    .959566400696767    .999999965699466 
 307767.99     6             7             2016          4 
   4.02749798943516E-02    7.80351799053241E-02    .114241544824073    .149766427951133    .186096097501888    .224276136140734    .264955165577811    .307956865900837    .352087257352527    .396345992235905    .439484615911486    .481338789894947    .521511908613368    .560872371749902    .599806123437333    .639433427189748    .68057369083445    .723890715941577    .769737954635893    .817202127648168    .865579579929674    .912640090511037    .957720619353559    1.00000003249201 
 318139.5      7             7             2016          5 
   3.82358677364804E-02    7.47285376678312E-02    .110176731630307    .145561685597042    .182392767166605    .221304058439772    .26266356818314    .30635249041694    .351624960316151    .396657878265666    .441238778507542    .484041346249051    .525852456233822    .566828289948277    .60850369884909    .651013991110818    .695069055791563    .740349604890308    .786739681020433    .832531208793627    .877490750912729    .920579946061398    .961404313202227    1.0000001964547 
 326237.488    8             7             2016          6 
   3.56165389408359E-02    6.89859730248873E-02    .100522844610979    .130939025468465    .160961441224682    .19269599160842    .226809081487288    .264331689097606    .305061747302934    .348325331790196    .392966531370852    .438609637191664    .484458138820637    .531275403656247    .579137727727967    .629314077326392    .681090200921361    .733971539316168    .78598167571717    .836206015661818    .882536815480874    .925454170214798    .964450301769121    .999999940993906 
 279779.575    9             7             2016          7 
   3.78035115344821E-02    7.26670691337993E-02    .104818984507715    .135537363431551    .166066572787703    .197466640702775    .231147396347643    .267790109857019    .308064058107172    .351572528123256    .398113491442326    .445921356124728    .493948394463749    .541026080531433    .587004798777752    .631563370020846    .675124280873613    .718333463942105    .761830820298444    .806233800305115    .85244261040142    .90054454028676    .949962238129785    1.00000006701704 
 338275.99     10            7             2016          1 
   4.07626921410015E-02    7.99371551983338E-02    .117566931996859    .154199510841724    .191450424936307    .230483168122574    .272186772700007    .315722992378206    .361100002803924    .406210057577542    .450776431841941    .494314245078405    .536927840710776    .57863213813963    .619976429970688    .661012356729782    .701882368668849    .743660662629352    .786015178020763    .829576040114464    .873527393268437    .917185439321307    .959507021175224    .999999937181471 
 320018.89     11            7             2016          2 
   3.99947948189871E-02    7.73840915883122E-02    .11272357039611    .147191408763401    .182330557600053    .219661911012503    .259789864474875    .302377340717293    .346832382496233    .391801724970048    .436408710904534    .480421444809086    .523727091547627    .566014292546918    .607732288865823    .648696130484672    .689709041472521    .731087555878342    .774039219606693    .818479272036098    .864342043215011    .910477405724393    .956148830776833    .999999953127767 
 334508.11     12            7             2016          3 
   3.94426921087952E-02    7.67914163949568E-02    .111949663380359    .146532415163268    .18196189763157    .219760086683698    .260615318115905    .304235733813748    .349587142670472    .39457017013728    .438429159086756    .479900313552936    .520410028324874    .559890293093342    .600824091380027    .642792104128656    .687056819414632    .732566272832668    .779342371549676    .825800512728974    .872026409912752    .91648506668493    .959293632671567    .999999951421208 
 321165.78     13            7             2016          4 
   3.89893953531179E-02    .075254341046624    .108610793816514    .140274007204317    .172264653222862    .206861867802354    .244618361504766    .285967406965026    .329918982962631    .374484995334808    .419282099419185    .463452142223869    .507242318904586    .550614487166098    .594453898544235    .638331744122926    .683049060752986    .728641606836195    .775069634598057    .82175726349177    .868563892454545    .914034568066374    .958042311512764    1.00000010119384 
 334301.23     14            7             2016          5 
   3.75651013019381E-02    7.25216890280362E-02    .105478738068059    .137745179138288    .171299264102319    .208263330350295    .249242745083528    .293466099795684    .339977529397663    .386647077996094    .432305515672198    .476757332002637    .520301798620364    .56304473326347    .605960135863096    .649447253379834    .693567688189481    .73881182885567    .784783232774824    .830815724937656    .876116560354863    .919836392764693    .961181308695753    1.00000005982628 
 349532.74     15            7             2016          6 
   3.46364974100852E-02    6.72066927210453E-02    9.82810629377666E-02    .129075030907691    .160615799449145    .194232184980726    .230601028604645    .270270439294185    .312580182939372    .357380483692315    .40349957632009    .450257490542946    .496963013393252    .543997502208234    .591098061371876    .639576308001934    .689125180376522    .739360549601162    .789318405480414    .837549938812599    .885221259959797    .92649394946522    .966525160132353    1.00000002860962 
 282807.94     16            7             2016          7 
   3.78504928888312E-02    .069154996253818    .101837249733865    .12979225848468    .160890480899334    .192615536625315    .225896998661883    .261562366539285    .300419843896533    .342757791736682    .387940785449659    .434771291914576    .481826111388527    .527782984982671    .572359173331555    .615600367779632    .658924491741639    .702844260666797    .748636269724252    .796612623393813    .846631385685282    .897995307787327    .949675091335837    .999999991160078 
 339498.75     17            7             2016          1 
   3.98874524114595E-02    7.74037908368587E-02    .112509549924705    .147049176819502    .182865858766048    .221682057003155    .264282499199187    .310326874362571    .358057282979687    .405828169470432    .451898018770319    .495982404206201    .537996504037202    .578462687638762    .618488654229213    .658748191267273    .699601526515193    .741909027647377    .785574781203171    .83022323351706    .874822808625952    .918746203041985    .960515594681866    1 
 327228.49     18            7             2016          2 
   3.83354164232078E-02    7.44417126355654E-02    .109029320766049    .143689376840323    .179678994141066    .217954093980326    .259058710398352    .302287225013629    .346893790482607    .391702073755864    .435897396571429    .478886328021133    .520792252838376    .561388742847544    .601944454775316    .642949346342062    .685442685629237    .729821366562551    .776265070547494    .823555182343689    .870829775549189    .916498266242038    .959784629388474    .999999935060667 
 325262.89     19            7             2016          3 
   3.77072212745358E-02    7.31413893773741E-02    .107568277309471    .142243918354012    .179111320153984    .218640859436808    .261500997892812    .306254220432279    .352076386004256    .397167412220005    .440911234909092    .483374819134762    .525170145831884    .566787923839083    .609000413096619    .652078980636248    .695929952230333    .740929562007519    .786358055633091    .831911976647566    .876763196840562    .919822405039813    .961118039780068    1.00000004995959 
 320712.27     20            7             2016          4 
   .036736013965688    7.12876687821298E-02    .104354844004721    .136861834226829    .171080602676973    .208364557777911    .249262270975788    .292801102527197    .338092502860898    .383041208947197    .426772726843285    .469793570729302    .512305829848668    .554793680407051    .598207156215133    .642101154252689    .685894643585043    .730081885392162    .774537231612623    .819114182160851    .86466854698138    .910420421395165    .955981801849988    .999999937638806 
 333515.24     21            7             2016          5 
   4.00160130472973E-02    7.71321867199382E-02    .111892820662408    .145759725533832    .181252563413594    .219581302903879    .261651531838545    .305612229106832    .35132816381944    .395745221417768    .439209267843353    .480870735472238    .522463053337533    .562903156239577    .604714448356243    .647323914268505    .691257673112629    .736459224472021    .782604417117491    .828474416191596    .8735815190934    .917334298576581    .959715232953073    1.00000002998364 
 340191.49     22            7             2016          6 
   3.73216272987899E-02    7.17777843480153E-02    .103790636874103    .133870995531076    .164226222358619    .195981304161959    .23069082265256    .268856689544174    .309963914551478    .353423353381062    .398264665585844    .444305187498958    .490812588007419    .538480134747051    .587513364531841    .638511342538286    .690797749305839    .743523384800131    .795086761282594    .843673367608343    .888575743767135    .929356176722704    .966303015104816    1.00000012125524 
 282947.52     23            7             2016          7 
   3.70082052064372E-02    7.15746824932411E-02    .10402858065782    .136051786652875    .168184028989722    .202551088360838    .238819325709234    .278216097061038    .320026080940734    .363903972590041    .408895669504366    .454067832746864    .498386701710621    .541565203504876    .583179811047646    .623475214149253    .663500469981147    .704408563998016    .747655872721556    .794072497083558    .84382802462803    .895826017489038    .948576634458574    .999999929315514 
 333705.59     24            7             2016          1 
   4.16755390629282E-02    8.04758476906994E-02    .116939542146267    .152217738265188    .188209758300722    .226292728382225    .26770495701016    .311938230492333    .357906917479267    .403970701389809    .449003332173728    .492570739899802    .534666322565948    .575959504454211    .617064365403648    .65846907898666    .700424568105077    .743254003101956    .786606166831068    .830410029241644    .874264553824226    .917338637479822    .959508668254553    1.00000010488287 
 319235.35     25            7             2016          2 
   3.96868342734835E-02    7.70426896645375E-02    .111613603607808    .144344757617695    .177141400145692    .21153780040337    .248124248301449    .288517399858756    .331117313801557    .375610668195111    .420633877560865    .466052171618839    .510110086101054    .554432450854832    .597748749472764    .641514266042279    .685494553626345    .730390163166454    .776203639806807    .822772094318502    .869270606309734    .915110023842911    .959012488748505    .999999980421968 
 334105.68     26            7             2016          3 
   3.65053960059883E-02    .069952721433829    .102153727601997    .134542455062422    .169255250688944    .20781457905774    .250104949951764    .294836071778247    .341044504990158    .386528055284783    .430623665242686    .473688678758769    .515734647193068    .557571709047269    .600289199662813    .643859994388602    .688841504804707    .734917448125994    .781859416083558    .828547628253432    .87444150904588    .918444146923812    .960424221162597    .999999928914707 
 316747.21     27            7             2016          4 
   3.90477954752545E-02    7.52504161757257E-02    .109183442472153    .141843174206649    .175091703550443    .210574393259849    .249181481543279    .290988035656257    .334884387182132    .379619785167168    .424259113837183    .467932002463415    .511181988785316    .553840069735737    .596801922106907    .640120624503685    .684574400039703    .729917192877563    .776238190858887    .822946129896456    .869218587592295    .914545545641902    .958307079484615    1.00000002762455 
 334295.68     28            7             2016          5 
   3.76908247298096E-02    7.36034647905112E-02    .108508286922822    .143213166765272    .179670296386271    .218258971369298    .259781531577076    .303452895913881    .348595660696244    .392961255137966    .438490980873579    .481783213217114    .525920178657409    .568526453886571    .611774236433447    .65303346314556    .69620211477157    .73863124517493    .78295947093902    .82827106081658    .873484403088906    .917762196328711    .960102894539349    1.00000002243523 
 345545.56     29            7             2016          6 
   3.58138882702617E-02    6.94728621675822E-02    .101179822079757    .132066950701088    .163580715213791    .196491025850542    .232070157405582    .270354635000953    .311166207901789    .3539888443003    .398382524434694    .443851022134389    .490390968632327    .538146474809284    .587103884723624    .638030779863008    .689938867974458    .742284217528363    .793481473181134    .842014237572608    .886724604419747    .927857838051804    .965508897003336    1.00000000723494 
 280061.407    30            7             2016          7 
   3.97034368631341E-02    .07639396027172    .109916337807837    .141991097554187    .172714089025661    .204054537158167    .236450515520334    .271568790268914    .308777761639254    .349355860195332    .392291812184604    .437669890419782    .484325813409914    .53115717225544    .577588395640675    .622840692309312    .666794110889402    .710814032741755    .755089199955351    .801070131469417    .848808936391582    .898744246203833    .949292814379098    .999999997322016 
 349544.76     31            7             2016          1 
   3.92040194517935E-02    7.66490098882472E-02    .112393677690233    .147123616049916    .183034186022414    .221129115016629    .262567388186566    .306783604945186    .353378965329075    .399574095317578    .445436426367828    .489148818165662    .531435069288408    .572435719677217    .613778243307095    .655428801521728    .698802806756422    .743212623542118    .788572291857558    .833910190786439    .878461352131269    .921233860722158    .961737257197047    .999999971391361 
