 266219.425    1             4             2017          7 
   3.87171221634184E-02    7.44668627791717E-02    .107742654391204    .138887545489966    .168958604354284    .198775364649856    .230636344436549    .264837631119517    .303587268753961    .346245453820659    .392419066058008    .440149723296863    .488723200326197    .53640426266791    .583450392941837    .629322151266761    .674566607508074    .719527463106796    .764735588884996    .810372167620751    .85740591384344    .905016252101063    .952850207587219    .999999929569377 
 301581.44     2             4             2017          1 
   4.03582521679302E-02    7.80439260764025E-02    .114077938823092    .147859988084811    .181489274920234    .215564984494735    .252585301875672    .291753619063892    .334754441660932    .37916947595482    .425250752748578    .471200353874562    .517071151659731    .561848805665892    .606044630929543    .649223577054344    .69221890776833    .735277395137446    .779021072632984    .823703136787861    .868792222011408    .913830792272893    .957752075194017    1.0000000953308 
 288036.938    3             4             2017          2 
   4.12263781479391E-02    .079740918778011    .115013826694512    .148242108881882    .180803118253187    .214132475259128    .249502531902696    .287174485152317    .327081584671616    .368129379902657    .410391212133355    .453448054160678    .497777573670083    .542816230743294    .588472484386707    .634152714989631    .679459729571212    .724812202732137    .770439705722743    .817142266142268    .864268112116231    .911600420325257    .956949096230151    .999999998264111 
 298823.397    4             4             2017          3 
   3.73708363720847E-02    7.17166771708642E-02    .102732573127047    .132967071099188    .163627399338145    .196664850154789    .233184055405474    .273399410639188    .316375986030973    .361549485070943    .407622684620308    .453612667166755    .499737266222163    .545645077533872    .590900538654943    .636489338383366    .681691935922943    .727528007537509    .774264799285446    .821684843673737    .869113358784286    .915533439638932    .959485403012134    .99999992637792 
 306443.477    5             4             2017          4 
   3.61160894903385E-02    6.86393786210368E-02    9.90362146071231E-02    .127939912268062    .157707228868507    .189961061318332    .226098945075604    .266384820535762    .310592249121361    .356898045915985    .40397978107395    .450870973344295    .496846264653889    .542317894565594    .58753545029774    .633477140386317    .679838208385163    .727700011950328    .776185962020004    .825058861507435    .872469827445536    .918404583139487    .960672471745907    .999999973078233 
 322964.843    6             4             2017          5 
   3.41884578498069E-02    6.63144330813432E-02    9.70799358802035E-02    .127811258294606    .159378935770882    .192296907762806    .227752755158245    .265655148840767    .306377387956125    .349250233639208    .394204962272008    .440530583153907    .487691627785009    .535800095585017    .584346691568531    .633640127742944    .682902455655212    .732091729950309    .780263091592914    .827554955416618    .873294163786118    .91767234940182    .960012290718591    1.00000009908199 
 319937.292    7             4             2017          6 
   3.72519258350086E-02    7.17297790030679E-02    .103479994995394    .133316701245943    .163033034786861    .193950262837756    .227583220823786    .264792856266971    .306204902139073    .350705443865543    .397601498968117    .445504685024339    .494027133057687    .542734968982609    .592636251668968    .644426381060949    .696672556852172    .749178256156522    .799839062681071    .847234287867886    .89039792210281    .930555400837737    .966465953584429    .999999966399666 
 264969.337    8             4             2017          7 
   3.70912242927754E-02    .071272869584906    .102714339322308    .132782861281606    .162573380849347    .193451909564728    .226264904451001    .262401647723487    .301479105674782    .343377644768761    .387780070284133    .433651769581927    .479906473102584    .526665303351686    .572418062000132    .617616216381294    .661705162227885    .705819877565682    .750405048283002    .796999472716347    .845835901853806    .896895937340101    .948862504607467    1.00000002547465 
 339489.76     9             4             2017          1 
   3.82638652479165E-02    7.37711522764339E-02    .107228243423307    .138658913452942    .170468737039373    .203170777338026    .239205323343184    .277882967294801    .320143768842984    .363982904079345    .409607715413861    .455065870396209    .501416219078301    .547674471830903    .59479532423894    .64239442192601    .69046255990166    .738253811764455    .785628261659498    .831773431104373    .876423525999724    .919471584356477    .960747497951043    1.00000006259394 
 324008.175    10            4             2017          2 
   3.88013665424877E-02    7.48599637474425E-02    .108173944029344    .139023860084703    .168936456522278    .199245792563722    .231771953940668    .267916224258848    .308332498092062    .352444232309879    .399862692507681    .44939587558246    .500068642172377    .55158774157473    .603740553768435    .656717033451394    .709274059983209    .760858503030055    .809601389687158    .85454219249252    .895081003743193    .932470492449766    .966893138575902    1.00000003857927 
 265761.694    11            4             2017          3 
   3.91954912668866E-02    7.68816563110483E-02    .113359119838956    .148159990280616    .181741341243671    .215174856520142    .249288654067655    .284789032180838    .323198854233673    .364166360069935    .407710980866565    .453588401174926    .500429296255163    .547346681384413    .593080557915167    .637221724662848    .679831855771509    .722731955305794    .766330401344447    .812300215282342    .859596581853516    .907833758389574    .954744558672176    .999999975541998 
 294338.25     12            4             2017          4 
   3.80331484323308E-02    7.35379092973815E-02    .106768683383403    .138347831427788    .168871931357885    .200271180351178    .234019767223594    .271278930363281    .313121813296437    .358915906062158    .407668940411245    .457693126020828    .507582634519978    .556123407763007    .603121525574743    .648420439749166    .692792539705594    .736486954209995    .780078967395505    .824106438340922    .868631635966443    .913265074281036    .957438210969862    1 
 274331.041    13            4             2017          5 
   4.27749981294497E-02    8.22818616067585E-02    .118685458816708    .153024118131058    .187500028934021    .222771781935352    .260102691723829    .299498923865856    .340810183780843    .383057897830089    .426811718783949    .471035034092259    .515695492330378    .560598073642713    .605296522022092    .649690536660778    .694020247147314    .738615831665947    .783127461959363    .82782892904562    .872229208924994    .915928579241603    .95863707326507    .999999964458998 
 296277.158    14            4             2017          6 
   3.65413264547465E-02    .071009998769463    .103868886563388    .134823940447849    .16525839991519    .195671896114415    .227514770772508    .261419178490972    .298492309437503    .33887510533296    .382479757771269    .428924339739346    .477349647302206    .527467415746576    .579019599107941    .632328583444155    .686057729684986    .73988792151503    .791894071698906    .840778356173512    .885718592926425    .927181775012166    .964946561962094    .999999994093368 
 248539.842    15            4             2017          7 
   3.90516881016807E-02    7.49970772040243E-02    .1086884577217    .14033821071935    .17154639247437    .20292722323369    .237191300223205    .274116073611248    .315352482802335    .359705344042988    .406882136325652    .454747890078726    .502990469733219    .55041948515844    .59603251910412    .640393615945889    .682955516846269    .724845367548757    .767079667552859    .811035019588529    .856573367319514    .904254543020109    .952577907006153    1.00000006990831 
 299305.995    16            4             2017          1 
   3.83488803980939E-02    7.43944310863202E-02    .108713791226016    .141643347721786    .174081056766838    .207157274155167    .241692661384881    .278438161378959    .317672152498984    .359429715899944    .403087508529523    .448641301855648    .495491871120056    .543597896777844    .592992319615917    .644062807278551    .695547064635307    .746339304446608    .795893732850222    .842075254373037    .885171983441227    .925752527108587    .963902134669905    1.00000001670531 
 272260.453    17            4             2017          2 
   3.80414794567594E-02    7.36994344391618E-02    .107061423999302    .138938995117297    .169898091112043    .201460971890582    .234639407031325    .27029359938845    .308938293316878    .349850921288594    .392622867220088    .436135429802947    .480302265933569    .524774559803586    .569781670145829    .615766474813733    .662190025262318    .70952785419776    .757467817957388    .806028281309001    .854787830221527    .903939811265943    .952483516766939    1.00000005784902 
 306822.04     18            4             2017          3 
   4.05175258005422E-02    7.89764605893371E-02    .115105455347993    .149585438435257    .1834746627475    .217593636485502    .252993610318868    .290269977223605    .329645204309638    .37051058163879    .413271372633465    .457227278229426    .501724163133783    .546499303798384    .591067891504795    .635197095847482    .679223787590357    .724192698966476    .770087890361462    .817226931856004    .865048779579198    .912393406451505    .957705401476374    .999999869631269 
 308471.047    19            4             2017          4 
   3.82084487667087E-02    7.25668793479992E-02    .104064245097936    .134410849484846    .165723059334642    .199887010688397    .23779161395656    .279463272042514    .323923076725577    .369713992963495    .416226158009572    .462858269482905    .50930965086652    .555598537259155    .601616784394679    .647011340500297    .692191127665217    .737748634639283    .784048107519796    .830435868670034    .876618333000309    .920761049577531    .961943196568461    1.00000005024783 
 305134.47     20            4             2017          5 
   3.59550655906312E-02    6.96895681865277E-02    .102982926265263    .137074709225739    .172916617098357    .211084932693773    .252512902344334    .295748143842942    .340242256553316    .384497540133699    .428180279009448    .470319794581058    .512161541844158    .553540480857505    .595481774396056    .638063513030829    .682173471338718    .727653317486549    .774745004227153    .82248394658591    .870321206253754    .9163124048227    .959967747989927    1.00000009831731 
 319586.4      21            4             2017          6 
   3.51559065384979E-02    6.72138392192221E-02    9.77980164851352E-02    .127541189761204    .158369316364839    .191021859131834    .226520267680352    .264942609220855    .306338325097689    .350011642978237    .395519876432476    .442285961245535    .489967609306904    .538731760018574    .589261376188098    .641656929471968    .695097730222563    .749122928885585    .800953005196717    .849507656614925    .893338526764593    .932887593151648    .96780538064198    .999999921773893 
 283773.731    22            4             2017          7 
   .033180268107912    6.45979014174501E-02    9.46828302440722E-02    .124833791543763    .155776922274388    .188843760303874    .224632631142838    .263317652938425    .304815338730208    .348598846566598    .394001354462933    .440177971626627    .48675945581094    .533049582203929    .57927462593428    .624720714987533    .669916219271191    .715779398992361    .762109389892752    .809485493743605    .857944326425338    .906703134019125    .954056001927817    .999999956831804 
 315260.28     23            4             2017          1 
   3.85460858078522E-02    7.42882322703323E-02    .107963296430809    .141340578370672    .175867319754807    .21312714509262    .254267605682835    .298242257159703    .344484875917448    .391081715876164    .437831777444339    .483358197312392    .528446685386437    .572392764242295    .615810608935575    .658862287932371    .70195034560015    .745347919344613    .789263170498358    .833568476339614    .877181150127761    .920035918416364    .960987299129468    1.00000000396498 
 297244.49     24            4             2017          2 
   3.87921732901592E-02    7.54443915428003E-02    .110140071215029    .144329433680167    .179562490586453    .216353752890424    .255664248183373    .29644864590257    .338104616758413    .379424453334694    .421040868158734    .462291632807054    .504507354366771    .547548679960392    .591264324193192    .635513409769177    .68053548065769    .725926565955857    .772543861956869    .819786274675773    .867200473589939    .913683673328982    .958466147681997    1.00000013877465 
 319558.583    25            4             2017          3 
   3.59685521897326E-02    6.89761473935282E-02    .100274136393639    .131063519756094    .163333778888048    .197450127047597    .234854946964451    .274287808559659    .315509196869233    .35795400130905    .401374932519024    .445720161191853    .491342566677359    .538134749849607    .585045455890634    .632491177290644    .679721758169769    .72703810188381    .774376204127805    .821966167467954    .868844895804285    .914642934187751    .958634476733801    1.00000003364015 
 318609.88     26            4             2017          4 
   3.86179473477486E-02    7.45855384432052E-02    .108257160076925    .140696260737426    .174219514453695    .209606798367332    .24851512765392    .28992279092224    .333527302260683    .377421401684091    .420982021179004    .463717375933226    .506442775330759    .54880580955305    .592003034008236    .635633193876474    .679905645895225    .724948485589964    .771212989769809    .818219388708222    .865597862972736    .912299372982407    .95739478480705    .999999984306827 
 321389.48     27            4             2017          5 
   3.90380237593651E-02    7.55448204056804E-02    .109740059883883    .143378847138992    .178319938610778    .214961896660401    .254970741613882    .29714766274397    .341002989386896    .38515021264075    .429692133202369    .473573615804102    .518054303224238    .562454772555094    .607043681470221    .651614942405707    .695853954600505    .740156217543275    .784808766142563    .829534386128631    .874383979525403    .918519680544615    .960523914006146    1.00000006222979 
 327681.633    28            4             2017          6 
   3.59081773597988E-02    6.87348874273036E-02    9.93975752239522E-02    .128974295646592    .158773072066722    .190138238824481    .224475552540353    .262223438954542    .303340830671459    .347298774867556    .393410629456916    .44082312243909    .489098304908655    .53821090462217    .588272739335988    .639768130138072    .691643319843929    .743612875153122    .794340561956367    .84222249878131    .88658682542027    .92770257205719    .965244728104733    .999999975586059 
 277734.618    29            4             2017          7 
   3.81576846172539E-02    7.36451113739087E-02    .10721627750056    .139642606372894    .172479033339301    .206842955453072    .243354611271397    .282503100225698    .324276790821229    .3682304795094    .414374208475517    .461544237528215    .508686924832683    .555259261018733    .599741022381301    .642340310004135    .683538473677055    .72465753755983    .766334350602992    .810101232140964    .85600611462126    .903503794582784    .951837029368806    .999999912686434 
 336830.56     30            4             2017          1 
   3.82351894478859E-02    .074652281912529    .109327606456641    .143139592388826    .177287441273143    .21322817509492    .251178032955205    .291574456605125    .333147914006081    .375359488981641    .417497468905434    .459651823902202    .502272798896276    .545751029835298    .590179432501612    .635912413573757    .68249109990198    .729499991405174    .777199743989975    .824512386138597    .871223928582965    .916495670701613    .95963911721668    1.00000000742213 
