 275183.448    1             3             2018          5 
 286538.33     2             3             2018          6 
 265589.396    3             3             2018          7 
 302342.453    4             3             2018          1 
 288223.543    5             3             2018          2 
 288911.667    6             3             2018          3 
 280644.454    7             3             2018          4 
 302522.83     8             3             2018          5 
 296909.952    9             3             2018          6 
 259753.062    10            3             2018          7 
 296916.464    11            3             2018          1 
 309934.998    12            3             2018          2 
 313163.233    13            3             2018          3 
 288355.663    14            3             2018          4 
 299333.458    15            3             2018          5 
 312776.081    16            3             2018          6 
 266577.819    17            3             2018          7 
 321267.95     18            3             2018          1 
 309191.296    19            3             2018          2 
 313596.21     20            3             2018          3 
 316226.084    21            3             2018          4 
 313315.198    22            3             2018          5 
 338684.05     23            3             2018          6 
 259199.688    24            3             2018          7 
 326220.21     25            3             2018          1 
 321375.3      26            3             2018          2 
 332400.94     27            3             2018          3 
 317841.22     28            3             2018          4 
 318466.165    29            3             2018          5 
 322569.32     30            3             2018          6 
 266987.036    31            3             2018          7 
