 327857.6      1             8             2017          3 
 368897.66     2             8             2017          4 
 369732.56     3             8             2017          5 
 356820.67     4             8             2017          6 
 291193.505    5             8             2017          7 
 364596.3      6             8             2017          1 
 352953.4      7             8             2017          2 
 347609.91     8             8             2017          3 
 345434.23     9             8             2017          4 
 357905.81     10            8             2017          5 
 348203.16     11            8             2017          6 
 289848.806    12            8             2017          7 
 356936.78     13            8             2017          1 
 350469.97     14            8             2017          2 
 352827.76     15            8             2017          3 
 348973.05     16            8             2017          4 
 364457.83     17            8             2017          5 
 340626.49     18            8             2017          6 
 288872.661    19            8             2017          7 
 369230.16     20            8             2017          1 
 377220.48     21            8             2017          2 
 321161.242    22            8             2017          3 
 351698.88     23            8             2017          4 
 361855.25     24            8             2017          5 
 344616.09     25            8             2017          6 
 282273.281    26            8             2017          7 
 355464.02     27            8             2017          1 
 350631.48     28            8             2017          2 
 353879.36     29            8             2017          3 
 348929.41     30            8             2017          4 
 355513.22     31            8             2017          5 
