 298453.132    1             12            2017          6 
 262714.164    2             12            2017          7 
 292286.44     3             12            2017          1 
 280750.113    4             12            2017          2 
 286494.819    5             12            2017          3 
 266812.474    6             12            2017          4 
 276705.865    7             12            2017          5 
 298226.147    8             12            2017          6 
 257860.76     9             12            2017          7 
 274166.053    10            12            2017          1 
 273017.634    11            12            2017          2 
 276707.539    12            12            2017          3 
 275832.159    13            12            2017          4 
 283633.395    14            12            2017          5 
 291239.166    15            12            2017          6 
 261026.964    16            12            2017          7 
 285043.965    17            12            2017          1 
 285168.413    18            12            2017          2 
 283492.25     19            12            2017          3 
 282547.177    20            12            2017          4 
 288184.237    21            12            2017          5 
 306281.513    22            12            2017          6 
 256720.89     23            12            2017          7 
 281930.345    24            12            2017          1 
 271638.571    25            12            2017          2 
 269966.811    26            12            2017          3 
 271436.162    27            12            2017          4 
 277803.567    28            12            2017          5 
 286948.62     29            12            2017          6 
 256312.257    30            12            2017          7 
 284730.427    31            12            2017          1 
