 333514.93     1             7             2016          6 
 287405.204    2             7             2016          7 
 333446.73     3             7             2016          1 
 330396.38     4             7             2016          2 
 327983.23     5             7             2016          3 
 307767.99     6             7             2016          4 
 318139.5      7             7             2016          5 
 326237.488    8             7             2016          6 
 279779.575    9             7             2016          7 
 338275.99     10            7             2016          1 
 320018.89     11            7             2016          2 
 334508.11     12            7             2016          3 
 321165.78     13            7             2016          4 
 334301.23     14            7             2016          5 
 349532.74     15            7             2016          6 
 282807.94     16            7             2016          7 
 339498.75     17            7             2016          1 
 327228.49     18            7             2016          2 
 325262.89     19            7             2016          3 
 320712.27     20            7             2016          4 
 333515.24     21            7             2016          5 
 340191.49     22            7             2016          6 
 282947.52     23            7             2016          7 
 333705.59     24            7             2016          1 
 319235.35     25            7             2016          2 
 334105.68     26            7             2016          3 
 316747.21     27            7             2016          4 
 334295.68     28            7             2016          5 
 345545.56     29            7             2016          6 
 280061.407    30            7             2016          7 
 349544.76     31            7             2016          1 
