 275715.302    1             2             2018          5 
 299163.92     2             2             2018          6 
 256426.207    3             2             2018          7 
 290630.791    4             2             2018          1 
 279196.014    5             2             2018          2 
 279857.738    6             2             2018          3 
 279210.67     7             2             2018          4 
 287699.162    8             2             2018          5 
 299567.19     9             2             2018          6 
 260234.227    10            2             2018          7 
 281043.252    11            2             2018          1 
 274169.406    12            2             2018          2 
 269262.9      13            2             2018          3 
 269283.343    14            2             2018          4 
 274823.985    15            2             2018          5 
 294653.723    16            2             2018          6 
 247122.982    17            2             2018          7 
 265217.805    18            2             2018          1 
 270640.214    19            2             2018          2 
 302424.988    20            2             2018          3 
 278081.312    21            2             2018          4 
 272236.118    22            2             2018          5 
 292603.632    23            2             2018          6 
 253467.236    24            2             2018          7 
 183180.2245   25            2             2018          1 
 264605.845    26            2             2018          2 
 274360.253    27            2             2018          3 
 272765.34     28            2             2018          4 
