 317095.18     1             10            2018          2 
 346057.1      2             10            2018          3 
 327109.23     3             10            2018          4 
 334188.91     4             10            2018          5 
 338967.99     5             10            2018          6 
 292538.413    6             10            2018          7 
 334193.27     7             10            2018          1 
 321622.91     8             10            2018          2 
 316659.39     9             10            2018          3 
 308082.652    10            10            2018          4 
 328149.053    11            10            2018          5 
 321519.934    12            10            2018          6 
 290874.38     13            10            2018          7 
 333091.12     14            10            2018          1 
 315122.18     15            10            2018          2 
 324555.34     16            10            2018          3 
 315376.9      17            10            2018          4 
 327017.26     18            10            2018          5 
 333193.53     19            10            2018          6 
 282496.493    20            10            2018          7 
 330476        21            10            2018          1 
 312067.48     22            10            2018          2 
 321526.07     23            10            2018          3 
 320668.38     24            10            2018          4 
 319359.35     25            10            2018          5 
 314075.419    26            10            2018          6 
 289391.817    27            10            2018          7 
 306954.62     28            10            2018          1 
 310712.325    29            10            2018          2 
 310620.17     30            10            2018          3 
 312377.015    31            10            2018          4 
