 303454.977    1             5             2015          6 
 249572.124    2             5             2015          7 
 289790.593    3             5             2015          1 
 278180.448    4             5             2015          2 
 289770.438    5             5             2015          3 
 279427.623    6             5             2015          4 
 290733.747    7             5             2015          5 
 301259.398    8             5             2015          6 
 262974.085    9             5             2015          7 
 291507.54     10            5             2015          1 
 282526.255    11            5             2015          2 
 285071.99     12            5             2015          3 
 281009.702    13            5             2015          4 
 291322.283    14            5             2015          5 
 301501.19     15            5             2015          6 
 261221.934    16            5             2015          7 
 306117.75     17            5             2015          1 
 305637.96     18            5             2015          2 
 320589.59     19            5             2015          3 
 312981.29     20            5             2015          4 
 316798.71     21            5             2015          5 
 321223.3      22            5             2015          6 
 253998.333    23            5             2015          7 
 285303.171    24            5             2015          1 
 325983.64     25            5             2015          2 
 320305.64     26            5             2015          3 
 321656.25     27            5             2015          4 
 323244.52     28            5             2015          5 
 324001.257    29            5             2015          6 
 256645.779    30            5             2015          7 
 312429.63     31            5             2015          1 
