 320275.562    1             5             2020          6 
 268364.395    2             5             2020          7 
 317365.21     3             5             2020          1 
 306408.777    4             5             2020          2 
 305842.88     5             5             2020          3 
 282385.036    6             5             2020          4 
 300252.412    7             5             2020          5 
 329128.072    8             5             2020          6 
 271888.303    9             5             2020          7 
 312033.3      10            5             2020          1 
 299158.735    11            5             2020          2 
 321037.91     12            5             2020          3 
 327382.83     13            5             2020          4 
 343290.69     14            5             2020          5 
 351253.41     15            5             2020          6 
 295608.003    16            5             2020          7 
 517855.07     17            5             2020          1 
 567141.95     18            5             2020          2 
 562409.07     19            5             2020          3 
 560365.03     20            5             2020          4 
 572122.89     21            5             2020          5 
 510847.09     22            5             2020          6 
 293719.578    23            5             2020          7 
 330478.04     24            5             2020          1 
 296529.779    25            5             2020          2 
 327371.7      26            5             2020          3 
 340960.26     27            5             2020          4 
 362233.92     28            5             2020          5 
 291111.99     29            5             2020          6 
 287232.395    30            5             2020          7 
 362753.95     31            5             2020          1 
