 328077.55     1             11            2019          6 
 286018.65     2             11            2019          7 
 327732.06     3             11            2019          1 
 310411.47     4             11            2019          2 
 316337.201    5             11            2019          3 
 312959.923    6             11            2019          4 
 316220.49     7             11            2019          5 
 327421.62     8             11            2019          6 
 283379.714    9             11            2019          7 
 329197.61     10            11            2019          1 
 316310.775    11            11            2019          2 
 329539.45     12            11            2019          3 
 314521.16     13            11            2019          4 
 316639.91     14            11            2019          5 
 320860.441    15            11            2019          6 
 284271.267    16            11            2019          7 
 306668.17     17            11            2019          1 
 301557.048    18            11            2019          2 
 316883.84     19            11            2019          3 
 303100.747    20            11            2019          4 
 312962.617    21            11            2019          5 
 323215.113    22            11            2019          6 
 281877.093    23            11            2019          7 
 315363.23     24            11            2019          1 
 301073.765    25            11            2019          2 
 311647.097    26            11            2019          3 
 299559.268    27            11            2019          4 
 317309.17     28            11            2019          5 
 322373.855    29            11            2019          6 
 282067.866    30            11            2019          7 
