 308617.778    1             6             2016          4 
 335217.24     2             6             2016          5 
 337205.24     3             6             2016          6 
 295897.97     4             6             2016          7 
 341307.91     5             6             2016          1 
 322972.48     6             6             2016          2 
 324990.02     7             6             2016          3 
 324884.98     8             6             2016          4 
 336935.56     9             6             2016          5 
 341545.98     10            6             2016          6 
 278778.71     11            6             2016          7 
 305758.675    12            6             2016          1 
 330667.24     13            6             2016          2 
 329977.49     14            6             2016          3 
 333945.28     15            6             2016          4 
 326273.82     16            6             2016          5 
 332331.01     17            6             2016          6 
 276825.221    18            6             2016          7 
 340880.95     19            6             2016          1 
 327246.83     20            6             2016          2 
 323834.44     21            6             2016          3 
 326445.95     22            6             2016          4 
 335163.15     23            6             2016          5 
 340562.51     24            6             2016          6 
 286509.728    25            6             2016          7 
 348073        26            6             2016          1 
 329903.66     27            6             2016          2 
 326059.05     28            6             2016          3 
 318656.08     29            6             2016          4 
 330033.99     30            6             2016          5 
