 300153.803    1             3             2014          7 
 240313.363    2             3             2014          1 
 257380.291    3             3             2014          2 
 262256.095    4             3             2014          3 
 276949.487    5             3             2014          4 
 271769.51     6             3             2014          5 
 298224.59     7             3             2014          6 
 309583.066    8             3             2014          7 
 228984.558    9             3             2014          1 
 265821.933    10            3             2014          2 
 243301.677    11            3             2014          3 
 230850.145    12            3             2014          4 
 216697.196    13            3             2014          5 
 293151.07     14            3             2014          6 
 269123.89     15            3             2014          7 
 183795.78     16            3             2014          1 
 259596.742    17            3             2014          2 
 244045.349    18            3             2014          3 
 241095.223    19            3             2014          4 
 254731.114    20            3             2014          5 
 304233.21     21            3             2014          6 
 291011.032    22            3             2014          7 
 236518.648    23            3             2014          1 
 223349.083    24            3             2014          2 
 287789.351    25            3             2014          3 
 256764.044    26            3             2014          4 
 259178.4      27            3             2014          5 
 313636.9      28            3             2014          6 
 329236.27     29            3             2014          7 
 221836.236    30            3             2014          1 
 251998.424    31            3             2014          2 
