 331517.78     1             7             2020          4 
 371301.48     2             7             2020          5 
 360244.55     3             7             2020          6 
 304591.871    4             7             2020          7 
 361499.32     5             7             2020          1 
 349781.3      6             7             2020          2 
 354799.84     7             7             2020          3 
 345063.4      8             7             2020          4 
 356519.68     9             7             2020          5 
 364762.44     10            7             2020          6 
 301697.94     11            7             2020          7 
 364424.78     12            7             2020          1 
 346274.89     13            7             2020          2 
 357492.62     14            7             2020          3 
 342198.47     15            7             2020          4 
 363856.55     16            7             2020          5 
 362111.09     17            7             2020          6 
 303617.74     18            7             2020          7 
 372400.62     19            7             2020          1 
 354832.3      20            7             2020          2 
 366367.1      21            7             2020          3 
 339252.17     22            7             2020          4 
 355125.5      23            7             2020          5 
 365483.58     24            7             2020          6 
 305596.35     25            7             2020          7 
 363714.63     26            7             2020          1 
 341738.48     27            7             2020          2 
 351168.4      28            7             2020          3 
 345589.82     29            7             2020          4 
 336071.39     30            7             2020          5 
 372854.45     31            7             2020          6 
