 282387.946    1             10            2013          3 
 296948.806    2             10            2013          4 
 274678.81     3             10            2013          5 
 320302.61     4             10            2013          6 
 305387.457    5             10            2013          7 
 274596.318    6             10            2013          1 
 275820.129    7             10            2013          2 
 283492.868    8             10            2013          3 
 281597.788    9             10            2013          4 
 294354.246    10            10            2013          5 
 308833.3      11            10            2013          6 
 316297.76     12            10            2013          7 
 268377.312    13            10            2013          1 
 292920.845    14            10            2013          2 
 276942.385    15            10            2013          3 
 282291.664    16            10            2013          4 
 286134.173    17            10            2013          5 
 293557.59     18            10            2013          6 
 312181.1      19            10            2013          7 
 267359.044    20            10            2013          1 
 259863.861    21            10            2013          2 
 293940.76     22            10            2013          3 
 278484.633    23            10            2013          4 
 306127.675    24            10            2013          5 
 287308.573    25            10            2013          6 
 337689.46     26            10            2013          7 
 274576.998    27            10            2013          1 
 277627.75     28            10            2013          2 
 281995.804    29            10            2013          3 
 263889.487    30            10            2013          4 
 280780.227    31            10            2013          5 
