 306573.23     1             6             2019          7 
 363571.64     2             6             2019          1 
 352135.07     3             6             2019          2 
 354769.42     4             6             2019          3 
 338914.77     5             6             2019          4 
 345492.34     6             6             2019          5 
 360010.75     7             6             2019          6 
 296427        8             6             2019          7 
 336962.26     9             6             2019          1 
 356265.73     10            6             2019          2 
 359294.56     11            6             2019          3 
 344508.9      12            6             2019          4 
 352506.92     13            6             2019          5 
 354789.28     14            6             2019          6 
 299313.29     15            6             2019          7 
 357430.5      16            6             2019          1 
 338639.82     17            6             2019          2 
 353333.45     18            6             2019          3 
 344471.93     19            6             2019          4 
 358572.55     20            6             2019          5 
 355749.86     21            6             2019          6 
 309716.64     22            6             2019          7 
 365728.58     23            6             2019          1 
 349550.07     24            6             2019          2 
 354079.61     25            6             2019          3 
 350932.46     26            6             2019          4 
 360414.29     27            6             2019          5 
 365333.53     28            6             2019          6 
 306296.79     29            6             2019          7 
 362133.05     30            6             2019          1 
