 282858.635    1             12            2016          5 
 292347.45     2             12            2016          6 
 267207.761    3             12            2016          7 
 286956.97     4             12            2016          1 
 284831.098    5             12            2016          2 
 273476.764    6             12            2016          3 
 286173.24     7             12            2016          4 
 294173.923    8             12            2016          5 
 310593.383    9             12            2016          6 
 265496.121    10            12            2016          7 
 274002.992    11            12            2016          1 
 274720.898    12            12            2016          2 
 273958.575    13            12            2016          3 
 279496.097    14            12            2016          4 
 272553.357    15            12            2016          5 
 290488.462    16            12            2016          6 
 252074.225    17            12            2016          7 
 271124.565    18            12            2016          1 
 266734.344    19            12            2016          2 
 267221.722    20            12            2016          3 
 274002.013    21            12            2016          4 
 262649.403    22            12            2016          5 
 290016.943    23            12            2016          6 
 246506.053    24            12            2016          7 
 243880.796    25            12            2016          1 
 264541.557    26            12            2016          2 
 265723.672    27            12            2016          3 
 269703.093    28            12            2016          4 
 274059.354    29            12            2016          5 
 306553.613    30            12            2016          6 
 256715.775    31            12            2016          7 
