 325356.57     1             5             2016          1 
 308413.05     2             5             2016          2 
 306862.56     3             5             2016          3 
 302077.81     4             5             2016          4 
 623275.6      5             5             2016          5 
 312094.248    6             5             2016          6 
 468218.483    7             5             2016          7 
 354619.91     8             5             2016          1 
 301861.63     9             5             2016          2 
 360688.243    10            5             2016          3 
 251343.556    11            5             2016          4 
 245778.668    12            5             2016          5 
 277438.04     13            5             2016          6 
 209370.333    14            5             2016          7 
 469392.274    15            5             2016          1 
 474681.75     16            5             2016          2 
 330022.78     17            5             2016          3 
 312363.81     18            5             2016          4 
 320295.92     19            5             2016          5 
 325876.815    20            5             2016          6 
 269762.628    21            5             2016          7 
 321874.45     22            5             2016          1 
 312671.8      23            5             2016          2 
 292258.22     24            5             2016          3 
 301763.08     25            5             2016          4 
 323469        26            5             2016          5 
 590907.858    27            5             2016          6 
 347729.25     28            5             2016          7 
 308726.845    29            5             2016          1 
 306238.287    30            5             2016          2 
 317753.41     31            5             2016          3 
