 315054.04     1             9             2015          3 
 308279.11     2             9             2015          4 
 317048.87     3             9             2015          5 
 318877.998    4             9             2015          6 
 284879.467    5             9             2015          7 
 318836.01     6             9             2015          1 
 303700.57     7             9             2015          2 
 327303.93     8             9             2015          3 
 320896.8      9             9             2015          4 
 324236.94     10            9             2015          5 
 344307.28     11            9             2015          6 
 285497.666    12            9             2015          7 
 355889.29     13            9             2015          1 
 271865.948    14            9             2015          2 
 289617.517    15            9             2015          3 
 316805.18     16            9             2015          4 
 311633.09     17            9             2015          5 
 321613.793    18            9             2015          6 
 272386.914    19            9             2015          7 
 328848.33     20            9             2015          1 
 307970.24     21            9             2015          2 
 327947.075    22            9             2015          3 
 252710.403    23            9             2015          4 
 310899.48     24            9             2015          5 
 318458.78     25            9             2015          6 
 269714.798    26            9             2015          7 
 326128.987    27            9             2015          1 
 272768.705    28            9             2015          2 
 299748.82     29            9             2015          3 
 283006.765    30            9             2015          4 
