 285447.334    1             2             2013          6 
 233900.421    2             2             2013          7 
 217102.513    3             2             2013          1 
 240058.93     4             2             2013          2 
 252383.687    5             2             2013          3 
 188786.506    6             2             2013          4 
 209543.478    7             2             2013          5 
 266673.171    8             2             2013          6 
 255884.024    9             2             2013          7 
 234965.054    10            2             2013          1 
 227536.634    11            2             2013          2 
 243506.472    12            2             2013          3 
 224778.332    13            2             2013          4 
 209032.142    14            2             2013          5 
 276823.12     15            2             2013          6 
 228623.067    16            2             2013          7 
 188993.439    17            2             2013          1 
 220353.225    18            2             2013          2 
 233274.945    19            2             2013          3 
 228316.791    20            2             2013          4 
 257131.673    21            2             2013          5 
 344889.13     22            2             2013          6 
 241015.777    23            2             2013          7 
 215644.754    24            2             2013          1 
 242500.543    25            2             2013          2 
 207180.407    26            2             2013          3 
 253702.185    27            2             2013          4 
 254186.731    28            2             2013          5 
