 256596.374    1             12            2013          1 
 276450.501    2             12            2013          2 
 290221.23     3             12            2013          3 
 239302.371    4             12            2013          4 
 277845.861    5             12            2013          5 
 247728.337    6             12            2013          6 
 272182.679    7             12            2013          7 
 255556.529    8             12            2013          1 
 204906.727    9             12            2013          2 
 260607.019    10            12            2013          3 
 247106.297    11            12            2013          4 
 265866.628    12            12            2013          5 
 240582.541    13            12            2013          6 
 232187.047    14            12            2013          7 
 275437.335    15            12            2013          1 
 235972.403    16            12            2013          2 
 237095.533    17            12            2013          3 
 274547.059    18            12            2013          4 
 280205.829    19            12            2013          5 
 288824.621    20            12            2013          6 
 297840.148    21            12            2013          7 
 258849.573    22            12            2013          1 
 270970.607    23            12            2013          2 
 210575.147    24            12            2013          3 
 282097.866    25            12            2013          4 
 256026.426    26            12            2013          5 
 274220.446    27            12            2013          6 
 272639.207    28            12            2013          7 
 245575.077    29            12            2013          1 
 246190.552    30            12            2013          2 
 258679.204    31            12            2013          3 
