 243480.409    1             4             2014          3 
 276581.423    2             4             2014          4 
 265542.514    3             4             2014          5 
 305303.63     4             4             2014          6 
 340727.34     5             4             2014          7 
 250316.478    6             4             2014          1 
 258233.25     7             4             2014          2 
 276652.516    8             4             2014          3 
 307542.44     9             4             2014          4 
 277380.466    10            4             2014          5 
 307440.43     11            4             2014          6 
 338170.18     12            4             2014          7 
 230529.896    13            4             2014          1 
 315239.937    14            4             2014          2 
 309800.96     15            4             2014          3 
 254460.523    16            4             2014          4 
 225953.688    17            4             2014          5 
 300540.15     18            4             2014          6 
 329133.01     19            4             2014          7 
 249205.132    20            4             2014          1 
 266498.606    21            4             2014          2 
 278855.241    22            4             2014          3 
 293070.827    23            4             2014          4 
 305538.92     24            4             2014          5 
 328993.34     25            4             2014          6 
 320891.66     26            4             2014          7 
 302018.98     27            4             2014          1 
 255258.754    28            4             2014          2 
 287815.749    29            4             2014          3 
 297724.345    30            4             2014          4 
