 270725.033    1             6             2014          1 
 283144.462    2             6             2014          2 
 348801.71     3             6             2014          3 
 324726.29     4             6             2014          4 
 272748.91     5             6             2014          5 
 350311.31     6             6             2014          6 
 327507.46     7             6             2014          7 
 266527.482    8             6             2014          1 
 300351.448    9             6             2014          2 
 323657.67     10            6             2014          3 
 312179.18     11            6             2014          4 
 294279.074    12            6             2014          5 
 320723.89     13            6             2014          6 
 349512.08     14            6             2014          7 
 283869.451    15            6             2014          1 
 288130.145    16            6             2014          2 
 311485.75     17            6             2014          3 
 341734.4      18            6             2014          4 
 259361.318    19            6             2014          5 
 355088.67     20            6             2014          6 
 360632.78     21            6             2014          7 
 296807.9      22            6             2014          1 
 300294.74     23            6             2014          2 
 294304.48     24            6             2014          3 
 297925.32     25            6             2014          4 
 319501.94     26            6             2014          5 
 332420.24     27            6             2014          6 
 351821.19     28            6             2014          7 
 324323.5      29            6             2014          1 
 336312.01     30            6             2014          2 
