 334362.46     1             11            2020          1 
 304066.57     2             11            2020          2 
 304569.97     3             11            2020          3 
 292703.508    4             11            2020          4 
 276325.004    5             11            2020          5 
 311496.397    6             11            2020          6 
 280837.483    7             11            2020          7 
 300201.85     8             11            2020          1 
 293391.72     9             11            2020          2 
 294061.03     10            11            2020          3 
 296576.645    11            11            2020          4 
 288567.22     12            11            2020          5 
 310177.772    13            11            2020          6 
 275954.308    14            11            2020          7 
 286334.481    15            11            2020          1 
 290851.262    16            11            2020          2 
 294712.49     17            11            2020          3 
 293669.515    18            11            2020          4 
 290526.339    19            11            2020          5 
 309280.02     20            11            2020          6 
 274286.539    21            11            2020          7 
 293293.836    22            11            2020          1 
 299880.925    23            11            2020          2 
 293288.393    24            11            2020          3 
 294109.805    25            11            2020          4 
 281556.568    26            11            2020          5 
 305599.093    27            11            2020          6 
 263499.449    28            11            2020          7 
 285444.06     29            11            2020          1 
 287567.223    30            11            2020          2 
