 13341.65      0             1             8             2018          4 
 12640.4       1             1             8             2018          4 
 12087.78      2             1             8             2018          4 
 11854.35      3             1             8             2018          4 
 12011.51      4             1             8             2018          4 
 12687.45      5             1             8             2018          4 
 13323.04      6             1             8             2018          4 
 14038.2       7             1             8             2018          4 
 14541.66      8             1             8             2018          4 
 14697.1       9             1             8             2018          4 
 14814.03      10            1             8             2018          4 
 14881.47      11            1             8             2018          4 
 14804.47      12            1             8             2018          4 
 14740.21      13            1             8             2018          4 
 14903.09      14            1             8             2018          4 
 14885.56      15            1             8             2018          4 
 15164.38      16            1             8             2018          4 
 15460.01      17            1             8             2018          4 
 15550.5       18            1             8             2018          4 
 15554.04      19            1             8             2018          4 
 15313.29      20            1             8             2018          4 
 14790.97      21            1             8             2018          4 
 14347.75      22            1             8             2018          4 
 13813.72      23            1             8             2018          4 
 13337.34      0             2             8             2018          5 
 12774.91      1             2             8             2018          5 
 12463.01      2             2             8             2018          5 
 12177.94      3             2             8             2018          5 
 12443.31      4             2             8             2018          5 
 12930.92      5             2             8             2018          5 
 13851.55      6             2             8             2018          5 
 14501.06      7             2             8             2018          5 
 15318.35      8             2             8             2018          5 
 15593.63      9             2             8             2018          5 
 15693.38      10            2             8             2018          5 
 15634.24      11            2             8             2018          5 
 15494.75      12            2             8             2018          5 
 15105.69      13            2             8             2018          5 
 15048.58      14            2             8             2018          5 
 14847.47      15            2             8             2018          5 
 14943.76      16            2             8             2018          5 
 15149.89      17            2             8             2018          5 
 15396.26      18            2             8             2018          5 
 15433.28      19            2             8             2018          5 
 15282.25      20            2             8             2018          5 
 14733.7       21            2             8             2018          5 
 14161.91      22            2             8             2018          5 
 13341.71      23            2             8             2018          5 
 12535.34      0             3             8             2018          6 
 11857.35      1             3             8             2018          6 
 11284.58      2             3             8             2018          6 
 10660.88      3             3             8             2018          6 
 10658.5       4             3             8             2018          6 
 10745.11      5             3             8             2018          6 
 11312.59      6             3             8             2018          6 
 12042.28      7             3             8             2018          6 
 13312.79      8             3             8             2018          6 
 14193.6       9             3             8             2018          6 
 15306.31      10            3             8             2018          6 
 15974.83      11            3             8             2018          6 
 16558.47      12            3             8             2018          6 
 16666.79      13            3             8             2018          6 
 17027.35      14            3             8             2018          6 
 17403.49      15            3             8             2018          6 
 17618.09      16            3             8             2018          6 
 17662.32      17            3             8             2018          6 
 17385.21      18            3             8             2018          6 
 16534.41      19            3             8             2018          6 
 15279.22      20            3             8             2018          6 
 14165.01      21            3             8             2018          6 
 12905.1       22            3             8             2018          6 
 11949.08      23            3             8             2018          6 
 11132.89      0             4             8             2018          7 
 10480.51      1             4             8             2018          7 
 9869.3        2             4             8             2018          7 
 9508.787      3             4             8             2018          7 
 9414.75       4             4             8             2018          7 
 9736.525      5             4             8             2018          7 
 10216.83      6             4             8             2018          7 
 10968.45      7             4             8             2018          7 
 11730.08      8             4             8             2018          7 
 12424.39      9             4             8             2018          7 
 12881.47      10            4             8             2018          7 
 13301.81      11            4             8             2018          7 
 13295.16      12            4             8             2018          7 
 13295.49      13            4             8             2018          7 
 13213.24      14            4             8             2018          7 
 13176.06      15            4             8             2018          7 
 13221.16      16            4             8             2018          7 
 13414.17      17            4             8             2018          7 
 13887.42      18            4             8             2018          7 
 14125.89      19            4             8             2018          7 
 14678.03      20            4             8             2018          7 
 14800.86      21            4             8             2018          7 
 14948.5       22            4             8             2018          7 
 14607.61      23            4             8             2018          7 
 14293.3       0             5             8             2018          1 
 13633.06      1             5             8             2018          1 
 13142.04      2             5             8             2018          1 
 12839.63      3             5             8             2018          1 
 12992.64      4             5             8             2018          1 
 13617.89      5             5             8             2018          1 
 14447.92      6             5             8             2018          1 
 15223.06      7             5             8             2018          1 
 16104.49      8             5             8             2018          1 
 16257.38      9             5             8             2018          1 
 16456.05      10            5             8             2018          1 
 16414.32      11            5             8             2018          1 
 16329.13      12            5             8             2018          1 
 16077.83      13            5             8             2018          1 
 15961.99      14            5             8             2018          1 
 15771.76      15            5             8             2018          1 
 15586.67      16            5             8             2018          1 
 15725.49      17            5             8             2018          1 
 15749.49      18            5             8             2018          1 
 16001.59      19            5             8             2018          1 
 15754.1       20            5             8             2018          1 
 15596.66      21            5             8             2018          1 
 15030.17      22            5             8             2018          1 
 14493.85      23            5             8             2018          1 
 13735.81      0             6             8             2018          2 
 13285.08      1             6             8             2018          2 
 12592.64      2             6             8             2018          2 
 12465.76      3             6             8             2018          2 
 12505.29      4             6             8             2018          2 
 13018.59      5             6             8             2018          2 
 13637.95      6             6             8             2018          2 
 14311.08      7             6             8             2018          2 
 14673.01      8             6             8             2018          2 
 14987.75      9             6             8             2018          2 
 15063.03      10            6             8             2018          2 
 15084.88      11            6             8             2018          2 
 15112.83      12            6             8             2018          2 
 15175.65      13            6             8             2018          2 
 14999.28      14            6             8             2018          2 
 15133.45      15            6             8             2018          2 
 15087.26      16            6             8             2018          2 
 15351.7       17            6             8             2018          2 
 15474.78      18            6             8             2018          2 
 15704.63      19            6             8             2018          2 
 15482.76      20            6             8             2018          2 
 15205.26      21            6             8             2018          2 
 14669.26      22            6             8             2018          2 
 14112.16      23            6             8             2018          2 
 13495.5       0             7             8             2018          3 
 12923.19      1             7             8             2018          3 
 12496.51      2             7             8             2018          3 
 12299.6       3             7             8             2018          3 
 12558.45      4             7             8             2018          3 
 13061.89      5             7             8             2018          3 
 13807.54      6             7             8             2018          3 
 14504.28      7             7             8             2018          3 
 15078.7       8             7             8             2018          3 
 15323.2       9             7             8             2018          3 
 15458.04      10            7             8             2018          3 
 15566.1       11            7             8             2018          3 
 15385.56      12            7             8             2018          3 
 15318.51      13            7             8             2018          3 
 15287.42      14            7             8             2018          3 
 15163.01      15            7             8             2018          3 
 15211.96      16            7             8             2018          3 
 15496.92      17            7             8             2018          3 
 15546.64      18            7             8             2018          3 
 15562         19            7             8             2018          3 
 15436.51      20            7             8             2018          3 
 15060.03      21            7             8             2018          3 
 14446.78      22            7             8             2018          3 
 13937.69      23            7             8             2018          3 
 13135.92      0             8             8             2018          4 
 12433.85      1             8             8             2018          4 
 11814.45      2             8             8             2018          4 
 11575.2       3             8             8             2018          4 
 11759.44      4             8             8             2018          4 
 12359.99      5             8             8             2018          4 
 13338.95      6             8             8             2018          4 
 13967.09      7             8             8             2018          4 
 14770.6       8             8             8             2018          4 
 14874.63      9             8             8             2018          4 
 15041.22      10            8             8             2018          4 
 14861.9       11            8             8             2018          4 
 14922.08      12            8             8             2018          4 
 14690.3       13            8             8             2018          4 
 14780.75      14            8             8             2018          4 
 15049         15            8             8             2018          4 
 15128.66      16            8             8             2018          4 
 15615.13      17            8             8             2018          4 
 15807.99      18            8             8             2018          4 
 15863.3       19            8             8             2018          4 
 15509         20            8             8             2018          4 
 15240.28      21            8             8             2018          4 
 14499.76      22            8             8             2018          4 
 13897.39      23            8             8             2018          4 
 13467.39      0             9             8             2018          5 
 12870.89      1             9             8             2018          5 
 12581.14      2             9             8             2018          5 
 12481.42      3             9             8             2018          5 
 12787.78      4             9             8             2018          5 
 13325.55      5             9             8             2018          5 
 14290.76      6             9             8             2018          5 
 15011.45      7             9             8             2018          5 
 15729.72      8             9             8             2018          5 
 15988.47      9             9             8             2018          5 
 16202.1       10            9             8             2018          5 
 16102.53      11            9             8             2018          5 
 16145.15      12            9             8             2018          5 
 15954.8       13            9             8             2018          5 
 16111.56      14            9             8             2018          5 
 15999.86      15            9             8             2018          5 
 16183.91      16            9             8             2018          5 
 16215.01      17            9             8             2018          5 
 16327.41      18            9             8             2018          5 
 16099.01      19            9             8             2018          5 
 15894.91      20            9             8             2018          5 
 15225.16      21            9             8             2018          5 
 14687.19      22            9             8             2018          5 
 13888.96      23            9             8             2018          5 
 13333.04      0             10            8             2018          6 
 12560.65      1             10            8             2018          6 
 12082.03      2             10            8             2018          6 
 11649.3       3             10            8             2018          6 
 11636.85      4             10            8             2018          6 
 11921.94      5             10            8             2018          6 
 12582.34      6             10            8             2018          6 
 13479.2       7             10            8             2018          6 
 14269.83      8             10            8             2018          6 
 15200.9       9             10            8             2018          6 
 15725.72      10            10            8             2018          6 
 16242.1       11            10            8             2018          6 
 16559.69      12            10            8             2018          6 
 17057.95      13            10            8             2018          6 
 17565.2       14            10            8             2018          6 
 18451.11      15            10            8             2018          6 
 18953.82      16            10            8             2018          6 
 19092.11      17            10            8             2018          6 
 18664.46      18            10            8             2018          6 
 17425.88      19            10            8             2018          6 
 15852.76      20            10            8             2018          6 
 14367.21      21            10            8             2018          6 
 13014.81      22            10            8             2018          6 
 11906.2       23            10            8             2018          6 
 11261.75      0             11            8             2018          7 
 10610.42      1             11            8             2018          7 
 10135.75      2             11            8             2018          7 
 9912.112      3             11            8             2018          7 
 9988.2        4             11            8             2018          7 
 10301.8       5             11            8             2018          7 
 10858.14      6             11            8             2018          7 
 11521.46      7             11            8             2018          7 
 12217.92      8             11            8             2018          7 
 12789.55      9             11            8             2018          7 
 13282.85      10            11            8             2018          7 
 13477.58      11            11            8             2018          7 
 13614.89      12            11            8             2018          7 
 13458.04      13            11            8             2018          7 
 13422.2       14            11            8             2018          7 
 13356.89      15            11            8             2018          7 
 13409.89      16            11            8             2018          7 
 13615.69      17            11            8             2018          7 
 14116.56      18            11            8             2018          7 
 14465.17      19            11            8             2018          7 
 14967.3       20            11            8             2018          7 
 15217.95      21            11            8             2018          7 
 15179.41      22            11            8             2018          7 
 14896.65      23            11            8             2018          7 
 14414.06      0             12            8             2018          1 
 13734.22      1             12            8             2018          1 
 13280.29      2             12            8             2018          1 
 13020.11      3             12            8             2018          1 
 13195.67      4             12            8             2018          1 
 13942.6       5             12            8             2018          1 
 14753.97      6             12            8             2018          1 
 15760.91      7             12            8             2018          1 
 16459.29      8             12            8             2018          1 
 16812.56      9             12            8             2018          1 
 16713.51      10            12            8             2018          1 
 16564.79      11            12            8             2018          1 
 16092.4       12            12            8             2018          1 
 15691.92      13            12            8             2018          1 
 15391.01      14            12            8             2018          1 
 15098.69      15            12            8             2018          1 
 15066.63      16            12            8             2018          1 
 15121.56      17            12            8             2018          1 
 15318.44      18            12            8             2018          1 
 15340.3       19            12            8             2018          1 
 15474.86      20            12            8             2018          1 
 15064.49      21            12            8             2018          1 
 14653.69      22            12            8             2018          1 
 13968.06      23            12            8             2018          1 
 13119.89      0             13            8             2018          2 
 12450.81      1             13            8             2018          2 
 11851.24      2             13            8             2018          2 
 11784.3       3             13            8             2018          2 
 11908.54      4             13            8             2018          2 
 12646.25      5             13            8             2018          2 
 13269.38      6             13            8             2018          2 
 13977.16      7             13            8             2018          2 
 14377.41      8             13            8             2018          2 
 14496.63      9             13            8             2018          2 
 14501.79      10            13            8             2018          2 
 14320.15      11            13            8             2018          2 
 14351.4       12            13            8             2018          2 
 14100.67      13            13            8             2018          2 
 14559.91      14            13            8             2018          2 
 14710.01      15            13            8             2018          2 
 15259.17      16            13            8             2018          2 
 15758.06      17            13            8             2018          2 
 16238.2       18            13            8             2018          2 
 16130.38      19            13            8             2018          2 
 16010.85      20            13            8             2018          2 
 15365.67      21            13            8             2018          2 
 14578.3       22            13            8             2018          2 
 13804.11      23            13            8             2018          2 
 13022.28      0             14            8             2018          3 
 12294.79      1             14            8             2018          3 
 11758.83      2             14            8             2018          3 
 11629.88      3             14            8             2018          3 
 11926.72      4             14            8             2018          3 
 12693.39      5             14            8             2018          3 
 13620.06      6             14            8             2018          3 
 14457.53      7             14            8             2018          3 
 15089.06      8             14            8             2018          3 
 15342.11      9             14            8             2018          3 
 15387.79      10            14            8             2018          3 
 15423.59      11            14            8             2018          3 
 15359.85      12            14            8             2018          3 
 15165.11      13            14            8             2018          3 
 15147.01      14            14            8             2018          3 
 15043.3       15            14            8             2018          3 
 15087.84      16            14            8             2018          3 
 15328.75      17            14            8             2018          3 
 15544.6       18            14            8             2018          3 
 15539.3       19            14            8             2018          3 
 15462.99      20            14            8             2018          3 
 15025.3       21            14            8             2018          3 
 14482.76      22            14            8             2018          3 
 13857.28      23            14            8             2018          3 
 13116.56      0             15            8             2018          4 
 12444.21      1             15            8             2018          4 
 11770.74      2             15            8             2018          4 
 11556.44      3             15            8             2018          4 
 11627.76      4             15            8             2018          4 
 12497.54      5             15            8             2018          4 
 13351.69      6             15            8             2018          4 
 14344.38      7             15            8             2018          4 
 15053.3       8             15            8             2018          4 
 15335.17      9             15            8             2018          4 
 15270.09      10            15            8             2018          4 
 15131.05      11            15            8             2018          4 
 14932.58      12            15            8             2018          4 
 14581.45      13            15            8             2018          4 
 14791.15      14            15            8             2018          4 
 14771.75      15            15            8             2018          4 
 15190.83      16            15            8             2018          4 
 15580.26      17            15            8             2018          4 
 16015.1       18            15            8             2018          4 
 15933.13      19            15            8             2018          4 
 15887.33      20            15            8             2018          4 
 15379.79      21            15            8             2018          4 
 14842.36      22            15            8             2018          4 
 14248.19      23            15            8             2018          4 
 13740.45      0             16            8             2018          5 
 13048         1             16            8             2018          5 
 12623.06      2             16            8             2018          5 
 12466.61      3             16            8             2018          5 
 12697.91      4             16            8             2018          5 
 13471.46      5             16            8             2018          5 
 14395.99      6             16            8             2018          5 
 15300.99      7             16            8             2018          5 
 15876.24      8             16            8             2018          5 
 16067.79      9             16            8             2018          5 
 15921.5       10            16            8             2018          5 
 15906.34      11            16            8             2018          5 
 15674.04      12            16            8             2018          5 
 15630.41      13            16            8             2018          5 
 15676.53      14            16            8             2018          5 
 15694.74      15            16            8             2018          5 
 15719         16            16            8             2018          5 
 15949.34      17            16            8             2018          5 
 16092.45      18            16            8             2018          5 
 16108.09      19            16            8             2018          5 
 15971.06      20            16            8             2018          5 
 15561         21            16            8             2018          5 
 14858.05      22            16            8             2018          5 
 14112.2       23            16            8             2018          5 
 13252.49      0             17            8             2018          6 
 12547.75      1             17            8             2018          6 
 11875.99      2             17            8             2018          6 
 11599.25      3             17            8             2018          6 
 11636.96      4             17            8             2018          6 
 12137.28      5             17            8             2018          6 
 12966.72      6             17            8             2018          6 
 14062.49      7             17            8             2018          6 
 14958.17      8             17            8             2018          6 
 15813.56      9             17            8             2018          6 
 16412.26      10            17            8             2018          6 
 16756.7       11            17            8             2018          6 
 17137.1       12            17            8             2018          6 
 17474.05      13            17            8             2018          6 
 18003.25      14            17            8             2018          6 
 18601.72      15            17            8             2018          6 
 18880.64      16            17            8             2018          6 
 18781.16      17            17            8             2018          6 
 18279.09      18            17            8             2018          6 
 16975.49      19            17            8             2018          6 
 15774.16      20            17            8             2018          6 
 14335.17      21            17            8             2018          6 
 13133.71      22            17            8             2018          6 
 12142.75      23            17            8             2018          6 
 11388.31      0             18            8             2018          7 
 10622.03      1             18            8             2018          7 
 10209.46      2             18            8             2018          7 
 9921.975      3             18            8             2018          7 
 9981.438      4             18            8             2018          7 
 10367.49      5             18            8             2018          7 
 10835.89      6             18            8             2018          7 
 11499.72      7             18            8             2018          7 
 12167.25      8             18            8             2018          7 
 12669.9       9             18            8             2018          7 
 13130.58      10            18            8             2018          7 
 13319.09      11            18            8             2018          7 
 13354.45      12            18            8             2018          7 
 13284.39      13            18            8             2018          7 
 13181.29      14            18            8             2018          7 
 13147.06      15            18            8             2018          7 
 13233.08      16            18            8             2018          7 
 13604.39      17            18            8             2018          7 
 14028.6       18            18            8             2018          7 
 14584.3       19            18            8             2018          7 
 14871.11      20            18            8             2018          7 
 15045.56      21            18            8             2018          7 
 14767.91      22            18            8             2018          7 
 14265.41      23            18            8             2018          7 
 13650.72      0             19            8             2018          1 
 12974.41      1             19            8             2018          1 
 12499.31      2             19            8             2018          1 
 12369.36      3             19            8             2018          1 
 12800.81      4             19            8             2018          1 
 13571.17      5             19            8             2018          1 
 14710.72      6             19            8             2018          1 
 15716.15      7             19            8             2018          1 
 16482.53      8             19            8             2018          1 
 16786.96      9             19            8             2018          1 
 16656         10            19            8             2018          1 
 16465.84      11            19            8             2018          1 
 16036.69      12            19            8             2018          1 
 15789.13      13            19            8             2018          1 
 15583.33      14            19            8             2018          1 
 15609.34      15            19            8             2018          1 
 15643.92      16            19            8             2018          1 
 15890.6       17            19            8             2018          1 
 15971.76      18            19            8             2018          1 
 15929.76      19            19            8             2018          1 
 15682.25      20            19            8             2018          1 
 15202.63      21            19            8             2018          1 
 14587.13      22            19            8             2018          1 
 13926.78      23            19            8             2018          1 
 13221.81      0             20            8             2018          2 
 12563.99      1             20            8             2018          2 
 12028.6       2             20            8             2018          2 
 11921.92      3             20            8             2018          2 
 12095.06      4             20            8             2018          2 
 12883.42      5             20            8             2018          2 
 13754.04      6             20            8             2018          2 
 14676.42      7             20            8             2018          2 
 15084.51      8             20            8             2018          2 
 15448.2       9             20            8             2018          2 
 15235.49      10            20            8             2018          2 
 14965.86      11            20            8             2018          2 
 14787.19      12            20            8             2018          2 
 14567.84      13            20            8             2018          2 
 14648.72      14            20            8             2018          2 
 14728.4       15            20            8             2018          2 
 15079.38      16            20            8             2018          2 
 15184.81      17            20            8             2018          2 
 15533.05      18            20            8             2018          2 
 15453.03      19            20            8             2018          2 
 15412.06      20            20            8             2018          2 
 15025.04      21            20            8             2018          2 
 14582.9       22            20            8             2018          2 
 13988.89      23            20            8             2018          2 
 13365.15      0             21            8             2018          3 
 12716.89      1             21            8             2018          3 
 12333.86      2             21            8             2018          3 
 12149.94      3             21            8             2018          3 
 12506.5       4             21            8             2018          3 
 13214.39      5             21            8             2018          3 
 13990.86      6             21            8             2018          3 
 14778.83      7             21            8             2018          3 
 15188.99      8             21            8             2018          3 
 15274.71      9             21            8             2018          3 
 15099.84      10            21            8             2018          3 
 14752.92      11            21            8             2018          3 
 14492.01      12            21            8             2018          3 
 14109.5       13            21            8             2018          3 
 14270.61      14            21            8             2018          3 
 14119.76      15            21            8             2018          3 
 14536.31      16            21            8             2018          3 
 14645.56      17            21            8             2018          3 
 15023.03      18            21            8             2018          3 
 14905.96      19            21            8             2018          3 
 14990.36      20            21            8             2018          3 
 14610.01      21            21            8             2018          3 
 14194.83      22            21            8             2018          3 
 13785.64      23            21            8             2018          3 
 13021.99      0             22            8             2018          4 
 12367.86      1             22            8             2018          4 
 11722.88      2             22            8             2018          4 
 11412.96      3             22            8             2018          4 
 11511.25      4             22            8             2018          4 
 12200.83      5             22            8             2018          4 
 12928.14      6             22            8             2018          4 
 13648.4       7             22            8             2018          4 
 14175.42      8             22            8             2018          4 
 14289.13      9             22            8             2018          4 
 14217.38      10            22            8             2018          4 
 14131.06      11            22            8             2018          4 
 14104.1       12            22            8             2018          4 
 13985.71      13            22            8             2018          4 
 14080.86      14            22            8             2018          4 
 14200.21      15            22            8             2018          4 
 14301.7       16            22            8             2018          4 
 14506.64      17            22            8             2018          4 
 14764.49      18            22            8             2018          4 
 14812.09      19            22            8             2018          4 
 14800.96      20            22            8             2018          4 
 14654.03      21            22            8             2018          4 
 14252.29      22            22            8             2018          4 
 13910.55      23            22            8             2018          4 
 13291.9       0             23            8             2018          5 
 12843.83      1             23            8             2018          5 
 12238.28      2             23            8             2018          5 
 12179.14      3             23            8             2018          5 
 12214.53      4             23            8             2018          5 
 12943.01      5             23            8             2018          5 
 13687.51      6             23            8             2018          5 
 14436.47      7             23            8             2018          5 
 15074.42      8             23            8             2018          5 
 15217.1       9             23            8             2018          5 
 15343.09      10            23            8             2018          5 
 15008.72      11            23            8             2018          5 
 15047.4       12            23            8             2018          5 
 14583.08      13            23            8             2018          5 
 14958.34      14            23            8             2018          5 
 14870.97      15            23            8             2018          5 
 15304.78      16            23            8             2018          5 
 15598.01      17            23            8             2018          5 
 15817.81      18            23            8             2018          5 
 15719.4       19            23            8             2018          5 
 15522.22      20            23            8             2018          5 
 15011.39      21            23            8             2018          5 
 14277.38      22            23            8             2018          5 
 13717.95      23            23            8             2018          5 
 12849.21      0             24            8             2018          6 
 12050.28      1             24            8             2018          6 
 11396.25      2             24            8             2018          6 
 11035.8       3             24            8             2018          6 
 10960.55      4             24            8             2018          6 
 11409.3       5             24            8             2018          6 
 12145.94      6             24            8             2018          6 
 13032.44      7             24            8             2018          6 
 13951.17      8             24            8             2018          6 
 14820.47      9             24            8             2018          6 
 15416.25      10            24            8             2018          6 
 15986.91      11            24            8             2018          6 
 16366.22      12            24            8             2018          6 
 16843.71      13            24            8             2018          6 
 17442.43      14            24            8             2018          6 
 18039.6       15            24            8             2018          6 
 18450.15      16            24            8             2018          6 
 18509.95      17            24            8             2018          6 
 17983.6       18            24            8             2018          6 
 16925.38      19            24            8             2018          6 
 15542.15      20            24            8             2018          6 
 14120.17      21            24            8             2018          6 
 12858.78      22            24            8             2018          6 
 11726.3       23            24            8             2018          6 
 10991.39      0             25            8             2018          7 
 10342.96      1             25            8             2018          7 
 9875.588      2             25            8             2018          7 
 9744.35       3             25            8             2018          7 
 9744.763      4             25            8             2018          7 
 9942.112      5             25            8             2018          7 
 10287.7       6             25            8             2018          7 
 10907.88      7             25            8             2018          7 
 11359.89      8             25            8             2018          7 
 12196.97      9             25            8             2018          7 
 12660.39      10            25            8             2018          7 
 13195.46      11            25            8             2018          7 
 13270.67      12            25            8             2018          7 
 13421.83      13            25            8             2018          7 
 12984         14            25            8             2018          7 
 12900.9       15            25            8             2018          7 
 12540.28      16            25            8             2018          7 
 12798.92      17            25            8             2018          7 
 13140.49      18            25            8             2018          7 
 13999.88      19            25            8             2018          7 
 14675.36      20            25            8             2018          7 
 15328.67      21            25            8             2018          7 
 15339.83      22            25            8             2018          7 
 14888.22      23            25            8             2018          7 
 14174.05      0             26            8             2018          1 
 13302.97      1             26            8             2018          1 
 12595.9       2             26            8             2018          1 
 12416.91      3             26            8             2018          1 
 12715.81      4             26            8             2018          1 
 13432.24      5             26            8             2018          1 
 14370.8       6             26            8             2018          1 
 15385.41      7             26            8             2018          1 
 15912.35      8             26            8             2018          1 
 16444.74      9             26            8             2018          1 
 15976.72      10            26            8             2018          1 
 16227.3       11            26            8             2018          1 
 15497.85      12            26            8             2018          1 
 15444.83      13            26            8             2018          1 
 14788.03      14            26            8             2018          1 
 15268.28      15            26            8             2018          1 
 14664.52      16            26            8             2018          1 
 15530.46      17            26            8             2018          1 
 15597.46      18            26            8             2018          1 
 15862.41      19            26            8             2018          1 
 15681.28      20            26            8             2018          1 
 15420.33      21            26            8             2018          1 
 14666.96      22            26            8             2018          1 
 14047.48      23            26            8             2018          1 
 13340.15      0             27            8             2018          2 
 12577.51      1             27            8             2018          2 
 12316.7       2             27            8             2018          2 
 11951.24      3             27            8             2018          2 
 12318.37      4             27            8             2018          2 
 13028.88      5             27            8             2018          2 
 13943.17      6             27            8             2018          2 
 14412.53      7             27            8             2018          2 
 15340.47      8             27            8             2018          2 
 14867.39      9             27            8             2018          2 
 14894.11      10            27            8             2018          2 
 14293.64      11            27            8             2018          2 
 14152.13      12            27            8             2018          2 
 13452.53      13            27            8             2018          2 
 13887.4       14            27            8             2018          2 
 13659.15      15            27            8             2018          2 
 14245.5       16            27            8             2018          2 
 14637.37      17            27            8             2018          2 
 15367.12      18            27            8             2018          2 
 15484.78      19            27            8             2018          2 
 15701.25      20            27            8             2018          2 
 15337.26      21            27            8             2018          2 
 14833.77      22            27            8             2018          2 
 14130.67      23            27            8             2018          2 
 13691.65      0             28            8             2018          3 
 13065.2       1             28            8             2018          3 
 12845.26      2             28            8             2018          3 
 12560.6       3             28            8             2018          3 
 12983.91      4             28            8             2018          3 
 13262.94      5             28            8             2018          3 
 14358.53      6             28            8             2018          3 
 15041.31      7             28            8             2018          3 
 15926.28      8             28            8             2018          3 
 15875.23      9             28            8             2018          3 
 15975.17      10            28            8             2018          3 
 15234.25      11            28            8             2018          3 
 14750.38      12            28            8             2018          3 
 14229.79      13            28            8             2018          3 
 14103.57      14            28            8             2018          3 
 14072.25      15            28            8             2018          3 
 14430.39      16            28            8             2018          3 
 14793.85      17            28            8             2018          3 
 15127.83      18            28            8             2018          3 
 15295.35      19            28            8             2018          3 
 15192.03      20            28            8             2018          3 
 14786.67      21            28            8             2018          3 
 14185.1       22            28            8             2018          3 
 13464.47      23            28            8             2018          3 
 12656.19      0             29            8             2018          4 
 12112.49      1             29            8             2018          4 
 11567.76      2             29            8             2018          4 
 11425.47      3             29            8             2018          4 
 11875.31      4             29            8             2018          4 
 12516.83      5             29            8             2018          4 
 13517.29      6             29            8             2018          4 
 14445.99      7             29            8             2018          4 
 14989.12      8             29            8             2018          4 
 15171.45      9             29            8             2018          4 
 14921.25      10            29            8             2018          4 
 14719.86      11            29            8             2018          4 
 14309.58      12            29            8             2018          4 
 14305.21      13            29            8             2018          4 
 14455.22      14            29            8             2018          4 
 14936.5       15            29            8             2018          4 
 15316.83      16            29            8             2018          4 
 15886.08      17            29            8             2018          4 
 16107.49      18            29            8             2018          4 
 15917.51      19            29            8             2018          4 
 15720.99      20            29            8             2018          4 
 15051.94      21            29            8             2018          4 
 14470.88      22            29            8             2018          4 
 14038.6       23            29            8             2018          4 
 13459.99      0             30            8             2018          5 
 13080.71      1             30            8             2018          5 
 12652.89      2             30            8             2018          5 
 12521.79      3             30            8             2018          5 
 12702.54      4             30            8             2018          5 
 13520.08      5             30            8             2018          5 
 14211.08      6             30            8             2018          5 
 15164.41      7             30            8             2018          5 
 15625.22      8             30            8             2018          5 
 15774.1       9             30            8             2018          5 
 15631.63      10            30            8             2018          5 
 15552.28      11            30            8             2018          5 
 15202.69      12            30            8             2018          5 
 15183.22      13            30            8             2018          5 
 15445.99      14            30            8             2018          5 
 15449.11      15            30            8             2018          5 
 15879.01      16            30            8             2018          5 
 16137.72      17            30            8             2018          5 
 16347.04      18            30            8             2018          5 
 16075.29      19            30            8             2018          5 
 15933.05      20            30            8             2018          5 
 15186.67      21            30            8             2018          5 
 14581.75      22            30            8             2018          5 
 13830.3       23            30            8             2018          5 
 13052.99      0             31            8             2018          6 
 12319.99      1             31            8             2018          6 
 11615.14      2             31            8             2018          6 
 11347.81      3             31            8             2018          6 
 11460.74      4             31            8             2018          6 
 11909.72      5             31            8             2018          6 
 12726.5       6             31            8             2018          6 
 13566.04      7             31            8             2018          6 
 14442.28      8             31            8             2018          6 
 15027.91      9             31            8             2018          6 
 15740.53      10            31            8             2018          6 
 16246.14      11            31            8             2018          6 
 16911.07      12            31            8             2018          6 
 17387.76      13            31            8             2018          6 
 18263.56      14            31            8             2018          6 
 18804.86      15            31            8             2018          6 
 19184.05      16            31            8             2018          6 
 19133.68      17            31            8             2018          6 
 18567.97      18            31            8             2018          6 
 17276.05      19            31            8             2018          6 
 15938.34      20            31            8             2018          6 
 14401.97      21            31            8             2018          6 
 13114.41      22            31            8             2018          6 
 12056.53      23            31            8             2018          6 
