 13912.69      0             1             3             2014          7 
 14503.76      1             1             3             2014          7 
 14991.71      2             1             3             2014          7 
 15204.47      3             1             3             2014          7 
 15270.38      4             1             3             2014          7 
 15063.5       5             1             3             2014          7 
 14783.05      6             1             3             2014          7 
 14429.76      7             1             3             2014          7 
 14228.53      8             1             3             2014          7 
 13895.63      9             1             3             2014          7 
 13778.2       10            1             3             2014          7 
 13648.65      11            1             3             2014          7 
 13613.17      12            1             3             2014          7 
 13647.72      13            1             3             2014          7 
 12913.58      14            1             3             2014          7 
 12120.17      15            1             3             2014          7 
 10402.11      16            1             3             2014          7 
 8592.775      17            1             3             2014          7 
 7222.85       18            1             3             2014          7 
 7101.325      19            1             3             2014          7 
 7573.2        20            1             3             2014          7 
 9389.763      21            1             3             2014          7 
 11260.1       22            1             3             2014          7 
 12606.71      23            1             3             2014          7 
 13582.6       0             2             3             2014          1 
 13940.91      1             2             3             2014          1 
 13855.54      2             2             3             2014          1 
 13280.75      3             2             3             2014          1 
 12483         4             2             3             2014          1 
 11206.79      5             2             3             2014          1 
 9778.037      6             2             3             2014          1 
 8429.225      7             2             3             2014          1 
 7571.425      8             2             3             2014          1 
 6928.175      9             2             3             2014          1 
 6810.087      10            2             3             2014          1 
 6954.275      11            2             3             2014          1 
 6984.862      12            2             3             2014          1 
 7283.538      13            2             3             2014          1 
 7462.112      14            2             3             2014          1 
 7735.575      15            2             3             2014          1 
 7864.987      16            2             3             2014          1 
 8475.375      17            2             3             2014          1 
 8809.7        18            2             3             2014          1 
 9844.1        19            2             3             2014          1 
 10936.88      20            2             3             2014          1 
 12260.35      21            2             3             2014          1 
 13356.29      22            2             3             2014          1 
 14478.78      23            2             3             2014          1 
 15020.86      0             3             3             2014          2 
 15379.17      1             3             3             2014          2 
 15510.24      2             3             3             2014          2 
 14903.63      3             3             3             2014          2 
 14179.01      4             3             3             2014          2 
 12867.4       5             3             3             2014          2 
 11483.76      6             3             3             2014          2 
 10133.71      7             3             3             2014          2 
 9309.325      8             3             3             2014          2 
 8600.537      9             3             3             2014          2 
 8314.813      10            3             3             2014          2 
 8128.388      11            3             3             2014          2 
 7841.038      12            3             3             2014          2 
 7629.825      13            3             3             2014          2 
 7392.513      14            3             3             2014          2 
 7317.163      15            3             3             2014          2 
 7216.663      16            3             3             2014          2 
 7693.138      17            3             3             2014          2 
 8272.7        18            3             3             2014          2 
 9493.888      19            3             3             2014          2 
 10727.67      20            3             3             2014          2 
 12297.26      21            3             3             2014          2 
 13298.05      22            3             3             2014          2 
 14369.54      23            3             3             2014          2 
 14812.3       0             4             3             2014          3 
 15235.54      1             4             3             2014          3 
 15318.65      2             4             3             2014          3 
 14786.15      3             4             3             2014          3 
 13921.06      4             4             3             2014          3 
 12348.9       5             4             3             2014          3 
 10635.99      6             4             3             2014          3 
 8938.85       7             4             3             2014          3 
 7949.125      8             4             3             2014          3 
 7124.112      9             4             3             2014          3 
 7201.775      10            4             3             2014          3 
 7458.313      11            4             3             2014          3 
 7859.6        12            4             3             2014          3 
 8288.162      13            4             3             2014          3 
 8653.575      14            4             3             2014          3 
 8798.912      15            4             3             2014          3 
 9119.588      16            4             3             2014          3 
 9404          17            4             3             2014          3 
 9996.813      18            4             3             2014          3 
 10879.85      19            4             3             2014          3 
 12005.95      20            4             3             2014          3 
 13053.42      21            4             3             2014          3 
 13950.83      22            4             3             2014          3 
 14514.63      23            4             3             2014          3 
 14724.39      0             5             3             2014          4 
 14818.41      1             5             3             2014          4 
 14772.22      2             5             3             2014          4 
 14386.63      3             5             3             2014          4 
 13891.8       4             5             3             2014          4 
 13006.75      5             5             3             2014          4 
 11987.51      6             5             3             2014          4 
 10699.39      7             5             3             2014          4 
 9959.013      8             5             3             2014          4 
 9046.188      9             5             3             2014          4 
 8772.063      10            5             3             2014          4 
 8697.612      11            5             3             2014          4 
 9062.938      12            5             3             2014          4 
 9273.525      13            5             3             2014          4 
 9726.6        14            5             3             2014          4 
 9926.025      15            5             3             2014          4 
 9767.4        16            5             3             2014          4 
 9614.25       17            5             3             2014          4 
 9978.813      18            5             3             2014          4 
 10487.99      19            5             3             2014          4 
 11666.31      20            5             3             2014          4 
 13043.97      21            5             3             2014          4 
 14396.8       22            5             3             2014          4 
 15242.89      23            5             3             2014          4 
 16105.56      0             6             3             2014          5 
 16415.84      1             6             3             2014          5 
 16519.75      2             6             3             2014          5 
 15905.22      3             6             3             2014          5 
 14882.85      4             6             3             2014          5 
 13138.6       5             6             3             2014          5 
 11354.36      6             6             3             2014          5 
 9638.888      7             6             3             2014          5 
 8614.875      8             6             3             2014          5 
 7856.25       9             6             3             2014          5 
 7664.013      10            6             3             2014          5 
 7520.3        11            6             3             2014          5 
 7499.825      12            6             3             2014          5 
 7369.7        13            6             3             2014          5 
 7461.788      14            6             3             2014          5 
 7706.25       15            6             3             2014          5 
 8179.813      16            6             3             2014          5 
 9085.138      17            6             3             2014          5 
 10210.94      18            6             3             2014          5 
 11563.21      19            6             3             2014          5 
 12896.72      20            6             3             2014          5 
 14055.41      21            6             3             2014          5 
 14792.85      22            6             3             2014          5 
 15331.36      23            6             3             2014          5 
 15537.54      0             7             3             2014          6 
 15475.92      1             7             3             2014          6 
 15337.05      2             7             3             2014          6 
 14814.04      3             7             3             2014          6 
 14119.69      4             7             3             2014          6 
 13209.69      5             7             3             2014          6 
 12329.86      6             7             3             2014          6 
 11472.17      7             7             3             2014          6 
 10987.21      8             7             3             2014          6 
 10650.04      9             7             3             2014          6 
 10528.85      10            7             3             2014          6 
 10544.61      11            7             3             2014          6 
 10572         12            7             3             2014          6 
 10601.61      13            7             3             2014          6 
 10675.08      14            7             3             2014          6 
 10888.45      15            7             3             2014          6 
 11103.74      16            7             3             2014          6 
 11451.7       17            7             3             2014          6 
 11893.86      18            7             3             2014          6 
 12351.11      19            7             3             2014          6 
 12784.84      20            7             3             2014          6 
 13289.78      21            7             3             2014          6 
 13650.06      22            7             3             2014          6 
 13955.69      23            7             3             2014          6 
 14279.79      0             8             3             2014          7 
 14537.25      1             8             3             2014          7 
 14796.94      2             8             3             2014          7 
 15065.03      3             8             3             2014          7 
 15277.38      4             8             3             2014          7 
 15373.54      5             8             3             2014          7 
 15379.49      6             8             3             2014          7 
 15266.22      7             8             3             2014          7 
 15124.2       8             8             3             2014          7 
 14972.35      9             8             3             2014          7 
 14657.91      10            8             3             2014          7 
 14214.75      11            8             3             2014          7 
 13602.06      12            8             3             2014          7 
 12854.17      13            8             3             2014          7 
 11993.31      14            8             3             2014          7 
 11262.7       15            8             3             2014          7 
 10576.42      16            8             3             2014          7 
 10022.72      17            8             3             2014          7 
 9626.45       18            8             3             2014          7 
 9492.688      19            8             3             2014          7 
 9518.975      20            8             3             2014          7 
 9934.563      21            8             3             2014          7 
 10504.2       22            8             3             2014          7 
 11249.96      23            8             3             2014          7 
 12114.8       0             9             3             2014          1 
 12917.81      1             9             3             2014          1 
 13263.6       2             9             3             2014          1 
 12801.4       3             9             3             2014          1 
 11820.51      4             9             3             2014          1 
 10083.19      5             9             3             2014          1 
 8241.025      6             9             3             2014          1 
 6866.175      7             9             3             2014          1 
 5978.3        8             9             3             2014          1 
 5843.888      9             9             3             2014          1 
 5923.563      10            9             3             2014          1 
 6670.263      11            9             3             2014          1 
 6902.188      12            9             3             2014          1 
 7621.788      13            9             3             2014          1 
 7937          14            9             3             2014          1 
 8536.15       15            9             3             2014          1 
 8545.925      16            9             3             2014          1 
 8887.263      17            9             3             2014          1 
 9111.85       18            9             3             2014          1 
 9657.2        19            9             3             2014          1 
 10550         20            9             3             2014          1 
 11692.13      21            9             3             2014          1 
 12938.3       22            9             3             2014          1 
 14080.24      23            9             3             2014          1 
 14890.14      0             10            3             2014          2 
 15407.67      1             10            3             2014          2 
 15767.66      2             10            3             2014          2 
 15112.13      3             10            3             2014          2 
 14396.51      4             10            3             2014          2 
 13092.6       5             10            3             2014          2 
 11639.47      6             10            3             2014          2 
 10185.39      7             10            3             2014          2 
 9564.175      8             10            3             2014          2 
 8793.575      9             10            3             2014          2 
 8587.162      10            10            3             2014          2 
 8367.05       11            10            3             2014          2 
 8255.463      12            10            3             2014          2 
 8011.712      13            10            3             2014          2 
 8143.725      14            10            3             2014          2 
 8232.875      15            10            3             2014          2 
 8286.963      16            10            3             2014          2 
 8544.438      17            10            3             2014          2 
 9030.35       18            10            3             2014          2 
 9812.225      19            10            3             2014          2 
 10982.91      20            10            3             2014          2 
 12392.72      21            10            3             2014          2 
 13581.78      22            10            3             2014          2 
 14743.24      23            10            3             2014          2 
 15545.4       0             11            3             2014          3 
 16003.21      1             11            3             2014          3 
 15972.01      2             11            3             2014          3 
 15209.59      3             11            3             2014          3 
 13931.5       4             11            3             2014          3 
 11976.7       5             11            3             2014          3 
 10026.64      6             11            3             2014          3 
 8410.563      7             11            3             2014          3 
 7388.65       8             11            3             2014          3 
 6941.3        9             11            3             2014          3 
 7206.95       10            11            3             2014          3 
 7301.413      11            11            3             2014          3 
 7416.188      12            11            3             2014          3 
 7289.45       13            11            3             2014          3 
 6904.15       14            11            3             2014          3 
 6520.663      15            11            3             2014          3 
 6445.65       16            11            3             2014          3 
 6666.35       17            11            3             2014          3 
 7427.3        18            11            3             2014          3 
 8776.95       19            11            3             2014          3 
 10274.59      20            11            3             2014          3 
 11911.25      21            11            3             2014          3 
 13361.26      22            11            3             2014          3 
 14393.95      23            11            3             2014          3 
 14568.39      0             12            3             2014          4 
 14600.54      1             12            3             2014          4 
 13993.22      2             12            3             2014          4 
 13065.7       3             12            3             2014          4 
 12095.29      4             12            3             2014          4 
 10962.78      5             12            3             2014          4 
 9540.063      6             12            3             2014          4 
 8492.25       7             12            3             2014          4 
 7707.5        8             12            3             2014          4 
 7038.45       9             12            3             2014          4 
 6915.112      10            12            3             2014          4 
 6910.325      11            12            3             2014          4 
 6913.438      12            12            3             2014          4 
 6911.288      13            12            3             2014          4 
 6911.45       14            12            3             2014          4 
 6906.825      15            12            3             2014          4 
 6906.35       16            12            3             2014          4 
 7070.837      17            12            3             2014          4 
 7376.462      18            12            3             2014          4 
 8367.05       19            12            3             2014          4 
 9509.425      20            12            3             2014          4 
 11195.04      21            12            3             2014          4 
 12735.35      22            12            3             2014          4 
 14157.01      23            12            3             2014          4 
 14895.9       0             13            3             2014          5 
 15234.39      1             13            3             2014          5 
 15064.9       2             13            3             2014          5 
 14093.15      3             13            3             2014          5 
 13032.91      4             13            3             2014          5 
 11430.54      5             13            3             2014          5 
 9963.813      6             13            3             2014          5 
 8458.263      7             13            3             2014          5 
 7735.763      8             13            3             2014          5 
 7086          9             13            3             2014          5 
 6982.6        10            13            3             2014          5 
 6993.725      11            13            3             2014          5 
 7018.388      12            13            3             2014          5 
 7042.288      13            13            3             2014          5 
 6897.138      14            13            3             2014          5 
 6721.3        15            13            3             2014          5 
 6368.712      16            13            3             2014          5 
 5970.7        17            13            3             2014          5 
 5692.987      18            13            3             2014          5 
 5676          19            13            3             2014          5 
 6390.813      20            13            3             2014          5 
 7576.913      21            13            3             2014          5 
 9298.513      22            13            3             2014          5 
 11071.49      23            13            3             2014          5 
 12657.25      0             14            3             2014          6 
 13535.54      1             14            3             2014          6 
 14107.76      2             14            3             2014          6 
 13872.25      3             14            3             2014          6 
 13415.47      4             14            3             2014          6 
 12730.79      5             14            3             2014          6 
 12056.19      6             14            3             2014          6 
 11608.83      7             14            3             2014          6 
 11583.05      8             14            3             2014          6 
 11819.95      9             14            3             2014          6 
 12344.89      10            14            3             2014          6 
 12491.56      11            14            3             2014          6 
 12472.13      12            14            3             2014          6 
 11957.49      13            14            3             2014          6 
 11380.15      14            14            3             2014          6 
 10827.01      15            14            3             2014          6 
 10646.81      16            14            3             2014          6 
 10587.63      17            14            3             2014          6 
 10944.39      18            14            3             2014          6 
 11395.06      19            14            3             2014          6 
 11897.25      20            14            3             2014          6 
 12504.78      21            14            3             2014          6 
 12941.42      22            14            3             2014          6 
 13373.42      23            14            3             2014          6 
 13447.74      0             15            3             2014          7 
 13443.49      1             15            3             2014          7 
 13216.03      2             15            3             2014          7 
 13035.03      3             15            3             2014          7 
 12623.92      4             15            3             2014          7 
 12384.13      5             15            3             2014          7 
 11942.63      6             15            3             2014          7 
 11525.79      7             15            3             2014          7 
 10937.61      8             15            3             2014          7 
 10500.11      9             15            3             2014          7 
 10030.42      10            15            3             2014          7 
 9970.875      11            15            3             2014          7 
 10110.53      12            15            3             2014          7 
 10520.01      13            15            3             2014          7 
 10769.55      14            15            3             2014          7 
 10926.99      15            15            3             2014          7 
 10812.5       16            15            3             2014          7 
 10533.49      17            15            3             2014          7 
 10405.47      18            15            3             2014          7 
 10493.38      19            15            3             2014          7 
 10552         20            15            3             2014          7 
 10608.13      21            15            3             2014          7 
 10447.94      22            15            3             2014          7 
 9886.125      23            15            3             2014          7 
 9330.3        0             16            3             2014          1 
 8864.912      1             16            3             2014          1 
 8501.15       2             16            3             2014          1 
 8286.95       3             16            3             2014          1 
 8112.6        4             16            3             2014          1 
 7804.625      5             16            3             2014          1 
 7440.025      6             16            3             2014          1 
 7057.3        7             16            3             2014          1 
 6869.35       8             16            3             2014          1 
 6728.8        9             16            3             2014          1 
 6766.775      10            16            3             2014          1 
 6863.15       11            16            3             2014          1 
 6972.138      12            16            3             2014          1 
 7003.775      13            16            3             2014          1 
 7056.538      14            16            3             2014          1 
 7047.85       15            16            3             2014          1 
 7039.487      16            16            3             2014          1 
 7035.337      17            16            3             2014          1 
 7042.038      18            16            3             2014          1 
 7073.962      19            16            3             2014          1 
 7504.75       20            16            3             2014          1 
 7978.438      21            16            3             2014          1 
 9084.7        22            16            3             2014          1 
 10330.83      23            16            3             2014          1 
 11795         0             17            3             2014          2 
 13008.55      1             17            3             2014          2 
 14206.44      2             17            3             2014          2 
 14394.53      3             17            3             2014          2 
 14033.28      4             17            3             2014          2 
 12996.58      5             17            3             2014          2 
 11390.97      6             17            3             2014          2 
 9721.35       7             17            3             2014          2 
 8430.838      8             17            3             2014          2 
 7538.487      9             17            3             2014          2 
 7246.3        10            17            3             2014          2 
 7410.438      11            17            3             2014          2 
 7792.638      12            17            3             2014          2 
 8211.813      13            17            3             2014          2 
 8636.85       14            17            3             2014          2 
 8892.588      15            17            3             2014          2 
 9248.75       16            17            3             2014          2 
 9640.35       17            17            3             2014          2 
 10262.66      18            17            3             2014          2 
 11084.76      19            17            3             2014          2 
 12096.2       20            17            3             2014          2 
 13069.17      21            17            3             2014          2 
 13907.54      22            17            3             2014          2 
 14580.66      23            17            3             2014          2 
 15057.45      0             18            3             2014          3 
 15334.2       1             18            3             2014          3 
 15492.6       2             18            3             2014          3 
 14877.01      3             18            3             2014          3 
 13992.49      4             18            3             2014          3 
 12406.6       5             18            3             2014          3 
 10685.06      6             18            3             2014          3 
 8978.775      7             18            3             2014          3 
 7975.95       8             18            3             2014          3 
 7136.712      9             18            3             2014          3 
 6996.987      10            18            3             2014          3 
 6970.013      11            18            3             2014          3 
 7030.8        12            18            3             2014          3 
 7133          13            18            3             2014          3 
 7186.4        14            18            3             2014          3 
 7322.625      15            18            3             2014          3 
 7361.5        16            18            3             2014          3 
 7703.188      17            18            3             2014          3 
 8013.775      18            18            3             2014          3 
 8959.412      19            18            3             2014          3 
 9914.662      20            18            3             2014          3 
 11254.24      21            18            3             2014          3 
 12498.14      22            18            3             2014          3 
 13763.76      23            18            3             2014          3 
 14589.46      0             19            3             2014          4 
 15092.51      1             19            3             2014          4 
 15144.26      2             19            3             2014          4 
 14218.1       3             19            3             2014          4 
 13402.94      4             19            3             2014          4 
 11681.51      5             19            3             2014          4 
 10429.08      6             19            3             2014          4 
 9082.175      7             19            3             2014          4 
 8384.138      8             19            3             2014          4 
 7542.212      9             19            3             2014          4 
 7449.962      10            19            3             2014          4 
 7050.112      11            19            3             2014          4 
 7022.925      12            19            3             2014          4 
 6962.475      13            19            3             2014          4 
 6981.888      14            19            3             2014          4 
 7010.6        15            19            3             2014          4 
 7100.025      16            19            3             2014          4 
 7485.313      17            19            3             2014          4 
 8120.063      18            19            3             2014          4 
 9050.825      19            19            3             2014          4 
 10228         20            19            3             2014          4 
 11464.21      21            19            3             2014          4 
 12395.59      22            19            3             2014          4 
 13206.85      23            19            3             2014          4 
 13584         0             20            3             2014          5 
 13923.31      1             20            3             2014          5 
 14157.67      2             20            3             2014          5 
 13777.04      3             20            3             2014          5 
 13241.1       4             20            3             2014          5 
 12009.05      5             20            3             2014          5 
 10466.53      6             20            3             2014          5 
 8958.787      7             20            3             2014          5 
 7991.075      8             20            3             2014          5 
 7218.075      9             20            3             2014          5 
 7079.45       10            20            3             2014          5 
 7293.525      11            20            3             2014          5 
 7649.487      12            20            3             2014          5 
 8144.925      13            20            3             2014          5 
 8779.325      14            20            3             2014          5 
 9512.237      15            20            3             2014          5 
 9997.888      16            20            3             2014          5 
 10421.94      17            20            3             2014          5 
 10818.88      18            20            3             2014          5 
 11065.56      19            20            3             2014          5 
 11434.56      20            20            3             2014          5 
 11916.85      21            20            3             2014          5 
 12402.76      22            20            3             2014          5 
 12887.09      23            20            3             2014          5 
 13351.92      0             21            3             2014          6 
 13706.55      1             21            3             2014          6 
 13935.69      2             21            3             2014          6 
 13931.94      3             21            3             2014          6 
 13856.66      4             21            3             2014          6 
 13625.94      5             21            3             2014          6 
 13443.59      6             21            3             2014          6 
 13342.15      7             21            3             2014          6 
 13404.61      8             21            3             2014          6 
 13430.29      9             21            3             2014          6 
 13548.04      10            21            3             2014          6 
 13385.35      11            21            3             2014          6 
 13091.76      12            21            3             2014          6 
 12570.28      13            21            3             2014          6 
 11985.17      14            21            3             2014          6 
 11398.64      15            21            3             2014          6 
 11045.59      16            21            3             2014          6 
 10854.41      17            21            3             2014          6 
 10951.25      18            21            3             2014          6 
 11211.19      19            21            3             2014          6 
 11533.89      20            21            3             2014          6 
 11881.26      21            21            3             2014          6 
 12192.28      22            21            3             2014          6 
 12554.76      23            21            3             2014          6 
 12872.33      0             22            3             2014          7 
 13196.13      1             22            3             2014          7 
 13468.14      2             22            3             2014          7 
 13647.31      3             22            3             2014          7 
 13682.51      4             22            3             2014          7 
 13650.86      5             22            3             2014          7 
 13444.44      6             22            3             2014          7 
 13347.28      7             22            3             2014          7 
 13234.31      8             22            3             2014          7 
 13253.45      9             22            3             2014          7 
 13327.03      10            22            3             2014          7 
 13514.21      11            22            3             2014          7 
 13609.86      12            22            3             2014          7 
 13734.22      13            22            3             2014          7 
 13748.35      14            22            3             2014          7 
 13469.47      15            22            3             2014          7 
 12568.55      16            22            3             2014          7 
 11563.72      17            22            3             2014          7 
 9980.162      18            22            3             2014          7 
 8736.763      19            22            3             2014          7 
 7853.337      20            22            3             2014          7 
 7881.65       21            22            3             2014          7 
 8120.45       22            22            3             2014          7 
 9106.5        23            22            3             2014          7 
 9962.325      0             23            3             2014          1 
 10523.38      1             23            3             2014          1 
 10958.14      2             23            3             2014          1 
 11057.51      3             23            3             2014          1 
 10957.64      4             23            3             2014          1 
 10644.78      5             23            3             2014          1 
 10606.61      6             23            3             2014          1 
 10313.15      7             23            3             2014          1 
 10101.72      8             23            3             2014          1 
 9783.55       9             23            3             2014          1 
 9214.55       10            23            3             2014          1 
 8475.662      11            23            3             2014          1 
 7824.75       12            23            3             2014          1 
 7333.313      13            23            3             2014          1 
 7042.625      14            23            3             2014          1 
 7018.212      15            23            3             2014          1 
 7163.525      16            23            3             2014          1 
 7586.212      17            23            3             2014          1 
 8320.487      18            23            3             2014          1 
 9496.737      19            23            3             2014          1 
 10939.45      20            23            3             2014          1 
 12519.08      21            23            3             2014          1 
 13829.63      22            23            3             2014          1 
 14845.61      23            23            3             2014          1 
 15360.15      0             24            3             2014          2 
 15602.95      1             24            3             2014          2 
 15615.3       2             24            3             2014          2 
 14853.49      3             24            3             2014          2 
 13980.17      4             24            3             2014          2 
 12356.96      5             24            3             2014          2 
 10627.35      6             24            3             2014          2 
 8897.05       7             24            3             2014          2 
 7933.413      8             24            3             2014          2 
 7058.313      9             24            3             2014          2 
 6947.188      10            24            3             2014          2 
 6946.525      11            24            3             2014          2 
 6952.288      12            24            3             2014          2 
 6955.813      13            24            3             2014          2 
 6964.987      14            24            3             2014          2 
 6966.188      15            24            3             2014          2 
 6980.038      16            24            3             2014          2 
 6802.163      17            24            3             2014          2 
 6602.237      18            24            3             2014          2 
 6307.038      19            24            3             2014          2 
 6426.112      20            24            3             2014          2 
 7166.275      21            24            3             2014          2 
 8552.525      22            24            3             2014          2 
 10494.56      23            24            3             2014          2 
 12542.41      0             25            3             2014          3 
 14169.3       1             25            3             2014          3 
 15125.74      2             25            3             2014          3 
 14855.61      3             25            3             2014          3 
 14005.24      4             25            3             2014          3 
 12425.22      5             25            3             2014          3 
 10712.46      6             25            3             2014          3 
 9082.938      7             25            3             2014          3 
 8284.975      8             25            3             2014          3 
 7650.013      9             25            3             2014          3 
 7762.35       10            25            3             2014          3 
 8245.412      11            25            3             2014          3 
 8818.175      12            25            3             2014          3 
 9690.438      13            25            3             2014          3 
 10783.06      14            25            3             2014          3 
 11916.92      15            25            3             2014          3 
 12780.28      16            25            3             2014          3 
 13409.71      17            25            3             2014          3 
 13655.91      18            25            3             2014          3 
 13761.7       19            25            3             2014          3 
 13907.39      20            25            3             2014          3 
 14236.16      21            25            3             2014          3 
 14720.36      22            25            3             2014          3 
 15247.58      23            25            3             2014          3 
 15561.8       0             26            3             2014          4 
 15767.16      1             26            3             2014          4 
 15798.89      2             26            3             2014          4 
 15161.15      3             26            3             2014          4 
 14410.3       4             26            3             2014          4 
 13050.8       5             26            3             2014          4 
 11609.78      6             26            3             2014          4 
 10203.83      7             26            3             2014          4 
 9402.612      8             26            3             2014          4 
 8696.287      9             26            3             2014          4 
 8664.513      10            26            3             2014          4 
 8522.625      11            26            3             2014          4 
 8409.275      12            26            3             2014          4 
 8121.575      13            26            3             2014          4 
 7828.313      14            26            3             2014          4 
 7434.987      15            26            3             2014          4 
 7226.725      16            26            3             2014          4 
 7196.837      17            26            3             2014          4 
 7488.612      18            26            3             2014          4 
 8357.688      19            26            3             2014          4 
 9613.475      20            26            3             2014          4 
 11213.47      21            26            3             2014          4 
 12781.89      22            26            3             2014          4 
 14241.45      23            26            3             2014          4 
 15128.38      0             27            3             2014          5 
 15629.17      1             27            3             2014          5 
 15697.56      2             27            3             2014          5 
 15091.54      3             27            3             2014          5 
 14177.26      4             27            3             2014          5 
 12662.64      5             27            3             2014          5 
 11028.13      6             27            3             2014          5 
 9346.162      7             27            3             2014          5 
 8182.775      8             27            3             2014          5 
 7479.938      9             27            3             2014          5 
 7351.563      10            27            3             2014          5 
 7576.438      11            27            3             2014          5 
 7938.675      12            27            3             2014          5 
 8290.388      13            27            3             2014          5 
 8489.425      14            27            3             2014          5 
 8705.9        15            27            3             2014          5 
 8747.425      16            27            3             2014          5 
 8829.225      17            27            3             2014          5 
 9319.813      18            27            3             2014          5 
 9870.013      19            27            3             2014          5 
 10847.92      20            27            3             2014          5 
 11874.33      21            27            3             2014          5 
 13017.13      22            27            3             2014          5 
 13896.6       23            27            3             2014          5 
 14843.53      0             28            3             2014          6 
 15510.76      1             28            3             2014          6 
 16120.7       2             28            3             2014          6 
 16455.81      3             28            3             2014          6 
 16323.96      4             28            3             2014          6 
 15681.51      5             28            3             2014          6 
 14601.84      6             28            3             2014          6 
 13285.53      7             28            3             2014          6 
 12103.54      8             28            3             2014          6 
 11080.49      9             28            3             2014          6 
 10388.09      10            28            3             2014          6 
 9997.15       11            28            3             2014          6 
 9842.487      12            28            3             2014          6 
 9833.013      13            28            3             2014          6 
 10009.28      14            28            3             2014          6 
 10367.15      15            28            3             2014          6 
 10893.88      16            28            3             2014          6 
 11661.88      17            28            3             2014          6 
 12389.31      18            28            3             2014          6 
 13266.84      19            28            3             2014          6 
 13975.74      20            28            3             2014          6 
 14614.09      21            28            3             2014          6 
 15040.79      22            28            3             2014          6 
 15349.53      23            28            3             2014          6 
 15464.69      0             29            3             2014          7 
 15581.42      1             29            3             2014          7 
 15582.8       2             29            3             2014          7 
 15663.45      3             29            3             2014          7 
 15628.78      4             29            3             2014          7 
 15581.33      5             29            3             2014          7 
 15415.72      6             29            3             2014          7 
 15071.19      7             29            3             2014          7 
 14595.88      8             29            3             2014          7 
 14082.66      9             29            3             2014          7 
 13580.08      10            29            3             2014          7 
 13091.42      11            29            3             2014          7 
 12858.56      12            29            3             2014          7 
 12610.04      13            29            3             2014          7 
 12697.44      14            29            3             2014          7 
 12769.75      15            29            3             2014          7 
 13034.3       16            29            3             2014          7 
 13133.01      17            29            3             2014          7 
 13079.38      18            29            3             2014          7 
 12709.54      19            29            3             2014          7 
 12295         20            29            3             2014          7 
 11821         21            29            3             2014          7 
 11541.44      22            29            3             2014          7 
 11347.39      23            29            3             2014          7 
 11339.79      0             30            3             2014          1 
 11266.08      1             30            3             2014          1 
 10962.11      2             30            3             2014          1 
 10426.75      3             30            3             2014          1 
 9731.638      4             30            3             2014          1 
 8821.463      5             30            3             2014          1 
 8025.55       6             30            3             2014          1 
 7327.95       7             30            3             2014          1 
 6842.375      8             30            3             2014          1 
 6523.938      9             30            3             2014          1 
 6526.688      10            30            3             2014          1 
 6867.138      11            30            3             2014          1 
 7386.263      12            30            3             2014          1 
 7833.538      13            30            3             2014          1 
 8344.487      14            30            3             2014          1 
 8395.125      15            30            3             2014          1 
 8122.263      16            30            3             2014          1 
 8100.7        17            30            3             2014          1 
 8317.675      18            30            3             2014          1 
 9178.725      19            30            3             2014          1 
 10592.41      20            30            3             2014          1 
 12299.08      21            30            3             2014          1 
 13722.46      22            30            3             2014          1 
 14882.04      23            30            3             2014          1 
 15428.56      0             31            3             2014          2 
 15694.31      1             31            3             2014          2 
 15658.24      2             31            3             2014          2 
 14827.44      3             31            3             2014          2 
 13903.99      4             31            3             2014          2 
 12235.33      5             31            3             2014          2 
 10509.16      6             31            3             2014          2 
 8792.3        7             31            3             2014          2 
 7946.263      8             31            3             2014          2 
 7270.288      9             31            3             2014          2 
 7451.237      10            31            3             2014          2 
 7777.138      11            31            3             2014          2 
 8119.825      12            31            3             2014          2 
 8354.85       13            31            3             2014          2 
 8528.813      14            31            3             2014          2 
 8603.513      15            31            3             2014          2 
 8610.963      16            31            3             2014          2 
 8713.912      17            31            3             2014          2 
 8875.237      18            31            3             2014          2 
 9319.662      19            31            3             2014          2 
 9987.213      20            31            3             2014          2 
 10862.96      21            31            3             2014          2 
 11811.42      22            31            3             2014          2 
 12715.8       23            31            3             2014          2 
