 12505.2       0             1             5             2017          2 
 11443.03      1             1             5             2017          2 
 10462.61      2             1             5             2017          2 
 9996.963      3             1             5             2017          2 
 9995.537      4             1             5             2017          2 
 10639.49      5             1             5             2017          2 
 11556.81      6             1             5             2017          2 
 12642.99      7             1             5             2017          2 
 13463.24      8             1             5             2017          2 
 13986.54      9             1             5             2017          2 
 14301.5       10            1             5             2017          2 
 14384.11      11            1             5             2017          2 
 14504.42      12            1             5             2017          2 
 14561.91      13            1             5             2017          2 
 14582.66      14            1             5             2017          2 
 14636.74      15            1             5             2017          2 
 14604.15      16            1             5             2017          2 
 14703.75      17            1             5             2017          2 
 14651.84      18            1             5             2017          2 
 14440.56      19            1             5             2017          2 
 14097.33      20            1             5             2017          2 
 13556.36      21            1             5             2017          2 
 12713.6       22            1             5             2017          2 
 12145.45      23            1             5             2017          2 
 11404.3       0             2             5             2017          3 
 10894.3       1             2             5             2017          3 
 10593.26      2             2             5             2017          3 
 10397.65      3             2             5             2017          3 
 10372.8       4             2             5             2017          3 
 10721.03      5             2             5             2017          3 
 11214.4       6             2             5             2017          3 
 11857.69      7             2             5             2017          3 
 12595.74      8             2             5             2017          3 
 13151.3       9             2             5             2017          3 
 13511.2       10            2             5             2017          3 
 13510.24      11            2             5             2017          3 
 13378.04      12            2             5             2017          3 
 12992.7       13            2             5             2017          3 
 12759.81      14            2             5             2017          3 
 12663.86      15            2             5             2017          3 
 12868.83      16            2             5             2017          3 
 13192.14      17            2             5             2017          3 
 13676.36      18            2             5             2017          3 
 14015.95      19            2             5             2017          3 
 14131.38      20            2             5             2017          3 
 14061.45      21            2             5             2017          3 
 13578.61      22            2             5             2017          3 
 13131.75      23            2             5             2017          3 
 12379.96      0             3             5             2017          4 
 11733.97      1             3             5             2017          4 
 11030.47      2             3             5             2017          4 
 10834.26      3             3             5             2017          4 
 10889.45      4             3             5             2017          4 
 11440.53      5             3             5             2017          4 
 12284.49      6             3             5             2017          4 
 13024.21      7             3             5             2017          4 
 13473.7       8             3             5             2017          4 
 13639.72      9             3             5             2017          4 
 13557.96      10            3             5             2017          4 
 13260.81      11            3             5             2017          4 
 13169.71      12            3             5             2017          4 
 13056.51      13            3             5             2017          4 
 13047.76      14            3             5             2017          4 
 13129.54      15            3             5             2017          4 
 13350.05      16            3             5             2017          4 
 13657.94      17            3             5             2017          4 
 13978.85      18            3             5             2017          4 
 14287.15      19            3             5             2017          4 
 14295.41      20            3             5             2017          4 
 14105.59      21            3             5             2017          4 
 13623.61      22            3             5             2017          4 
 13050.6       23            3             5             2017          4 
 12270.24      0             4             5             2017          5 
 11676.6       1             4             5             2017          5 
 11178.61      2             4             5             2017          5 
 11178.61      3             4             5             2017          5 
 11624.65      4             4             5             2017          5 
 12397.84      5             4             5             2017          5 
 13349.46      6             4             5             2017          5 
 14096.96      7             4             5             2017          5 
 14447.86      8             4             5             2017          5 
 14429.46      9             4             5             2017          5 
 14278.06      10            4             5             2017          5 
 13967.41      11            4             5             2017          5 
 13825.61      12            4             5             2017          5 
 13835.75      13            4             5             2017          5 
 13778.26      14            4             5             2017          5 
 14015.7       15            4             5             2017          5 
 14152.44      16            4             5             2017          5 
 14605.76      17            4             5             2017          5 
 14749.49      18            4             5             2017          5 
 15172.16      19            4             5             2017          5 
 14843.8       20            4             5             2017          5 
 14626.42      21            4             5             2017          5 
 13804.45      22            4             5             2017          5 
 12952.81      23            4             5             2017          5 
 11876.4       0             5             5             2017          6 
 11093.13      1             5             5             2017          6 
 10283.89      2             5             5             2017          6 
 10019.19      3             5             5             2017          6 
 10340.72      4             5             5             2017          6 
 10900.42      5             5             5             2017          6 
 11975.26      6             5             5             2017          6 
 13016.21      7             5             5             2017          6 
 13878.81      8             5             5             2017          6 
 14493.63      9             5             5             2017          6 
 14987.22      10            5             5             2017          6 
 15190.61      11            5             5             2017          6 
 15519.35      12            5             5             2017          6 
 15961.06      13            5             5             2017          6 
 16479.22      14            5             5             2017          6 
 17212.46      15            5             5             2017          6 
 17462.46      16            5             5             2017          6 
 17589.3       17            5             5             2017          6 
 17001.82      18            5             5             2017          6 
 15980.88      19            5             5             2017          6 
 14474.92      20            5             5             2017          6 
 13284.16      21            5             5             2017          6 
 11757.88      22            5             5             2017          6 
 10856.42      23            5             5             2017          6 
 9922.313      0             6             5             2017          7 
 9384.438      1             6             5             2017          7 
 8948.725      2             6             5             2017          7 
 9011.563      3             6             5             2017          7 
 9324.225      4             6             5             2017          7 
 9874.425      5             6             5             2017          7 
 10569.01      6             6             5             2017          7 
 11162.53      7             6             5             2017          7 
 11788.78      8             6             5             2017          7 
 12037.76      9             6             5             2017          7 
 12448.69      10            6             5             2017          7 
 12408.22      11            6             5             2017          7 
 12594.69      12            6             5             2017          7 
 12584.9       13            6             5             2017          7 
 12619.99      14            6             5             2017          7 
 12542.15      15            6             5             2017          7 
 12478.67      16            6             5             2017          7 
 12235.25      17            6             5             2017          7 
 12335.6       18            6             5             2017          7 
 12434.39      19            6             5             2017          7 
 12811.96      20            6             5             2017          7 
 13200.19      21            6             5             2017          7 
 13517.88      22            6             5             2017          7 
 13330.95      23            6             5             2017          7 
 12984.64      0             7             5             2017          1 
 12241.5       1             7             5             2017          1 
 11623.39      2             7             5             2017          1 
 11354.25      3             7             5             2017          1 
 11615.22      4             7             5             2017          1 
 12397.35      5             7             5             2017          1 
 13458.34      6             7             5             2017          1 
 14531         7             7             5             2017          1 
 15194.19      8             7             5             2017          1 
 15449.1       9             7             5             2017          1 
 15204.29      10            7             5             2017          1 
 14873.34      11            7             5             2017          1 
 14453.14      12            7             5             2017          1 
 14256.94      13            7             5             2017          1 
 14094.4       14            7             5             2017          1 
 14181.78      15            7             5             2017          1 
 14197.35      16            7             5             2017          1 
 14309.49      17            7             5             2017          1 
 14487.49      18            7             5             2017          1 
 14488.65      19            7             5             2017          1 
 14463.92      20            7             5             2017          1 
 14204.76      21            7             5             2017          1 
 13748.74      22            7             5             2017          1 
 12998.31      23            7             5             2017          1 
 12272.04      0             8             5             2017          2 
 11493.14      1             8             5             2017          2 
 10905.9       2             8             5             2017          2 
 10848.36      3             8             5             2017          2 
 11197.2       4             8             5             2017          2 
 11920.51      5             8             5             2017          2 
 12873.44      6             8             5             2017          2 
 13634.46      7             8             5             2017          2 
 14079.25      8             8             5             2017          2 
 14169.99      9             8             5             2017          2 
 13986.3       10            8             5             2017          2 
 13491.55      11            8             5             2017          2 
 13265.83      12            8             5             2017          2 
 12898.24      13            8             5             2017          2 
 12731.39      14            8             5             2017          2 
 12835.94      15            8             5             2017          2 
 12886.97      16            8             5             2017          2 
 13200.69      17            8             5             2017          2 
 13471.22      18            8             5             2017          2 
 14009.2       19            8             5             2017          2 
 14129.84      20            8             5             2017          2 
 14518.63      21            8             5             2017          2 
 14300.66      22            8             5             2017          2 
 14061.56      23            8             5             2017          2 
 13237.15      0             9             5             2017          3 
 12513.74      1             9             5             2017          3 
 11704.6       2             9             5             2017          3 
 11382.44      3             9             5             2017          3 
 11654.75      4             9             5             2017          3 
 12414.92      5             9             5             2017          3 
 13476.3       6             9             5             2017          3 
 14469.67      7             9             5             2017          3 
 15252.45      8             9             5             2017          3 
 15388.08      9             9             5             2017          3 
 15223.58      10            9             5             2017          3 
 14764.66      11            9             5             2017          3 
 14205         12            9             5             2017          3 
 13717.69      13            9             5             2017          3 
 13642.08      14            9             5             2017          3 
 13587.45      15            9             5             2017          3 
 14031.6       16            9             5             2017          3 
 14549.49      17            9             5             2017          3 
 15156.96      18            9             5             2017          3 
 15441.3       19            9             5             2017          3 
 15600.78      20            9             5             2017          3 
 15209.64      21            9             5             2017          3 
 14544.1       22            9             5             2017          3 
 13608.56      23            9             5             2017          3 
 12563.47      0             10            5             2017          4 
 11619.04      1             10            5             2017          4 
 10926.54      2             10            5             2017          4 
 10825.55      3             10            5             2017          4 
 11037.16      4             10            5             2017          4 
 12031.28      5             10            5             2017          4 
 12970.78      6             10            5             2017          4 
 14122.03      7             10            5             2017          4 
 14686.25      8             10            5             2017          4 
 15032.83      9             10            5             2017          4 
 14774.09      10            10            5             2017          4 
 14605.39      11            10            5             2017          4 
 14142.44      12            10            5             2017          4 
 14012.01      13            10            5             2017          4 
 13977.49      14            10            5             2017          4 
 13993.84      15            10            5             2017          4 
 14182.65      16            10            5             2017          4 
 14519.81      17            10            5             2017          4 
 14778.67      18            10            5             2017          4 
 15016.26      19            10            5             2017          4 
 15075.89      20            10            5             2017          4 
 14773.05      21            10            5             2017          4 
 14101.8       22            10            5             2017          4 
 13346.72      23            10            5             2017          4 
 12469.22      0             11            5             2017          5 
 11785.34      1             11            5             2017          5 
 11429.79      2             11            5             2017          5 
 11462.99      3             11            5             2017          5 
 12103.86      4             11            5             2017          5 
 12774.17      5             11            5             2017          5 
 13970.81      6             11            5             2017          5 
 14695.28      7             11            5             2017          5 
 15318.81      8             11            5             2017          5 
 15399.11      9             11            5             2017          5 
 15476.56      10            11            5             2017          5 
 15147.31      11            11            5             2017          5 
 15179.66      12            11            5             2017          5 
 15008.21      13            11            5             2017          5 
 15008.15      14            11            5             2017          5 
 14904.86      15            11            5             2017          5 
 14833.84      16            11            5             2017          5 
 14801.78      17            11            5             2017          5 
 14871.64      18            11            5             2017          5 
 14821.42      19            11            5             2017          5 
 14786.76      20            11            5             2017          5 
 14451.63      21            11            5             2017          5 
 13883.29      22            11            5             2017          5 
 13214.7       23            11            5             2017          5 
 12353.59      0             12            5             2017          6 
 11594.7       1             12            5             2017          6 
 10993.74      2             12            5             2017          6 
 10726.03      3             12            5             2017          6 
 10861.03      4             12            5             2017          6 
 11476.01      5             12            5             2017          6 
 12341.91      6             12            5             2017          6 
 13377.16      7             12            5             2017          6 
 14293.99      8             12            5             2017          6 
 15076.56      9             12            5             2017          6 
 15521.24      10            12            5             2017          6 
 15820.4       11            12            5             2017          6 
 15934.1       12            12            5             2017          6 
 16079.64      13            12            5             2017          6 
 16112.13      14            12            5             2017          6 
 16533.03      15            12            5             2017          6 
 16597.29      16            12            5             2017          6 
 16643.7       17            12            5             2017          6 
 16417.97      18            12            5             2017          6 
 15719.25      19            12            5             2017          6 
 14623.1       20            12            5             2017          6 
 13558.34      21            12            5             2017          6 
 12304.3       22            12            5             2017          6 
 11202.47      23            12            5             2017          6 
 10476.75      0             13            5             2017          7 
 9814.725      1             13            5             2017          7 
 9488.938      2             13            5             2017          7 
 9520.987      3             13            5             2017          7 
 9710.112      4             13            5             2017          7 
 10286.95      5             13            5             2017          7 
 11014.14      6             13            5             2017          7 
 11797.4       7             13            5             2017          7 
 12470.1       8             13            5             2017          7 
 13088.89      9             13            5             2017          7 
 13330.39      10            13            5             2017          7 
 13381.95      11            13            5             2017          7 
 13383.47      12            13            5             2017          7 
 13153.21      13            13            5             2017          7 
 12993.86      14            13            5             2017          7 
 12738.75      15            13            5             2017          7 
 12669.44      16            13            5             2017          7 
 12560.88      17            13            5             2017          7 
 12829.29      18            13            5             2017          7 
 13032.59      19            13            5             2017          7 
 13348.4       20            13            5             2017          7 
 13446.42      21            13            5             2017          7 
 13370.6       22            13            5             2017          7 
 12950.28      23            13            5             2017          7 
 12423.66      0             14            5             2017          1 
 11818.09      1             14            5             2017          1 
 11366.54      2             14            5             2017          1 
 11282.76      3             14            5             2017          1 
 11656.5       4             14            5             2017          1 
 12316.65      5             14            5             2017          1 
 13190.86      6             14            5             2017          1 
 14023.63      7             14            5             2017          1 
 14597.08      8             14            5             2017          1 
 14913.29      9             14            5             2017          1 
 15009.49      10            14            5             2017          1 
 15049.46      11            14            5             2017          1 
 14944.99      12            14            5             2017          1 
 14865.49      13            14            5             2017          1 
 14634.59      14            14            5             2017          1 
 14520.53      15            14            5             2017          1 
 14350.29      16            14            5             2017          1 
 14389.75      17            14            5             2017          1 
 14527.54      18            14            5             2017          1 
 14710.95      19            14            5             2017          1 
 14798.24      20            14            5             2017          1 
 14780.24      21            14            5             2017          1 
 14444.61      22            14            5             2017          1 
 13826.19      23            14            5             2017          1 
 13001.79      0             15            5             2017          2 
 11977.42      1             15            5             2017          2 
 11248.86      2             15            5             2017          2 
 10905.22      3             15            5             2017          2 
 11251.24      4             15            5             2017          2 
 12019.34      5             15            5             2017          2 
 13298.69      6             15            5             2017          2 
 14214.39      7             15            5             2017          2 
 14989.86      8             15            5             2017          2 
 15159.94      9             15            5             2017          2 
 15105.24      10            15            5             2017          2 
 14833.99      11            15            5             2017          2 
 14733.2       12            15            5             2017          2 
 14613.51      13            15            5             2017          2 
 14628.64      14            15            5             2017          2 
 14630.67      15            15            5             2017          2 
 14601.26      16            15            5             2017          2 
 14744.86      17            15            5             2017          2 
 14955.16      18            15            5             2017          2 
 15078.3       19            15            5             2017          2 
 15252.69      20            15            5             2017          2 
 15053.22      21            15            5             2017          2 
 14576.06      22            15            5             2017          2 
 13841.22      23            15            5             2017          2 
 13059.38      0             16            5             2017          3 
 12199.72      1             16            5             2017          3 
 11675.16      2             16            5             2017          3 
 11465.13      3             16            5             2017          3 
 11885.9       4             16            5             2017          3 
 12438.41      5             16            5             2017          3 
 13520.72      6             16            5             2017          3 
 14300.3       7             16            5             2017          3 
 14953.64      8             16            5             2017          3 
 15050.19      9             16            5             2017          3 
 15078         10            16            5             2017          3 
 14657.88      11            16            5             2017          3 
 14445.15      12            16            5             2017          3 
 14234.78      13            16            5             2017          3 
 14096.36      14            16            5             2017          3 
 14212.01      15            16            5             2017          3 
 14322.1       16            16            5             2017          3 
 14667.42      17            16            5             2017          3 
 14818.19      18            16            5             2017          3 
 15057.83      19            16            5             2017          3 
 15016.31      20            16            5             2017          3 
 14807.01      21            16            5             2017          3 
 14372.59      22            16            5             2017          3 
 13706.19      23            16            5             2017          3 
 12920.91      0             17            5             2017          4 
 12030.11      1             17            5             2017          4 
 11472.58      2             17            5             2017          4 
 11153.31      3             17            5             2017          4 
 11624.03      4             17            5             2017          4 
 12202.33      5             17            5             2017          4 
 13321.99      6             17            5             2017          4 
 14051.92      7             17            5             2017          4 
 14522.22      8             17            5             2017          4 
 14556.47      9             17            5             2017          4 
 14512.06      10            17            5             2017          4 
 14160.71      11            17            5             2017          4 
 14126.11      12            17            5             2017          4 
 14180.86      13            17            5             2017          4 
 14231.49      14            17            5             2017          4 
 14458.58      15            17            5             2017          4 
 14704.99      16            17            5             2017          4 
 14701.39      17            17            5             2017          4 
 14755.49      18            17            5             2017          4 
 14774.66      19            17            5             2017          4 
 14522.86      20            17            5             2017          4 
 14305.66      21            17            5             2017          4 
 13976.61      22            17            5             2017          4 
 13392.49      23            17            5             2017          4 
 12672.89      0             18            5             2017          5 
 12142.44      1             18            5             2017          5 
 11446.09      2             18            5             2017          5 
 11392.54      3             18            5             2017          5 
 11695.59      4             18            5             2017          5 
 12393.14      5             18            5             2017          5 
 13355.42      6             18            5             2017          5 
 14322.31      7             18            5             2017          5 
 14901.8       8             18            5             2017          5 
 15296.76      9             18            5             2017          5 
 15223.8       10            18            5             2017          5 
 14931.44      11            18            5             2017          5 
 14695.34      12            18            5             2017          5 
 14468.08      13            18            5             2017          5 
 14518.28      14            18            5             2017          5 
 14664.1       15            18            5             2017          5 
 14949.03      16            18            5             2017          5 
 15309.04      17            18            5             2017          5 
 15650.64      18            18            5             2017          5 
 15661.45      19            18            5             2017          5 
 15702.33      20            18            5             2017          5 
 15231.72      21            18            5             2017          5 
 14611.56      22            18            5             2017          5 
 13776.3       23            18            5             2017          5 
 12913.94      0             19            5             2017          6 
 12009.17      1             19            5             2017          6 
 11442.46      2             19            5             2017          6 
 11005.13      3             19            5             2017          6 
 11100.6       4             19            5             2017          6 
 11491.24      5             19            5             2017          6 
 12284.64      6             19            5             2017          6 
 13184.56      7             19            5             2017          6 
 14133.05      8             19            5             2017          6 
 14933.59      9             19            5             2017          6 
 15628.24      10            19            5             2017          6 
 16189.44      11            19            5             2017          6 
 16698.45      12            19            5             2017          6 
 17131.51      13            19            5             2017          6 
 17478.63      14            19            5             2017          6 
 17778.93      15            19            5             2017          6 
 17739.34      16            19            5             2017          6 
 17353.75      17            19            5             2017          6 
 16680.49      18            19            5             2017          6 
 15634.05      19            19            5             2017          6 
 14406.46      20            19            5             2017          6 
 13226.67      21            19            5             2017          6 
 12178.03      22            19            5             2017          6 
 11204.46      23            19            5             2017          6 
 10447.2       0             20            5             2017          7 
 9869.063      1             20            5             2017          7 
 9391.875      2             20            5             2017          7 
 9255.6        3             20            5             2017          7 
 9402.95       4             20            5             2017          7 
 9908.4        5             20            5             2017          7 
 10488.26      6             20            5             2017          7 
 11234.39      7             20            5             2017          7 
 11893.81      8             20            5             2017          7 
 12426.89      9             20            5             2017          7 
 12818.13      10            20            5             2017          7 
 13044.91      11            20            5             2017          7 
 13141.81      12            20            5             2017          7 
 13022.95      13            20            5             2017          7 
 12793.04      14            20            5             2017          7 
 12582.66      15            20            5             2017          7 
 12307.26      16            20            5             2017          7 
 12248.5       17            20            5             2017          7 
 12646.66      18            20            5             2017          7 
 13107.11      19            20            5             2017          7 
 13639.96      20            20            5             2017          7 
 14041.95      21            20            5             2017          7 
 14048.06      22            20            5             2017          7 
 13429.59      23            20            5             2017          7 
 12654         0             21            5             2017          1 
 11648.65      1             21            5             2017          1 
 10813.46      2             21            5             2017          1 
 10489.42      3             21            5             2017          1 
 10867.78      4             21            5             2017          1 
 11714.21      5             21            5             2017          1 
 12892.15      6             21            5             2017          1 
 14051.74      7             21            5             2017          1 
 14829.89      8             21            5             2017          1 
 15183.25      9             21            5             2017          1 
 15066.71      10            21            5             2017          1 
 14888.47      11            21            5             2017          1 
 14420.2       12            21            5             2017          1 
 14233.19      13            21            5             2017          1 
 13848.06      14            21            5             2017          1 
 13874.11      15            21            5             2017          1 
 13753.04      16            21            5             2017          1 
 14149         17            21            5             2017          1 
 14298.46      18            21            5             2017          1 
 14545.04      19            21            5             2017          1 
 14459.44      20            21            5             2017          1 
 14221.95      21            21            5             2017          1 
 13599.92      22            21            5             2017          1 
 13061.38      23            21            5             2017          1 
 12389.65      0             22            5             2017          2 
 11863.36      1             22            5             2017          2 
 11397.86      2             22            5             2017          2 
 11343.17      3             22            5             2017          2 
 11525.67      4             22            5             2017          2 
 12095.45      5             22            5             2017          2 
 12803.76      6             22            5             2017          2 
 13639.54      7             22            5             2017          2 
 14062.25      8             22            5             2017          2 
 14454.08      9             22            5             2017          2 
 14524.64      10            22            5             2017          2 
 14459.2       11            22            5             2017          2 
 14343.45      12            22            5             2017          2 
 14341.85      13            22            5             2017          2 
 14107.04      14            22            5             2017          2 
 14259.54      15            22            5             2017          2 
 14463.85      16            22            5             2017          2 
 14757.51      17            22            5             2017          2 
 15284.75      18            22            5             2017          2 
 15627.24      19            22            5             2017          2 
 15629.88      20            22            5             2017          2 
 15380.63      21            22            5             2017          2 
 15442.89      22            22            5             2017          2 
 14440.97      23            22            5             2017          2 
 14156.2       0             23            5             2017          3 
 13109.88      1             23            5             2017          3 
 12459         2             23            5             2017          3 
 11629.26      3             23            5             2017          3 
 12005.76      4             23            5             2017          3 
 12240.1       5             23            5             2017          3 
 13286.51      6             23            5             2017          3 
 14230.8       7             23            5             2017          3 
 14685.09      8             23            5             2017          3 
 14891.74      9             23            5             2017          3 
 14666.35      10            23            5             2017          3 
 14465.83      11            23            5             2017          3 
 14119.81      12            23            5             2017          3 
 13990.35      13            23            5             2017          3 
 13624.72      14            23            5             2017          3 
 13603.25      15            23            5             2017          3 
 13650.44      16            23            5             2017          3 
 13885.44      17            23            5             2017          3 
 14265.64      18            23            5             2017          3 
 14737.99      19            23            5             2017          3 
 14780.97      20            23            5             2017          3 
 14637.92      21            23            5             2017          3 
 14135.9       22            23            5             2017          3 
 13319.85      23            23            5             2017          3 
 12450.59      0             24            5             2017          4 
 11652.4       1             24            5             2017          4 
 11095.58      2             24            5             2017          4 
 10919.1       3             24            5             2017          4 
 11288.35      4             24            5             2017          4 
 11912.06      5             24            5             2017          4 
 12762.63      6             24            5             2017          4 
 13437.15      7             24            5             2017          4 
 13928.61      8             24            5             2017          4 
 14068.45      9             24            5             2017          4 
 14223.6       10            24            5             2017          4 
 14253.56      11            24            5             2017          4 
 14286.53      12            24            5             2017          4 
 14329.3       13            24            5             2017          4 
 14266         14            24            5             2017          4 
 14103.47      15            24            5             2017          4 
 14098.19      16            24            5             2017          4 
 14156.36      17            24            5             2017          4 
 14368.69      18            24            5             2017          4 
 14562.19      19            24            5             2017          4 
 14670.65      20            24            5             2017          4 
 14469.6       21            24            5             2017          4 
 14066.46      22            24            5             2017          4 
 13414.75      23            24            5             2017          4 
 12732.46      0             25            5             2017          5 
 12071.15      1             25            5             2017          5 
 11638.51      2             25            5             2017          5 
 11568.08      3             25            5             2017          5 
 11949.38      4             25            5             2017          5 
 12487.83      5             25            5             2017          5 
 13430.19      6             25            5             2017          5 
 14035.44      7             25            5             2017          5 
 14636.83      8             25            5             2017          5 
 14749.97      9             25            5             2017          5 
 14935.21      10            25            5             2017          5 
 14702.15      11            25            5             2017          5 
 14744.55      12            25            5             2017          5 
 14461.22      13            25            5             2017          5 
 14608.08      14            25            5             2017          5 
 14448.4       15            25            5             2017          5 
 14770.25      16            25            5             2017          5 
 14844.29      17            25            5             2017          5 
 15280.39      18            25            5             2017          5 
 15122         19            25            5             2017          5 
 15073.42      20            25            5             2017          5 
 14491.88      21            25            5             2017          5 
 13677.06      22            25            5             2017          5 
 12728.89      23            25            5             2017          5 
 11734.58      0             26            5             2017          6 
 11077.5       1             26            5             2017          6 
 10380.14      2             26            5             2017          6 
 10366.97      3             26            5             2017          6 
 10507.14      4             26            5             2017          6 
 11098.09      5             26            5             2017          6 
 11859.6       6             26            5             2017          6 
 12796.41      7             26            5             2017          6 
 13844.09      8             26            5             2017          6 
 14562.47      9             26            5             2017          6 
 15485.69      10            26            5             2017          6 
 15977.75      11            26            5             2017          6 
 16611.28      12            26            5             2017          6 
 16961.69      13            26            5             2017          6 
 17548.57      14            26            5             2017          6 
 18061.84      15            26            5             2017          6 
 18414.26      16            26            5             2017          6 
 18328.72      17            26            5             2017          6 
 17844.25      18            26            5             2017          6 
 16599.44      19            26            5             2017          6 
 15097.63      20            26            5             2017          6 
 13486.3       21            26            5             2017          6 
 12177.75      22            26            5             2017          6 
 11081.46      23            26            5             2017          6 
 10441.34      0             27            5             2017          7 
 9922.388      1             27            5             2017          7 
 9617.4        2             27            5             2017          7 
 9289.675      3             27            5             2017          7 
 9292.162      4             27            5             2017          7 
 9480.688      5             27            5             2017          7 
 9789.85       6             27            5             2017          7 
 10409.94      7             27            5             2017          7 
 11051.83      8             27            5             2017          7 
 11737.14      9             27            5             2017          7 
 12354.64      10            27            5             2017          7 
 12855.99      11            27            5             2017          7 
 12959.56      12            27            5             2017          7 
 13066.25      13            27            5             2017          7 
 12839.5       14            27            5             2017          7 
 12676.97      15            27            5             2017          7 
 12748.55      16            27            5             2017          7 
 12848.72      17            27            5             2017          7 
 13413.06      18            27            5             2017          7 
 13774.92      19            27            5             2017          7 
 14281.36      20            27            5             2017          7 
 14304.31      21            27            5             2017          7 
 14222.8       22            27            5             2017          7 
 13588.92      23            27            5             2017          7 
 12989.31      0             28            5             2017          1 
 12241.47      1             28            5             2017          1 
 11625.64      2             28            5             2017          1 
 11456.53      3             28            5             2017          1 
 11759.36      4             28            5             2017          1 
 12402.69      5             28            5             2017          1 
 13436.69      6             28            5             2017          1 
 14484.97      7             28            5             2017          1 
 15142.99      8             28            5             2017          1 
 15426.58      9             28            5             2017          1 
 15350.49      10            28            5             2017          1 
 14836.45      11            28            5             2017          1 
 14303.9       12            28            5             2017          1 
 13913.28      13            28            5             2017          1 
 13540.38      14            28            5             2017          1 
 13564.01      15            28            5             2017          1 
 13679.59      16            28            5             2017          1 
 14008.6       17            28            5             2017          1 
 14287.95      18            28            5             2017          1 
 14642.66      19            28            5             2017          1 
 14676.81      20            28            5             2017          1 
 14620.19      21            28            5             2017          1 
 14205.3       22            28            5             2017          1 
 13737.74      23            28            5             2017          1 
 13025.05      0             29            5             2017          2 
 12343.54      1             29            5             2017          2 
 11799.25      2             29            5             2017          2 
 11469.19      3             29            5             2017          2 
 11647.41      4             29            5             2017          2 
 12050.33      5             29            5             2017          2 
 12843.9       6             29            5             2017          2 
 13446.65      7             29            5             2017          2 
 14029.39      8             29            5             2017          2 
 14330.51      9             29            5             2017          2 
 14570.6       10            29            5             2017          2 
 14556.96      11            29            5             2017          2 
 14653.08      12            29            5             2017          2 
 14596.13      13            29            5             2017          2 
 14522.17      14            29            5             2017          2 
 14498.53      15            29            5             2017          2 
 14642.63      16            29            5             2017          2 
 14805.29      17            29            5             2017          2 
 15125.71      18            29            5             2017          2 
 15269.09      19            29            5             2017          2 
 15130.95      20            29            5             2017          2 
 14830.25      21            29            5             2017          2 
 14208.85      22            29            5             2017          2 
 13548.53      23            29            5             2017          2 
 12853.53      0             30            5             2017          3 
 12339.86      1             30            5             2017          3 
 11915.31      2             30            5             2017          3 
 11974.25      3             30            5             2017          3 
 12275.41      4             30            5             2017          3 
 12985.54      5             30            5             2017          3 
 13895.7       6             30            5             2017          3 
 14879.09      7             30            5             2017          3 
 15735.04      8             30            5             2017          3 
 16354.99      9             30            5             2017          3 
 16777.19      10            30            5             2017          3 
 16980.7       11            30            5             2017          3 
 17108.25      12            30            5             2017          3 
 17169.19      13            30            5             2017          3 
 17485.14      14            30            5             2017          3 
 17841.29      15            30            5             2017          3 
 18128.43      16            30            5             2017          3 
 18183.7       17            30            5             2017          3 
 17801.79      18            30            5             2017          3 
 16850.3       19            30            5             2017          3 
 15576.66      20            30            5             2017          3 
 14352.64      21            30            5             2017          3 
 13141.53      22            30            5             2017          3 
 12230.54      23            30            5             2017          3 
 11599.4       0             31            5             2017          4 
 11129.75      1             31            5             2017          4 
 10689.74      2             31            5             2017          4 
 10557.96      3             31            5             2017          4 
 10551.92      4             31            5             2017          4 
 10836.66      5             31            5             2017          4 
 11214.67      6             31            5             2017          4 
 11716.97      7             31            5             2017          4 
 12174.45      8             31            5             2017          4 
 12601.39      9             31            5             2017          4 
 12906.91      10            31            5             2017          4 
 13167.46      11            31            5             2017          4 
 13323.75      12            31            5             2017          4 
 13349.9       13            31            5             2017          4 
 13364.46      14            31            5             2017          4 
 13276.92      15            31            5             2017          4 
 13224.99      16            31            5             2017          4 
 13244.63      17            31            5             2017          4 
 13466.26      18            31            5             2017          4 
 13657.24      19            31            5             2017          4 
 13985.7       20            31            5             2017          4 
 14126.88      21            31            5             2017          4 
 14123.79      22            31            5             2017          4 
 13873.55      23            31            5             2017          4 
