 10986.42      0             1             4             2019          2 
 10129.17      1             1             4             2019          2 
 9119.35       2             1             4             2019          2 
 8548.65       3             1             4             2019          2 
 8321.213      4             1             4             2019          2 
 8632.463      5             1             4             2019          2 
 9342.938      6             1             4             2019          2 
 10084.51      7             1             4             2019          2 
 10785.45      8             1             4             2019          2 
 11194.2       9             1             4             2019          2 
 11533.41      10            1             4             2019          2 
 11474.05      11            1             4             2019          2 
 11486.13      12            1             4             2019          2 
 11299.69      13            1             4             2019          2 
 11149         14            1             4             2019          2 
 11184.96      15            1             4             2019          2 
 11407.5       16            1             4             2019          2 
 11838.03      17            1             4             2019          2 
 12435.84      18            1             4             2019          2 
 12972.5       19            1             4             2019          2 
 13295.29      20            1             4             2019          2 
 13210.08      21            1             4             2019          2 
 12766.34      22            1             4             2019          2 
 11905.44      23            1             4             2019          2 
 10860.94      0             2             4             2019          3 
 9799.95       1             2             4             2019          3 
 8943.9        2             2             4             2019          3 
 8439.713      3             2             4             2019          3 
 8484.125      4             2             4             2019          3 
 8813.263      5             2             4             2019          3 
 9530.588      6             2             4             2019          3 
 10272.65      7             2             4             2019          3 
 10966.2       8             2             4             2019          3 
 11349.34      9             2             4             2019          3 
 11795.44      10            2             4             2019          3 
 11780.55      11            2             4             2019          3 
 11898.5       12            2             4             2019          3 
 11849.29      13            2             4             2019          3 
 11882.58      14            2             4             2019          3 
 12005.46      15            2             4             2019          3 
 12260.06      16            2             4             2019          3 
 12626.15      17            2             4             2019          3 
 12984.1       18            2             4             2019          3 
 13311.35      19            2             4             2019          3 
 13247.74      20            2             4             2019          3 
 13164.42      21            2             4             2019          3 
 12553.97      22            2             4             2019          3 
 11754.95      23            2             4             2019          3 
 10679.03      0             3             4             2019          4 
 9625.813      1             3             4             2019          4 
 8572.35       2             3             4             2019          4 
 8031.675      3             3             4             2019          4 
 7951.125      4             3             4             2019          4 
 8424.313      5             3             4             2019          4 
 9108.8        6             3             4             2019          4 
 10052.41      7             3             4             2019          4 
 10751.66      8             3             4             2019          4 
 11265.28      9             3             4             2019          4 
 11639.49      10            3             4             2019          4 
 11847.38      11            3             4             2019          4 
 11864.21      12            3             4             2019          4 
 12022.81      13            3             4             2019          4 
 12124.3       14            3             4             2019          4 
 12274.74      15            3             4             2019          4 
 12583.59      16            3             4             2019          4 
 13051.47      17            3             4             2019          4 
 13346.19      18            3             4             2019          4 
 13810.29      19            3             4             2019          4 
 13892.95      20            3             4             2019          4 
 13796.58      21            3             4             2019          4 
 13226.6       22            3             4             2019          4 
 12369.1       23            3             4             2019          4 
 11301.59      0             4             4             2019          5 
 10123.75      1             4             4             2019          5 
 9238.537      2             4             4             2019          5 
 8599.6        3             4             4             2019          5 
 8548.963      4             4             4             2019          5 
 8738.037      5             4             4             2019          5 
 9374.388      6             4             4             2019          5 
 10082.6       7             4             4             2019          5 
 10828.96      8             4             4             2019          5 
 11463.06      9             4             4             2019          5 
 11959.14      10            4             4             2019          5 
 12358.75      11            4             4             2019          5 
 12404.25      12            4             4             2019          5 
 12564.24      13            4             4             2019          5 
 12488.13      14            4             4             2019          5 
 12479.67      15            4             4             2019          5 
 12471.79      16            4             4             2019          5 
 12697.84      17            4             4             2019          5 
 12695.75      18            4             4             2019          5 
 12983.19      19            4             4             2019          5 
 12921.44      20            4             4             2019          5 
 12750.4       21            4             4             2019          5 
 12242.91      22            4             4             2019          5 
 11561.47      23            4             4             2019          5 
 10574.75      0             5             4             2019          6 
 9743.013      1             5             4             2019          6 
 8936.75       2             5             4             2019          6 
 8424.175      3             5             4             2019          6 
 8312.162      4             5             4             2019          6 
 8552.938      5             5             4             2019          6 
 9245.875      6             5             4             2019          6 
 10280.95      7             5             4             2019          6 
 11450.76      8             5             4             2019          6 
 12626.22      9             5             4             2019          6 
 13710.65      10            5             4             2019          6 
 14454.66      11            5             4             2019          6 
 15042.19      12            5             4             2019          6 
 15472.03      13            5             4             2019          6 
 15898.72      14            5             4             2019          6 
 16301.91      15            5             4             2019          6 
 16338.94      16            5             4             2019          6 
 16168.35      17            5             4             2019          6 
 15386.78      18            5             4             2019          6 
 14469.05      19            5             4             2019          6 
 13133.46      20            5             4             2019          6 
 12183.38      21            5             4             2019          6 
 10880.61      22            5             4             2019          6 
 10026.36      23            5             4             2019          6 
 8977.375      0             6             4             2019          7 
 8256.713      1             6             4             2019          7 
 7508.5        2             6             4             2019          7 
 7285.087      3             6             4             2019          7 
 7335.788      4             6             4             2019          7 
 7688.513      5             6             4             2019          7 
 8308.15       6             6             4             2019          7 
 8968.525      7             6             4             2019          7 
 9776.963      8             6             4             2019          7 
 10331.19      9             6             4             2019          7 
 10982.54      10            6             4             2019          7 
 11334.79      11            6             4             2019          7 
 11533.61      12            6             4             2019          7 
 11549.01      13            6             4             2019          7 
 11477.97      14            6             4             2019          7 
 11252.04      15            6             4             2019          7 
 11089.79      16            6             4             2019          7 
 11360.64      17            6             4             2019          7 
 11568.31      18            6             4             2019          7 
 12223.34      19            6             4             2019          7 
 12717.76      20            6             4             2019          7 
 13134.7       21            6             4             2019          7 
 12970.46      22            6             4             2019          7 
 12563.29      23            6             4             2019          7 
 11558.85      0             7             4             2019          1 
 10527.2       1             7             4             2019          1 
 9323.912      2             7             4             2019          1 
 8666.063      3             7             4             2019          1 
 8530          4             7             4             2019          1 
 9013.588      5             7             4             2019          1 
 9948.75       6             7             4             2019          1 
 11181.53      7             7             4             2019          1 
 12231.91      8             7             4             2019          1 
 12965.53      9             7             4             2019          1 
 13525.64      10            7             4             2019          1 
 13849.49      11            7             4             2019          1 
 13933.47      12            7             4             2019          1 
 14050.25      13            7             4             2019          1 
 14101.3       14            7             4             2019          1 
 14135.51      15            7             4             2019          1 
 14152.41      16            7             4             2019          1 
 14281.61      17            7             4             2019          1 
 14236         18            7             4             2019          1 
 14141.59      19            7             4             2019          1 
 13840.6       20            7             4             2019          1 
 13391.63      21            7             4             2019          1 
 12739.4       22            7             4             2019          1 
 11925.65      23            7             4             2019          1 
 10990         0             8             4             2019          2 
 10013.91      1             8             4             2019          2 
 9207.7        2             8             4             2019          2 
 8706.938      3             8             4             2019          2 
 8872.537      4             8             4             2019          2 
 9471.225      5             8             4             2019          2 
 10583.15      6             8             4             2019          2 
 11629.88      7             8             4             2019          2 
 12667.42      8             8             4             2019          2 
 13128.75      9             8             4             2019          2 
 13425.71      10            8             4             2019          2 
 13261.88      11            8             4             2019          2 
 13163.29      12            8             4             2019          2 
 12979.46      13            8             4             2019          2 
 12925.11      14            8             4             2019          2 
 12939.38      15            8             4             2019          2 
 13030.25      16            8             4             2019          2 
 13061.76      17            8             4             2019          2 
 13182.3       18            8             4             2019          2 
 13382.36      19            8             4             2019          2 
 13307.59      20            8             4             2019          2 
 13229.55      21            8             4             2019          2 
 12856.09      22            8             4             2019          2 
 12047.26      23            8             4             2019          2 
 11093.59      0             9             4             2019          3 
 9997.362      1             9             4             2019          3 
 9035.15       2             9             4             2019          3 
 8380.912      3             9             4             2019          3 
 8330.338      4             9             4             2019          3 
 8529.05       5             9             4             2019          3 
 9410.862      6             9             4             2019          3 
 10358.6       7             9             4             2019          3 
 11451.33      8             9             4             2019          3 
 12428.74      9             9             4             2019          3 
 13135.55      10            9             4             2019          3 
 13477.83      11            9             4             2019          3 
 13532.66      12            9             4             2019          3 
 13449.79      13            9             4             2019          3 
 13259.67      14            9             4             2019          3 
 13166.89      15            9             4             2019          3 
 13305.29      16            9             4             2019          3 
 13501.67      17            9             4             2019          3 
 13678.16      18            9             4             2019          3 
 13852.61      19            9             4             2019          3 
 13786.96      20            9             4             2019          3 
 13447.42      21            9             4             2019          3 
 12924.41      22            9             4             2019          3 
 12184.1       23            9             4             2019          3 
 11201.9       0             10            4             2019          4 
 10447.47      1             10            4             2019          4 
 9550.375      2             10            4             2019          4 
 9042.588      3             10            4             2019          4 
 8931.4        4             10            4             2019          4 
 9095.888      5             10            4             2019          4 
 9611.138      6             10            4             2019          4 
 10460.76      7             10            4             2019          4 
 11172.79      8             10            4             2019          4 
 11820.08      9             10            4             2019          4 
 12425.25      10            10            4             2019          4 
 12578.19      11            10            4             2019          4 
 12644.4       12            10            4             2019          4 
 12709.5       13            10            4             2019          4 
 12519.66      14            10            4             2019          4 
 12549.24      15            10            4             2019          4 
 12797.7       16            10            4             2019          4 
 13005.92      17            10            4             2019          4 
 13294.92      18            10            4             2019          4 
 13646.45      19            10            4             2019          4 
 13575.96      20            10            4             2019          4 
 13270.03      21            10            4             2019          4 
 12817.83      22            10            4             2019          4 
 11888.08      23            10            4             2019          4 
 10856.71      0             11            4             2019          5 
 9869.188      1             11            4             2019          5 
 9024.625      2             11            4             2019          5 
 8516.662      3             11            4             2019          5 
 8648.1        4             11            4             2019          5 
 9201.3        5             11            4             2019          5 
 10168.46      6             11            4             2019          5 
 11174.72      7             11            4             2019          5 
 12172.2       8             11            4             2019          5 
 12930.45      9             11            4             2019          5 
 13372.08      10            11            4             2019          5 
 13808.05      11            11            4             2019          5 
 13899.8       12            11            4             2019          5 
 13931.01      13            11            4             2019          5 
 13930.09      14            11            4             2019          5 
 13987.74      15            11            4             2019          5 
 13995.06      16            11            4             2019          5 
 14239.67      17            11            4             2019          5 
 14379.74      18            11            4             2019          5 
 14332.59      19            11            4             2019          5 
 14241.54      20            11            4             2019          5 
 13687.63      21            11            4             2019          5 
 13043.56      22            11            4             2019          5 
 12068.06      23            11            4             2019          5 
 11120.03      0             12            4             2019          6 
 10106.06      1             12            4             2019          6 
 9350.925      2             12            4             2019          6 
 8787.638      3             12            4             2019          6 
 8766.737      4             12            4             2019          6 
 8995.25       5             12            4             2019          6 
 9584.237      6             12            4             2019          6 
 10591.58      7             12            4             2019          6 
 11598.66      8             12            4             2019          6 
 13987.58      9             12            4             2019          6 
 16268.95      10            12            4             2019          6 
 19120.4       11            12            4             2019          6 
 21121.97      12            12            4             2019          6 
 22527.03      13            12            4             2019          6 
 22112.04      14            12            4             2019          6 
 21534.37      15            12            4             2019          6 
 19958.2       16            12            4             2019          6 
 18375.37      17            12            4             2019          6 
 17046.59      18            12            4             2019          6 
 15448.85      19            12            4             2019          6 
 14009.04      20            12            4             2019          6 
 12504.88      21            12            4             2019          6 
 11326.54      22            12            4             2019          6 
 10254.99      23            12            4             2019          6 
 9553.912      0             13            4             2019          7 
 8774.075      1             13            4             2019          7 
 8130.225      2             13            4             2019          7 
 7728          3             13            4             2019          7 
 7689.563      4             13            4             2019          7 
 8029.495      5             13            4             2019          7 
 8770.487      6             13            4             2019          7 
 9619.87       7             13            4             2019          7 
 10263.12      8             13            4             2019          7 
 10597.56      9             13            4             2019          7 
 10588.34      10            13            4             2019          7 
 10373.75      11            13            4             2019          7 
 10272.85      12            13            4             2019          7 
 10320.77      13            13            4             2019          7 
 10373.81      14            13            4             2019          7 
 10490.28      15            13            4             2019          7 
 10466.26      16            13            4             2019          7 
 10539.92      17            13            4             2019          7 
 10705.78      18            13            4             2019          7 
 11262.92      19            13            4             2019          7 
 11908.2       20            13            4             2019          7 
 12547.63      21            13            4             2019          7 
 12741.69      22            13            4             2019          7 
 12539.71      23            13            4             2019          7 
 11677.69      0             14            4             2019          1 
 10717.83      1             14            4             2019          1 
 9547.85       2             14            4             2019          1 
 8741.825      3             14            4             2019          1 
 8292.9        4             14            4             2019          1 
 8338.65       5             14            4             2019          1 
 8865.987      6             14            4             2019          1 
 9853.412      7             14            4             2019          1 
 11274.66      8             14            4             2019          1 
 12190.31      9             14            4             2019          1 
 13945.68      10            14            4             2019          1 
 13898.94      11            14            4             2019          1 
 14598.46      12            14            4             2019          1 
 14020.53      13            14            4             2019          1 
 14025.1       14            14            4             2019          1 
 13374.3       15            14            4             2019          1 
 13902.63      16            14            4             2019          1 
 13855.84      17            14            4             2019          1 
 13983.64      18            14            4             2019          1 
 14255.21      19            14            4             2019          1 
 13801.08      20            14            4             2019          1 
 13563.63      21            14            4             2019          1 
 12861.1       22            14            4             2019          1 
 12474.05      23            14            4             2019          1 
 11496.56      0             15            4             2019          2 
 10864.08      1             15            4             2019          2 
 10205.76      2             15            4             2019          2 
 9741.662      3             15            4             2019          2 
 9803.313      4             15            4             2019          2 
 10144.15      5             15            4             2019          2 
 10883.99      6             15            4             2019          2 
 11507.6       7             15            4             2019          2 
 12348.99      8             15            4             2019          2 
 12757.74      9             15            4             2019          2 
 13296.56      10            15            4             2019          2 
 13402.58      11            15            4             2019          2 
 13589.75      12            15            4             2019          2 
 13491.75      13            15            4             2019          2 
 13433.54      14            15            4             2019          2 
 13336.58      15            15            4             2019          2 
 13155.61      16            15            4             2019          2 
 13231.81      17            15            4             2019          2 
 13044.5       18            15            4             2019          2 
 13173.05      19            15            4             2019          2 
 13017.72      20            15            4             2019          2 
 12992.4       21            15            4             2019          2 
 12667.28      22            15            4             2019          2 
 12285.4       23            15            4             2019          2 
 11587.25      0             16            4             2019          3 
 10879.04      1             16            4             2019          3 
 10359.4       2             16            4             2019          3 
 9915.425      3             16            4             2019          3 
 10155.85      4             16            4             2019          3 
 10475.19      5             16            4             2019          3 
 11257.71      6             16            4             2019          3 
 11857.06      7             16            4             2019          3 
 12466.15      8             16            4             2019          3 
 12673.74      9             16            4             2019          3 
 12823.84      10            16            4             2019          3 
 12811.61      11            16            4             2019          3 
 12797.04      12            16            4             2019          3 
 12779.06      13            16            4             2019          3 
 12761.61      14            16            4             2019          3 
 12797.76      15            16            4             2019          3 
 12857.71      16            16            4             2019          3 
 13063.51      17            16            4             2019          3 
 13333.91      18            16            4             2019          3 
 13637.71      19            16            4             2019          3 
 13833.29      20            16            4             2019          3 
 13712.83      21            16            4             2019          3 
 13259.75      22            16            4             2019          3 
 12568.15      23            16            4             2019          3 
 11551.64      0             17            4             2019          4 
 10697.45      1             17            4             2019          4 
 9833.388      2             17            4             2019          4 
 9359.912      3             17            4             2019          4 
 9112.475      4             17            4             2019          4 
 9460.463      5             17            4             2019          4 
 9931.583      6             17            4             2019          4 
 10850.01      7             17            4             2019          4 
 11627.43      8             17            4             2019          4 
 12432.89      9             17            4             2019          4 
 12944.79      10            17            4             2019          4 
 13366.46      11            17            4             2019          4 
 13473.67      12            17            4             2019          4 
 13680.8       13            17            4             2019          4 
 13719.08      14            17            4             2019          4 
 13831.71      15            17            4             2019          4 
 13838.84      16            17            4             2019          4 
 13912.36      17            17            4             2019          4 
 13890.81      18            17            4             2019          4 
 13744.15      19            17            4             2019          4 
 13545.88      20            17            4             2019          4 
 13233.69      21            17            4             2019          4 
 12668.38      22            17            4             2019          4 
 11910.56      23            17            4             2019          4 
 11217.67      0             18            4             2019          5 
 10270.22      1             18            4             2019          5 
 9536.313      2             18            4             2019          5 
 9065.987      3             18            4             2019          5 
 8949.95       4             18            4             2019          5 
 9168.975      5             18            4             2019          5 
 9999.487      6             18            4             2019          5 
 11029.99      7             18            4             2019          5 
 12230.75      8             18            4             2019          5 
 13203.84      9             18            4             2019          5 
 14123.99      10            18            4             2019          5 
 14475.46      11            18            4             2019          5 
 14766.59      12            18            4             2019          5 
 14880.14      13            18            4             2019          5 
 14983.63      14            18            4             2019          5 
 15123.65      15            18            4             2019          5 
 15316.06      16            18            4             2019          5 
 15456.75      17            18            4             2019          5 
 15475.41      18            18            4             2019          5 
 15547.95      19            18            4             2019          5 
 15303.47      20            18            4             2019          5 
 14969.42      21            18            4             2019          5 
 14362.14      22            18            4             2019          5 
 13516.42      23            18            4             2019          5 
 12560.58      0             19            4             2019          6 
 11512.56      1             19            4             2019          6 
 10672.14      2             19            4             2019          6 
 9926.412      3             19            4             2019          6 
 9518.025      4             19            4             2019          6 
 9467.912      5             19            4             2019          6 
 9739.588      6             19            4             2019          6 
 10363.13      7             19            4             2019          6 
 11444.34      8             19            4             2019          6 
 12717.92      9             19            4             2019          6 
 14018.28      10            19            4             2019          6 
 15368.74      11            19            4             2019          6 
 16237.6       12            19            4             2019          6 
 16900.46      13            19            4             2019          6 
 17256.41      14            19            4             2019          6 
 17399.16      15            19            4             2019          6 
 17031.69      16            19            4             2019          6 
 16546.47      17            19            4             2019          6 
 15391.38      18            19            4             2019          6 
 14149.51      19            19            4             2019          6 
 12760.8       20            19            4             2019          6 
 11731.99      21            19            4             2019          6 
 10887.54      22            19            4             2019          6 
 10349.7       23            19            4             2019          6 
 9831.362      0             20            4             2019          7 
 9211.388      1             20            4             2019          7 
 8480.45       2             20            4             2019          7 
 7817.9        3             20            4             2019          7 
 7484.05       4             20            4             2019          7 
 7367.375      5             20            4             2019          7 
 7798.45       6             20            4             2019          7 
 8515.688      7             20            4             2019          7 
 9384.95       8             20            4             2019          7 
 10292.44      9             20            4             2019          7 
 10960.89      10            20            4             2019          7 
 11348.47      11            20            4             2019          7 
 11418.91      12            20            4             2019          7 
 11401.55      13            20            4             2019          7 
 11065.56      14            20            4             2019          7 
 11011.35      15            20            4             2019          7 
 10902.92      16            20            4             2019          7 
 11089.21      17            20            4             2019          7 
 11215.17      18            20            4             2019          7 
 11649         19            20            4             2019          7 
 11702.5       20            20            4             2019          7 
 11904.39      21            20            4             2019          7 
 11716.34      22            20            4             2019          7 
 11384.96      23            20            4             2019          7 
 10756.78      0             21            4             2019          1 
 10160.21      1             21            4             2019          1 
 9258.075      2             21            4             2019          1 
 8555.362      3             21            4             2019          1 
 8141.888      4             21            4             2019          1 
 7996.425      5             21            4             2019          1 
 8471.225      6             21            4             2019          1 
 9240.888      7             21            4             2019          1 
 10165.38      8             21            4             2019          1 
 10967.71      9             21            4             2019          1 
 11558.22      10            21            4             2019          1 
 11827.47      11            21            4             2019          1 
 11788.19      12            21            4             2019          1 
 11639.86      13            21            4             2019          1 
 11575.29      14            21            4             2019          1 
 11436.91      15            21            4             2019          1 
 11417.22      16            21            4             2019          1 
 11621.56      17            21            4             2019          1 
 11818.33      18            21            4             2019          1 
 12199.33      19            21            4             2019          1 
 12619.21      20            21            4             2019          1 
 12838.2       21            21            4             2019          1 
 12704.33      22            21            4             2019          1 
 12248.01      23            21            4             2019          1 
 11224.09      0             22            4             2019          2 
 10109.06      1             22            4             2019          2 
 9092.513      2             22            4             2019          2 
 8287.987      3             22            4             2019          2 
 7954.712      4             22            4             2019          2 
 8112.087      5             22            4             2019          2 
 8551.8        6             22            4             2019          2 
 9283.575      7             22            4             2019          2 
 10226.7       8             22            4             2019          2 
 11118.92      9             22            4             2019          2 
 11778.53      10            22            4             2019          2 
 12250.99      11            22            4             2019          2 
 12317.71      12            22            4             2019          2 
 12118.58      13            22            4             2019          2 
 11843.74      14            22            4             2019          2 
 11597.65      15            22            4             2019          2 
 11552.53      16            22            4             2019          2 
 11627.66      17            22            4             2019          2 
 11756.4       18            22            4             2019          2 
 11935.47      19            22            4             2019          2 
 12003.99      20            22            4             2019          2 
 11955.06      21            22            4             2019          2 
 11860.45      22            22            4             2019          2 
 11490.24      23            22            4             2019          2 
 10894.16      0             23            4             2019          3 
 10078.64      1             23            4             2019          3 
 8967.55       2             23            4             2019          3 
 8147.625      3             23            4             2019          3 
 7428.663      4             23            4             2019          3 
 7420.112      5             23            4             2019          3 
 7849.65       6             23            4             2019          3 
 8986.263      7             23            4             2019          3 
 9990.537      8             23            4             2019          3 
 11296.9       9             23            4             2019          3 
 12107.34      10            23            4             2019          3 
 12650.72      11            23            4             2019          3 
 12818.54      12            23            4             2019          3 
 12708.75      13            23            4             2019          3 
 12469.21      14            23            4             2019          3 
 12096.9       15            23            4             2019          3 
 11862.9       16            23            4             2019          3 
 11700.38      17            23            4             2019          3 
 11622.04      18            23            4             2019          3 
 11785.04      19            23            4             2019          3 
 11993.11      20            23            4             2019          3 
 12138.03      21            23            4             2019          3 
 12057.31      22            23            4             2019          3 
 11835.61      23            23            4             2019          3 
 11106.34      0             24            4             2019          4 
 10377.55      1             24            4             2019          4 
 9496.625      2             24            4             2019          4 
 8695.075      3             24            4             2019          4 
 8296.55       4             24            4             2019          4 
 8324.063      5             24            4             2019          4 
 8763.45       6             24            4             2019          4 
 9485.912      7             24            4             2019          4 
 10376.25      8             24            4             2019          4 
 11063.63      9             24            4             2019          4 
 11673.66      10            24            4             2019          4 
 11946.8       11            24            4             2019          4 
 12140.61      12            24            4             2019          4 
 12175.16      13            24            4             2019          4 
 12274.96      14            24            4             2019          4 
 12329.44      15            24            4             2019          4 
 12522.33      16            24            4             2019          4 
 12672.59      17            24            4             2019          4 
 12860.06      18            24            4             2019          4 
 13065.4       19            24            4             2019          4 
 13135.67      20            24            4             2019          4 
 13037.11      21            24            4             2019          4 
 12713.74      22            24            4             2019          4 
 12247.95      23            24            4             2019          4 
 11418.47      0             25            4             2019          5 
 10678.78      1             25            4             2019          5 
 9851.925      2             25            4             2019          5 
 9304.4        3             25            4             2019          5 
 9063.138      4             25            4             2019          5 
 9332.7        5             25            4             2019          5 
 10001.91      6             25            4             2019          5 
 11050.34      7             25            4             2019          5 
 12189.7       8             25            4             2019          5 
 13337.54      9             25            4             2019          5 
 14114.94      10            25            4             2019          5 
 14600.24      11            25            4             2019          5 
 14897.1       12            25            4             2019          5 
 15084.3       13            25            4             2019          5 
 15504.92      14            25            4             2019          5 
 16121.51      15            25            4             2019          5 
 16605.85      16            25            4             2019          5 
 16748.51      17            25            4             2019          5 
 16498.35      18            25            4             2019          5 
 15574.01      19            25            4             2019          5 
 14428.81      20            25            4             2019          5 
 13331.65      21            25            4             2019          5 
 12288.4       22            25            4             2019          5 
 11451.36      23            25            4             2019          5 
 10674.25      0             26            4             2019          6 
 9953.55       1             26            4             2019          6 
 9232.912      2             26            4             2019          6 
 8738.612      3             26            4             2019          6 
 8504.188      4             26            4             2019          6 
 8572.625      5             26            4             2019          6 
 8716.362      6             26            4             2019          6 
 9186.162      7             26            4             2019          6 
 9560.688      8             26            4             2019          6 
 10239.08      9             26            4             2019          6 
 10797.33      10            26            4             2019          6 
 11591.04      11            26            4             2019          6 
 11983.67      12            26            4             2019          6 
 12537.41      13            26            4             2019          6 
 12618.7       14            26            4             2019          6 
 12843.44      15            26            4             2019          6 
 12821.03      16            26            4             2019          6 
 12844.3       17            26            4             2019          6 
 12656.1       18            26            4             2019          6 
 12438.7       19            26            4             2019          6 
 12087.94      20            26            4             2019          6 
 11598.3       21            26            4             2019          6 
 11106.74      22            26            4             2019          6 
 10548.17      23            26            4             2019          6 
 10059.97      0             27            4             2019          7 
 9455.588      1             27            4             2019          7 
 9059.638      2             27            4             2019          7 
 8641.588      3             27            4             2019          7 
 8551.45       4             27            4             2019          7 
 8620.125      5             27            4             2019          7 
 9098.025      6             27            4             2019          7 
 9696.463      7             27            4             2019          7 
 10591.67      8             27            4             2019          7 
 11304.05      9             27            4             2019          7 
 12082.89      10            27            4             2019          7 
 12407.45      11            27            4             2019          7 
 12587.4       12            27            4             2019          7 
 12572.2       13            27            4             2019          7 
 12305.53      14            27            4             2019          7 
 12079.56      15            27            4             2019          7 
 11894.08      16            27            4             2019          7 
 12026.88      17            27            4             2019          7 
 12757.54      18            27            4             2019          7 
 13673.45      19            27            4             2019          7 
 14767.2       20            27            4             2019          7 
 15608.5       21            27            4             2019          7 
 15858.8       22            27            4             2019          7 
 15216.56      23            27            4             2019          7 
 14327.5       0             28            4             2019          1 
 12910.41      1             28            4             2019          1 
 11682.2       2             28            4             2019          1 
 10846.67      3             28            4             2019          1 
 10432.97      4             28            4             2019          1 
 10648.92      5             28            4             2019          1 
 11164.99      6             28            4             2019          1 
 12081.84      7             28            4             2019          1 
 12987.74      8             28            4             2019          1 
 13717.41      9             28            4             2019          1 
 14258.49      10            28            4             2019          1 
 14591.56      11            28            4             2019          1 
 14680.55      12            28            4             2019          1 
 14559.26      13            28            4             2019          1 
 14459.85      14            28            4             2019          1 
 14253.42      15            28            4             2019          1 
 14166.91      16            28            4             2019          1 
 14158.05      17            28            4             2019          1 
 14249.16      18            28            4             2019          1 
 14400.03      19            28            4             2019          1 
 14520.42      20            28            4             2019          1 
 14402.94      21            28            4             2019          1 
 14046.11      22            28            4             2019          1 
 13268.04      23            28            4             2019          1 
 12235.49      0             29            4             2019          2 
 11046.85      1             29            4             2019          2 
 10020.61      2             29            4             2019          2 
 9400.925      3             29            4             2019          2 
 9442.125      4             29            4             2019          2 
 9962.2        5             29            4             2019          2 
 10967         6             29            4             2019          2 
 12023.35      7             29            4             2019          2 
 12871.65      8             29            4             2019          2 
 13470.79      9             29            4             2019          2 
 13744.24      10            29            4             2019          2 
 13786.87      11            29            4             2019          2 
 13727.81      12            29            4             2019          2 
 13647.33      13            29            4             2019          2 
 13591.7       14            29            4             2019          2 
 13549.38      15            29            4             2019          2 
 13684.21      16            29            4             2019          2 
 13913.66      17            29            4             2019          2 
 14243.91      18            29            4             2019          2 
 14522.69      19            29            4             2019          2 
 14722.97      20            29            4             2019          2 
 14511.88      21            29            4             2019          2 
 14015.08      22            29            4             2019          2 
 13076.46      23            29            4             2019          2 
 12022.33      0             30            4             2019          3 
 10734.17      1             30            4             2019          3 
 9731.725      2             30            4             2019          3 
 9193.338      3             30            4             2019          3 
 9182.987      4             30            4             2019          3 
 9701.763      5             30            4             2019          3 
 10737.35      6             30            4             2019          3 
 11679.47      7             30            4             2019          3 
 12420.7       8             30            4             2019          3 
 12965.94      9             30            4             2019          3 
 13152.14      10            30            4             2019          3 
 13186.78      11            30            4             2019          3 
 13352.55      12            30            4             2019          3 
 13475.21      13            30            4             2019          3 
 13746.29      14            30            4             2019          3 
 13918.14      15            30            4             2019          3 
 14268.47      16            30            4             2019          3 
 14383.13      17            30            4             2019          3 
 14580.63      18            30            4             2019          3 
 14646.81      19            30            4             2019          3 
 14545.3       20            30            4             2019          3 
 14255.75      21            30            4             2019          3 
 13677.92      22            30            4             2019          3 
 12836.26      23            30            4             2019          3 
