 10790.85      0             1             3             2017          4 
 9952.963      1             1             3             2017          4 
 8899.563      2             1             3             2017          4 
 8497.362      3             1             3             2017          4 
 8359.7        4             1             3             2017          4 
 8591.237      5             1             3             2017          4 
 9286.875      6             1             3             2017          4 
 9825.4        7             1             3             2017          4 
 10332.9       8             1             3             2017          4 
 10582.5       9             1             3             2017          4 
 10831.33      10            1             3             2017          4 
 11009.86      11            1             3             2017          4 
 11349.21      12            1             3             2017          4 
 11647.38      13            1             3             2017          4 
 11865.63      14            1             3             2017          4 
 12011.2       15            1             3             2017          4 
 11954.15      16            1             3             2017          4 
 12106.13      17            1             3             2017          4 
 12134.29      18            1             3             2017          4 
 12344.24      19            1             3             2017          4 
 12412.8       20            1             3             2017          4 
 12244.34      21            1             3             2017          4 
 11836.47      22            1             3             2017          4 
 11205         23            1             3             2017          4 
 10321.31      0             2             3             2017          5 
 9481.3        1             2             3             2017          5 
 8893.475      2             2             3             2017          5 
 8574.75       3             2             3             2017          5 
 8663.5        4             2             3             2017          5 
 9283.3        5             2             3             2017          5 
 9904.537      6             2             3             2017          5 
 10793.91      7             2             3             2017          5 
 11388.14      8             2             3             2017          5 
 11904.09      9             2             3             2017          5 
 11970.15      10            2             3             2017          5 
 12095.64      11            2             3             2017          5 
 11826.44      12            2             3             2017          5 
 11809.51      13            2             3             2017          5 
 11643.89      14            2             3             2017          5 
 11735.14      15            2             3             2017          5 
 11786.1       16            2             3             2017          5 
 12167.81      17            2             3             2017          5 
 12421.08      18            2             3             2017          5 
 12897.38      19            2             3             2017          5 
 12968.75      20            2             3             2017          5 
 12881.56      21            2             3             2017          5 
 12256.74      22            2             3             2017          5 
 11482.79      23            2             3             2017          5 
 10395.49      0             3             3             2017          6 
 9531.063      1             3             3             2017          6 
 8803.362      2             3             3             2017          6 
 8292.3        3             3             3             2017          6 
 8333.275      4             3             3             2017          6 
 8573.013      5             3             3             2017          6 
 9419.35       6             3             3             2017          6 
 10184.08      7             3             3             2017          6 
 11382.26      8             3             3             2017          6 
 12060.28      9             3             3             2017          6 
 12959.8       10            3             3             2017          6 
 13419.28      11            3             3             2017          6 
 14098.47      12            3             3             2017          6 
 14746.9       13            3             3             2017          6 
 15243.5       14            3             3             2017          6 
 15527.08      15            3             3             2017          6 
 15324.99      16            3             3             2017          6 
 14753.04      17            3             3             2017          6 
 13790.54      18            3             3             2017          6 
 12972.09      19            3             3             2017          6 
 11960.1       20            3             3             2017          6 
 10988.15      21            3             3             2017          6 
 10072.61      22            3             3             2017          6 
 8957.938      23            3             3             2017          6 
 8039.913      0             4             3             2017          7 
 7153.15       1             4             3             2017          7 
 6712.125      2             4             3             2017          7 
 6468.05       3             4             3             2017          7 
 6588.212      4             4             3             2017          7 
 7045.225      5             4             3             2017          7 
 7761.825      6             4             3             2017          7 
 8696.013      7             4             3             2017          7 
 9650.375      8             4             3             2017          7 
 10647.4       9             4             3             2017          7 
 11110.91      10            4             3             2017          7 
 11522.04      11            4             3             2017          7 
 11497.14      12            4             3             2017          7 
 11513.64      13            4             3             2017          7 
 11175.41      14            4             3             2017          7 
 11275.3       15            4             3             2017          7 
 11244.3       16            4             3             2017          7 
 11578.29      17            4             3             2017          7 
 11951.95      18            4             3             2017          7 
 12554.24      19            4             3             2017          7 
 12753.79      20            4             3             2017          7 
 12886.42      21            4             3             2017          7 
 12478.13      22            4             3             2017          7 
 11778.47      23            4             3             2017          7 
 10736.39      0             5             3             2017          1 
 9743.063      1             5             3             2017          1 
 8787.05       2             5             3             2017          1 
 8283.463      3             5             3             2017          1 
 8361.763      4             5             3             2017          1 
 8994.45       5             5             3             2017          1 
 10098.71      6             5             3             2017          1 
 11143.69      7             5             3             2017          1 
 12136.78      8             5             3             2017          1 
 12500.75      9             5             3             2017          1 
 12647.44      10            5             3             2017          1 
 12573.1       11            5             3             2017          1 
 12016.21      12            5             3             2017          1 
 11742.56      13            5             3             2017          1 
 11297.11      14            5             3             2017          1 
 11189.7       15            5             3             2017          1 
 11088.05      16            5             3             2017          1 
 11680.88      17            5             3             2017          1 
 11870.08      18            5             3             2017          1 
 12415.3       19            5             3             2017          1 
 12694.97      20            5             3             2017          1 
 12588.96      21            5             3             2017          1 
 12305.86      22            5             3             2017          1 
 11728.41      23            5             3             2017          1 
 10807.88      0             6             3             2017          2 
 9793.725      1             6             3             2017          2 
 8861.675      2             6             3             2017          2 
 8237.075      3             6             3             2017          2 
 8388.05       4             6             3             2017          2 
 9061.875      5             6             3             2017          2 
 10074.79      6             6             3             2017          2 
 11207.36      7             6             3             2017          2 
 11974.22      8             6             3             2017          2 
 12263.13      9             6             3             2017          2 
 12279.22      10            6             3             2017          2 
 12017.26      11            6             3             2017          2 
 11653.75      12            6             3             2017          2 
 11452.7       13            6             3             2017          2 
 11274.89      14            6             3             2017          2 
 11216.16      15            6             3             2017          2 
 11309.58      16            6             3             2017          2 
 11658.13      17            6             3             2017          2 
 12078.26      18            6             3             2017          2 
 12563.19      19            6             3             2017          2 
 12980.08      20            6             3             2017          2 
 13046.69      21            6             3             2017          2 
 12737.8       22            6             3             2017          2 
 12122.42      23            6             3             2017          2 
 11078.15      0             7             3             2017          3 
 10092.38      1             7             3             2017          3 
 9224.388      2             7             3             2017          3 
 8733.35       3             7             3             2017          3 
 8866.5        4             7             3             2017          3 
 9384.95       5             7             3             2017          3 
 10284.85      6             7             3             2017          3 
 11064.71      7             7             3             2017          3 
 11683.84      8             7             3             2017          3 
 11792.7       9             7             3             2017          3 
 11785.29      10            7             3             2017          3 
 11539.54      11            7             3             2017          3 
 11408.91      12            7             3             2017          3 
 11325.66      13            7             3             2017          3 
 11356.65      14            7             3             2017          3 
 11536.85      15            7             3             2017          3 
 11648.19      16            7             3             2017          3 
 11959.81      17            7             3             2017          3 
 12180.36      18            7             3             2017          3 
 12470.8       19            7             3             2017          3 
 12558.49      20            7             3             2017          3 
 12599.65      21            7             3             2017          3 
 12200.05      22            7             3             2017          3 
 11774.85      23            7             3             2017          3 
 10910.04      0             8             3             2017          4 
 10142.04      1             8             3             2017          4 
 9382.65       2             8             3             2017          4 
 9060.15       3             8             3             2017          4 
 9118.188      4             8             3             2017          4 
 9930.2        5             8             3             2017          4 
 10813.9       6             8             3             2017          4 
 11796.4       7             8             3             2017          4 
 12534.94      8             8             3             2017          4 
 12885.04      9             8             3             2017          4 
 12877.81      10            8             3             2017          4 
 12676.5       11            8             3             2017          4 
 12457.94      12            8             3             2017          4 
 12160.58      13            8             3             2017          4 
 11994.79      14            8             3             2017          4 
 11850.41      15            8             3             2017          4 
 11904.88      16            8             3             2017          4 
 11957.04      17            8             3             2017          4 
 12200.64      18            8             3             2017          4 
 12620.01      19            8             3             2017          4 
 12606.69      20            8             3             2017          4 
 12715.17      21            8             3             2017          4 
 12212.67      22            8             3             2017          4 
 11720.69      23            8             3             2017          4 
 10718.26      0             9             3             2017          5 
 10015.81      1             9             3             2017          5 
 9129.225      2             9             3             2017          5 
 8858.263      3             9             3             2017          5 
 8813.487      4             9             3             2017          5 
 9515.9        5             9             3             2017          5 
 10460.08      6             9             3             2017          5 
 11666.3       7             9             3             2017          5 
 12582.96      8             9             3             2017          5 
 13354.2       9             9             3             2017          5 
 13386.5       10            9             3             2017          5 
 13244.11      11            9             3             2017          5 
 12760.78      12            9             3             2017          5 
 12291.1       13            9             3             2017          5 
 11956.17      14            9             3             2017          5 
 11824.11      15            9             3             2017          5 
 11967.29      16            9             3             2017          5 
 12163.41      17            9             3             2017          5 
 12585.25      18            9             3             2017          5 
 12680.9       19            9             3             2017          5 
 12835.14      20            9             3             2017          5 
 12610.33      21            9             3             2017          5 
 12210.58      22            9             3             2017          5 
 11678.75      23            9             3             2017          5 
 10858.94      0             10            3             2017          6 
 9941.6        1             10            3             2017          6 
 9040.175      2             10            3             2017          6 
 8493.188      3             10            3             2017          6 
 8287.525      4             10            3             2017          6 
 8784.912      5             10            3             2017          6 
 9716.6        6             10            3             2017          6 
 10885.53      7             10            3             2017          6 
 12150.4       8             10            3             2017          6 
 13147.5       9             10            3             2017          6 
 13976.3       10            10            3             2017          6 
 14514.89      11            10            3             2017          6 
 15061.29      12            10            3             2017          6 
 15623.97      13            10            3             2017          6 
 15994.08      14            10            3             2017          6 
 16125.94      15            10            3             2017          6 
 15855.88      16            10            3             2017          6 
 15156.49      17            10            3             2017          6 
 13964.38      18            10            3             2017          6 
 12908.97      19            10            3             2017          6 
 11649.09      20            10            3             2017          6 
 10621.28      21            10            3             2017          6 
 9747.1        22            10            3             2017          6 
 8994.763      23            10            3             2017          6 
 8252.612      0             11            3             2017          7 
 7792.3        1             11            3             2017          7 
 7337.25       2             11            3             2017          7 
 7138.875      3             11            3             2017          7 
 7168.525      4             11            3             2017          7 
 7445.112      5             11            3             2017          7 
 7985.837      6             11            3             2017          7 
 8798.662      7             11            3             2017          7 
 9686.8        8             11            3             2017          7 
 10458.69      9             11            3             2017          7 
 11058.8       10            11            3             2017          7 
 11421.79      11            11            3             2017          7 
 11503.91      12            11            3             2017          7 
 11395.81      13            11            3             2017          7 
 11283.96      14            11            3             2017          7 
 11175.3       15            11            3             2017          7 
 11305.44      16            11            3             2017          7 
 11530.04      17            11            3             2017          7 
 12003.39      18            11            3             2017          7 
 12224.26      19            11            3             2017          7 
 12404.84      20            11            3             2017          7 
 12102.14      21            11            3             2017          7 
 11664         22            11            3             2017          7 
 10787.4       23            11            3             2017          7 
 10047.4       0             12            3             2017          1 
 9345.9        1             12            3             2017          1 
 8865.588      2             12            3             2017          1 
 8685.25       3             12            3             2017          1 
 8779.775      4             12            3             2017          1 
 9169.313      5             12            3             2017          1 
 9727.313      6             12            3             2017          1 
 10445.89      7             12            3             2017          1 
 11229.3       8             12            3             2017          1 
 11932.94      9             12            3             2017          1 
 12467.96      10            12            3             2017          1 
 12762.96      11            12            3             2017          1 
 12761.54      12            12            3             2017          1 
 12646.8       13            12            3             2017          1 
 12362.26      14            12            3             2017          1 
 12239.61      15            12            3             2017          1 
 12038.34      16            12            3             2017          1 
 12088.03      17            12            3             2017          1 
 11973.28      18            12            3             2017          1 
 12120.7       19            12            3             2017          1 
 11883.46      20            12            3             2017          1 
 11761.71      21            12            3             2017          1 
 11222.72      22            12            3             2017          1 
 10634.8       23            12            3             2017          1 
 9725.275      0             13            3             2017          2 
 8980.3        1             13            3             2017          2 
 8269.588      2             13            3             2017          2 
 8020.087      3             13            3             2017          2 
 8286.225      4             13            3             2017          2 
 8857.537      5             13            3             2017          2 
 9879.263      6             13            3             2017          2 
 10698.06      7             13            3             2017          2 
 11469.19      8             13            3             2017          2 
 11713.64      9             13            3             2017          2 
 11879.38      10            13            3             2017          2 
 11595.64      11            13            3             2017          2 
 11513.46      12            13            3             2017          2 
 11374.54      13            13            3             2017          2 
 11316.47      14            13            3             2017          2 
 11291.28      15            13            3             2017          2 
 11274.2       16            13            3             2017          2 
 11362.16      17            13            3             2017          2 
 11457.46      18            13            3             2017          2 
 11770.94      19            13            3             2017          2 
 11994.09      20            13            3             2017          2 
 12265.1       21            13            3             2017          2 
 12086.46      22            13            3             2017          2 
 11758.35      23            13            3             2017          2 
 10848.72      0             14            3             2017          3 
 9947.8        1             14            3             2017          3 
 8858.563      2             14            3             2017          3 
 8388.463      3             14            3             2017          3 
 8240.688      4             14            3             2017          3 
 8875.7        5             14            3             2017          3 
 9730.425      6             14            3             2017          3 
 10996.91      7             14            3             2017          3 
 11856.78      8             14            3             2017          3 
 12535.76      9             14            3             2017          3 
 12817.4       10            14            3             2017          3 
 12812.44      11            14            3             2017          3 
 12578.28      12            14            3             2017          3 
 12312.15      13            14            3             2017          3 
 12086.85      14            14            3             2017          3 
 11893.28      15            14            3             2017          3 
 11951.99      16            14            3             2017          3 
 12165.61      17            14            3             2017          3 
 12544.85      18            14            3             2017          3 
 12914.13      19            14            3             2017          3 
 13129.11      20            14            3             2017          3 
 13074.96      21            14            3             2017          3 
 12532.22      22            14            3             2017          3 
 11811.38      23            14            3             2017          3 
 10797.04      0             15            3             2017          4 
 9817.525      1             15            3             2017          4 
 9027.325      2             15            3             2017          4 
 8759.175      3             15            3             2017          4 
 8990.95       4             15            3             2017          4 
 9802.6        5             15            3             2017          4 
 10845.17      6             15            3             2017          4 
 12009.19      7             15            3             2017          4 
 12379.85      8             15            3             2017          4 
 12991.86      9             15            3             2017          4 
 12561.08      10            15            3             2017          4 
 12619.51      11            15            3             2017          4 
 12266.21      12            15            3             2017          4 
 12703.29      13            15            3             2017          4 
 12616.66      14            15            3             2017          4 
 13422.84      15            15            3             2017          4 
 13678.3       16            15            3             2017          4 
 14228.78      17            15            3             2017          4 
 14431.49      18            15            3             2017          4 
 14533.53      19            15            3             2017          4 
 14186.22      20            15            3             2017          4 
 13658.15      21            15            3             2017          4 
 12810.46      22            15            3             2017          4 
 11904.3       23            15            3             2017          4 
 10707.76      0             16            3             2017          5 
 9787.325      1             16            3             2017          5 
 8865.75       2             16            3             2017          5 
 8595.65       3             16            3             2017          5 
 8809.525      4             16            3             2017          5 
 9495.675      5             16            3             2017          5 
 10351.58      6             16            3             2017          5 
 11234.04      7             16            3             2017          5 
 11661.9       8             16            3             2017          5 
 11901.67      9             16            3             2017          5 
 11950.51      10            16            3             2017          5 
 11891.03      11            16            3             2017          5 
 11900.14      12            16            3             2017          5 
 12116.1       13            16            3             2017          5 
 12293.19      14            16            3             2017          5 
 12647.92      15            16            3             2017          5 
 12932.49      16            16            3             2017          5 
 13393.66      17            16            3             2017          5 
 13568.7       18            16            3             2017          5 
 13765.08      19            16            3             2017          5 
 13623.65      20            16            3             2017          5 
 13282.14      21            16            3             2017          5 
 12683.16      22            16            3             2017          5 
 11898.05      23            16            3             2017          5 
 10919.2       0             17            3             2017          6 
 9935.025      1             17            3             2017          6 
 9101.625      2             17            3             2017          6 
 8320.725      3             17            3             2017          6 
 8221.275      4             17            3             2017          6 
 8434.025      5             17            3             2017          6 
 9087.688      6             17            3             2017          6 
 10135.33      7             17            3             2017          6 
 11424.08      8             17            3             2017          6 
 12452.96      9             17            3             2017          6 
 13643.88      10            17            3             2017          6 
 14590.9       11            17            3             2017          6 
 15362.34      12            17            3             2017          6 
 16050.14      13            17            3             2017          6 
 16644.49      14            17            3             2017          6 
 16541.04      15            17            3             2017          6 
 16373.29      16            17            3             2017          6 
 15543.34      17            17            3             2017          6 
 14574.28      18            17            3             2017          6 
 13417.83      19            17            3             2017          6 
 12513.72      20            17            3             2017          6 
 11441.69      21            17            3             2017          6 
 10647.55      22            17            3             2017          6 
 9803.638      23            17            3             2017          6 
 8943.412      0             18            3             2017          7 
 8274.375      1             18            3             2017          7 
 7800.15       2             18            3             2017          7 
 7679.688      3             18            3             2017          7 
 7706.263      4             18            3             2017          7 
 8228.275      5             18            3             2017          7 
 8725.175      6             18            3             2017          7 
 9483.088      7             18            3             2017          7 
 10183.28      8             18            3             2017          7 
 10901.58      9             18            3             2017          7 
 11398.31      10            18            3             2017          7 
 11835.4       11            18            3             2017          7 
 12048.08      12            18            3             2017          7 
 12069.29      13            18            3             2017          7 
 11976.29      14            18            3             2017          7 
 11775.5       15            18            3             2017          7 
 11898.8       16            18            3             2017          7 
 12166.06      17            18            3             2017          7 
 12687.61      18            18            3             2017          7 
 13314.46      19            18            3             2017          7 
 13673.45      20            18            3             2017          7 
 13574.46      21            18            3             2017          7 
 13127.97      22            18            3             2017          7 
 12355.7       23            18            3             2017          7 
 11181.05      0             19            3             2017          1 
 10195.53      1             19            3             2017          1 
 9332.55       2             19            3             2017          1 
 8789.4        3             19            3             2017          1 
 8659.45       4             19            3             2017          1 
 9140.013      5             19            3             2017          1 
 9787.275      6             19            3             2017          1 
 10578.8       7             19            3             2017          1 
 11335.67      8             19            3             2017          1 
 11826.44      9             19            3             2017          1 
 12140.58      10            19            3             2017          1 
 12306.28      11            19            3             2017          1 
 12456.44      12            19            3             2017          1 
 12334.08      13            19            3             2017          1 
 12368.08      14            19            3             2017          1 
 12229.85      15            19            3             2017          1 
 12254.17      16            19            3             2017          1 
 12134.46      17            19            3             2017          1 
 12204.47      18            19            3             2017          1 
 12131.69      19            19            3             2017          1 
 12150.75      20            19            3             2017          1 
 12145.72      21            19            3             2017          1 
 11850.85      22            19            3             2017          1 
 11474.3       23            19            3             2017          1 
 10750.71      0             20            3             2017          2 
 9884.037      1             20            3             2017          2 
 9086.987      2             20            3             2017          2 
 8797.9        3             20            3             2017          2 
 9004.513      4             20            3             2017          2 
 9633.5        5             20            3             2017          2 
 10698.84      6             20            3             2017          2 
 11480.71      7             20            3             2017          2 
 12095.92      8             20            3             2017          2 
 12275.9       9             20            3             2017          2 
 12411.49      10            20            3             2017          2 
 12203.29      11            20            3             2017          2 
 12238.05      12            20            3             2017          2 
 12249.04      13            20            3             2017          2 
 12218.5       14            20            3             2017          2 
 12244.91      15            20            3             2017          2 
 12312.8       16            20            3             2017          2 
 12449.46      17            20            3             2017          2 
 12678.56      18            20            3             2017          2 
 12930.8       19            20            3             2017          2 
 13057.15      20            20            3             2017          2 
 12970.84      21            20            3             2017          2 
 12528.9       22            20            3             2017          2 
 11843.47      23            20            3             2017          2 
 11004.94      0             21            3             2017          3 
 10027.85      1             21            3             2017          3 
 9395.975      2             21            3             2017          3 
 9065.013      3             21            3             2017          3 
 9128.1        4             21            3             2017          3 
 9695.263      5             21            3             2017          3 
 10452.22      6             21            3             2017          3 
 11063.01      7             21            3             2017          3 
 11666.58      8             21            3             2017          3 
 11895.61      9             21            3             2017          3 
 11989.15      10            21            3             2017          3 
 12165.58      11            21            3             2017          3 
 12399.4       12            21            3             2017          3 
 12481.17      13            21            3             2017          3 
 12749.08      14            21            3             2017          3 
 12709.33      15            21            3             2017          3 
 12661.33      16            21            3             2017          3 
 12719.15      17            21            3             2017          3 
 12948.66      18            21            3             2017          3 
 13126.29      19            21            3             2017          3 
 13387.78      20            21            3             2017          3 
 13348.06      21            21            3             2017          3 
 12942.46      22            21            3             2017          3 
 12154.01      23            21            3             2017          3 
 11091.3       0             22            3             2017          4 
 9898.362      1             22            3             2017          4 
 8921.987      2             22            3             2017          4 
 8302.638      3             22            3             2017          4 
 8392.787      4             22            3             2017          4 
 8827.875      5             22            3             2017          4 
 9811.9        6             22            3             2017          4 
 10746.53      7             22            3             2017          4 
 11733.21      8             22            3             2017          4 
 12428.88      9             22            3             2017          4 
 13113.24      10            22            3             2017          4 
 13492.29      11            22            3             2017          4 
 13936.6       12            22            3             2017          4 
 14137.45      13            22            3             2017          4 
 14316.56      14            22            3             2017          4 
 14423.7       15            22            3             2017          4 
 14492.88      16            22            3             2017          4 
 14587.1       17            22            3             2017          4 
 14589.31      18            22            3             2017          4 
 14396.6       19            22            3             2017          4 
 14128.47      20            22            3             2017          4 
 13599.67      21            22            3             2017          4 
 12918.13      22            22            3             2017          4 
 12169.79      23            22            3             2017          4 
 11297.59      0             23            3             2017          5 
 10448.88      1             23            3             2017          5 
 9842.975      2             23            3             2017          5 
 9494.213      3             23            3             2017          5 
 9579.575      4             23            3             2017          5 
 9957.513      5             23            3             2017          5 
 10675.35      6             23            3             2017          5 
 11424.38      7             23            3             2017          5 
 12088.03      8             23            3             2017          5 
 12473.81      9             23            3             2017          5 
 12807.84      10            23            3             2017          5 
 12864.38      11            23            3             2017          5 
 12929.2       12            23            3             2017          5 
 13105.59      13            23            3             2017          5 
 13338.36      14            23            3             2017          5 
 13627.63      15            23            3             2017          5 
 13944.3       16            23            3             2017          5 
 14236.99      17            23            3             2017          5 
 14199.83      18            23            3             2017          5 
 14133.35      19            23            3             2017          5 
 13775.71      20            23            3             2017          5 
 13168.49      21            23            3             2017          5 
 12402.33      22            23            3             2017          5 
 11536.83      23            23            3             2017          5 
 10478.39      0             24            3             2017          6 
 9685.912      1             24            3             2017          6 
 9018.513      2             24            3             2017          6 
 8815.688      3             24            3             2017          6 
 9111.975      4             24            3             2017          6 
 9904          5             24            3             2017          6 
 10933.66      6             24            3             2017          6 
 12188.96      7             24            3             2017          6 
 13285.71      8             24            3             2017          6 
 14303.06      9             24            3             2017          6 
 15042.51      10            24            3             2017          6 
 15671.63      11            24            3             2017          6 
 16104.66      12            24            3             2017          6 
 16556.32      13            24            3             2017          6 
 16729.49      14            24            3             2017          6 
 16619.26      15            24            3             2017          6 
 16171.49      16            24            3             2017          6 
 15329.88      17            24            3             2017          6 
 14187.34      18            24            3             2017          6 
 12952.15      19            24            3             2017          6 
 11933.63      20            24            3             2017          6 
 10778.81      21            24            3             2017          6 
 10139.88      22            24            3             2017          6 
 9413.475      23            24            3             2017          6 
 8930.063      0             25            3             2017          7 
 8423.013      1             25            3             2017          7 
 8259.875      2             25            3             2017          7 
 8000.688      3             25            3             2017          7 
 8130.1        4             25            3             2017          7 
 8285.875      5             25            3             2017          7 
 8813.237      6             25            3             2017          7 
 9380.475      7             25            3             2017          7 
 10208.38      8             25            3             2017          7 
 10894.39      9             25            3             2017          7 
 11599.97      10            25            3             2017          7 
 11943.13      11            25            3             2017          7 
 12276.59      12            25            3             2017          7 
 12062.54      13            25            3             2017          7 
 11992.67      14            25            3             2017          7 
 11672.42      15            25            3             2017          7 
 11845.42      16            25            3             2017          7 
 12092.15      17            25            3             2017          7 
 12686.86      18            25            3             2017          7 
 13214.69      19            25            3             2017          7 
 13557.03      20            25            3             2017          7 
 13395.06      21            25            3             2017          7 
 12777.64      22            25            3             2017          7 
 12033.36      23            25            3             2017          7 
 10891.95      0             26            3             2017          1 
 10168.19      1             26            3             2017          1 
 9430.025      2             26            3             2017          1 
 9452.795      3             26            3             2017          1 
 9738.668      4             26            3             2017          1 
 10636.23      5             26            3             2017          1 
 11703.43      6             26            3             2017          1 
 12614.58      7             26            3             2017          1 
 13213.8       8             26            3             2017          1 
 13377.26      9             26            3             2017          1 
 13196.32      10            26            3             2017          1 
 12862.25      11            26            3             2017          1 
 12628.83      12            26            3             2017          1 
 12363.2       13            26            3             2017          1 
 12288.59      14            26            3             2017          1 
 12214.47      15            26            3             2017          1 
 12174.74      16            26            3             2017          1 
 12416.42      17            26            3             2017          1 
 12698.11      18            26            3             2017          1 
 13232.49      19            26            3             2017          1 
 13651.44      20            26            3             2017          1 
 13960.46      21            26            3             2017          1 
 13844.99      22            26            3             2017          1 
 13348.11      23            26            3             2017          1 
 12406.26      0             27            3             2017          2 
 11399.92      1             27            3             2017          2 
 10318.55      2             27            3             2017          2 
 9688.162      3             27            3             2017          2 
 9530.588      4             27            3             2017          2 
 9935.325      5             27            3             2017          2 
 10650.16      6             27            3             2017          2 
 11375.66      7             27            3             2017          2 
 11999.11      8             27            3             2017          2 
 12403.9       9             27            3             2017          2 
 12452.9       10            27            3             2017          2 
 12738.28      11            27            3             2017          2 
 12721.19      12            27            3             2017          2 
 12803.11      13            27            3             2017          2 
 12693.17      14            27            3             2017          2 
 12737.58      15            27            3             2017          2 
 12434.76      16            27            3             2017          2 
 12724.45      17            27            3             2017          2 
 12891.05      18            27            3             2017          2 
 13321.5       19            27            3             2017          2 
 13535.78      20            27            3             2017          2 
 13613.54      21            27            3             2017          2 
 13180.01      22            27            3             2017          2 
 12571.51      23            27            3             2017          2 
 11578.8       0             28            3             2017          3 
 10663.74      1             28            3             2017          3 
 9741.9        2             28            3             2017          3 
 9295.95       3             28            3             2017          3 
 9094.875      4             28            3             2017          3 
 9491.7        5             28            3             2017          3 
 10142.99      6             28            3             2017          3 
 11009.61      7             28            3             2017          3 
 11697.49      8             28            3             2017          3 
 12340.24      9             28            3             2017          3 
 12572.22      10            28            3             2017          3 
 12798.24      11            28            3             2017          3 
 12912.16      12            28            3             2017          3 
 13190.86      13            28            3             2017          3 
 13343.15      14            28            3             2017          3 
 13600.26      15            28            3             2017          3 
 13711.97      16            28            3             2017          3 
 13834.7       17            28            3             2017          3 
 13833.42      18            28            3             2017          3 
 13981.56      19            28            3             2017          3 
 13894.44      20            28            3             2017          3 
 13683.91      21            28            3             2017          3 
 13155.33      22            28            3             2017          3 
 12348.44      23            28            3             2017          3 
 11275.81      0             29            3             2017          4 
 10307.49      1             29            3             2017          4 
 9513.412      2             29            3             2017          4 
 9097.25       3             29            3             2017          4 
 9316.725      4             29            3             2017          4 
 9777.3        5             29            3             2017          4 
 10708.31      6             29            3             2017          4 
 11523.09      7             29            3             2017          4 
 12374.1       8             29            3             2017          4 
 12690.7       9             29            3             2017          4 
 12968.03      10            29            3             2017          4 
 12778.91      11            29            3             2017          4 
 12593.55      12            29            3             2017          4 
 12466.83      13            29            3             2017          4 
 12382.59      14            29            3             2017          4 
 12607.47      15            29            3             2017          4 
 12825.01      16            29            3             2017          4 
 13341.56      17            29            3             2017          4 
 13691.69      18            29            3             2017          4 
 14073.53      19            29            3             2017          4 
 14167.47      20            29            3             2017          4 
 13996.09      21            29            3             2017          4 
 13459.08      22            29            3             2017          4 
 12609.45      23            29            3             2017          4 
 11672.29      0             30            3             2017          5 
 10644.71      1             30            3             2017          5 
 9956.625      2             30            3             2017          5 
 9572.588      3             30            3             2017          5 
 9871.075      4             30            3             2017          5 
 10360.11      5             30            3             2017          5 
 11464.9       6             30            3             2017          5 
 12514.85      7             30            3             2017          5 
 13623.09      8             30            3             2017          5 
 14272.05      9             30            3             2017          5 
 14821.86      10            30            3             2017          5 
 14658.4       11            30            3             2017          5 
 14481.25      12            30            3             2017          5 
 14059.89      13            30            3             2017          5 
 13736.17      14            30            3             2017          5 
 13596.14      15            30            3             2017          5 
 13588.36      16            30            3             2017          5 
 13764.69      17            30            3             2017          5 
 13983.61      18            30            3             2017          5 
 14205.61      19            30            3             2017          5 
 14190.06      20            30            3             2017          5 
 14113.16      21            30            3             2017          5 
 13521.38      22            30            3             2017          5 
 12810.42      23            30            3             2017          5 
 11765.54      0             31            3             2017          6 
 10782.64      1             31            3             2017          6 
 9898.787      2             31            3             2017          6 
 9264.963      3             31            3             2017          6 
 9009.8        4             31            3             2017          6 
 9123.162      5             31            3             2017          6 
 9808.063      6             31            3             2017          6 
 10673.96      7             31            3             2017          6 
 11912.28      8             31            3             2017          6 
 13036.45      9             31            3             2017          6 
 14066.8       10            31            3             2017          6 
 14769.47      11            31            3             2017          6 
 15432.64      12            31            3             2017          6 
 16066.97      13            31            3             2017          6 
 16661.78      14            31            3             2017          6 
 17537.15      15            31            3             2017          6 
 17635.68      16            31            3             2017          6 
 17618.66      17            31            3             2017          6 
 16750.56      18            31            3             2017          6 
 15654.3       19            31            3             2017          6 
 14187.47      20            31            3             2017          6 
 13162.51      21            31            3             2017          6 
 11909.61      22            31            3             2017          6 
 11145.29      23            31            3             2017          6 
