 336589.58     1             6             2017          5 
   3.98773769833056E-02    3.79277340615387E-02    3.61994579617185E-02    3.54720733584132E-02    3.58263014726273E-02    3.76194342389105E-02    4.03287885501387E-02    4.30641389127004E-02    4.49071545038248E-02    4.58443788853327E-02    4.58538865929465E-02    4.50057596155012E-02    4.41906441416353E-02    4.34166436279756E-02    .042567866749247    4.21709424417937E-02    4.21364802657067E-02    4.24921648551182E-02    4.28371260733547E-02    4.36690577429269E-02    .043585156647786    4.31935824205402E-02    4.17699794620796E-02    4.00438706669856E-02 
 344069.35     2             6             2017          6 
   3.66081437779186E-02    3.44921465096717E-02    3.25600068434605E-02    .031858519333566    3.23788796593623E-02    3.41342801104269E-02    3.66739434442867E-02    3.92814982511883E-02    4.14874488829432E-02    4.31063965556653E-02    4.43472806835671E-02    4.49684053520024E-02    4.59234442398749E-02    4.68369251449599E-02    4.86018593526276E-02    5.03501101958079E-02    5.21047585047172E-02    5.22594046084024E-02    5.14439576280189E-02    4.81107928350782E-02    4.41126463903643E-02    3.98242099712238E-02    3.58593706517669E-02    3.26755642612456E-02 
 299966.743    3             6             2017          7 
   3.51094259680981E-02    3.30131193597852E-02    .031868239838091    3.16838053297962E-02    3.22141538360054E-02    3.38422835437877E-02    .035921283546048    3.82520074171189E-02    4.08249586615424E-02    4.29707303888101E-02    4.44913319003334E-02    4.53134575436501E-02    4.51459389730998E-02    .044400556863357    4.39335356899048E-02    4.36133341778075E-02    4.40639505378851E-02    4.50361253672378E-02    4.67464809871856E-02    4.77057214399681E-02    .048789474393708    4.90772406695182E-02    4.86313904628004E-02    4.73514503958277E-02 
 339919.69     4             6             2017          1 
   4.05239245858706E-02    3.85964702289311E-02    3.68520583034628E-02    .035925661863689    3.67284393750845E-02    3.82696581994485E-02    4.15965900651416E-02    4.41894962978241E-02    4.64873046786801E-02    4.67047388504105E-02    4.63158516115233E-02    .044477799690899    4.31118003334479E-02    4.17610418232171E-02    4.05942651897055E-02    4.07446827274848E-02    4.03032267756025E-02    4.14201955734382E-02    4.21165945568643E-02    4.34392616431325E-02    4.33970440653938E-02    4.35246333709368E-02    4.21837864390115E-02    4.07354750148851E-02 
 329779.5      5             6             2017          2 
   4.01379108047953E-02    3.84603960989464E-02    3.69420164884794E-02    .036642393345402    3.72423088760824E-02    .038553669833745    .040779097401635    4.27475321104708E-02    .0438221611429    .044316732847251    .04400564667073    .042831771044175    4.21521058483775E-02    4.12902255048449E-02    4.08848646879961E-02    4.10468218631692E-02    4.18438684029784E-02    4.28065115052255E-02    4.38616110347975E-02    4.49254433170497E-02    4.49693499036856E-02    4.46497737977194E-02    4.35142583197637E-02    4.15735350722983E-02 
 337781.26     6             6             2017          3 
   3.79790152046179E-02    3.59464584834058E-02    3.37908041157316E-02    3.33124758849114E-02    3.49133032729895E-02    .037224979238413    4.09652968027667E-02    4.41091958909295E-02    4.60876368306001E-02    4.65799956142475E-02    4.62280522210217E-02    4.45729876248167E-02    4.36990197766966E-02    4.24544869011531E-02    4.23427281848762E-02    4.25679022229874E-02    4.33817436735907E-02    4.43229442655803E-02    .045549774879644    4.54113109879157E-02    4.50261516413758E-02    4.34131844858711E-02    .041262679183638    3.88578690272441E-02 
 328853.7      7             6             2017          4 
   3.77847038012268E-02    3.56195775897078E-02    3.44739937261615E-02    .034325597094924    3.54827683204948E-02    3.75518043576445E-02    4.04438519364766E-02    4.29015694326991E-02    4.44154959950656E-02    4.48849445152206E-02    4.43895565775146E-02    4.32824378857528E-02    4.21878479178203E-02    4.15064801469848E-02    .041301800770373    4.19750170012912E-02    4.31854360455348E-02    4.46995110876812E-02    4.59635402412608E-02    4.63551111168507E-02    4.63239719374071E-02    4.51763806272364E-02    4.38573456543898E-02    4.19112508750092E-02 
 346450.22     8             6             2017          5 
   3.82730879101838E-02    .036362598003618    3.50396942037589E-02    3.49318284411466E-02    3.60903501969922E-02    3.80712416319508E-02    4.07771425285861E-02    4.31923242374474E-02    4.39780922250894E-02    .044432328095361    4.40330497282553E-02    .043066302795608    4.25784108455394E-02    4.26783107721796E-02    4.23827122984653E-02    4.31438329861286E-02    .043921922652048    4.49205075596791E-02    .045713609979451    4.60319812729878E-02    4.52648002359473E-02    .043803320205353    4.18068719944816E-02    3.95056755917199E-02 
 356904.46     9             6             2017          6 
   3.61476016140986E-02    3.42339515734827E-02    3.29542246841774E-02    3.25259872680633E-02    3.29117779911254E-02    .034793176425282    3.69354032624025E-02    3.94953878640939E-02    4.12545711244054E-02    4.28417458169338E-02    4.36380926223575E-02    4.45669700810828E-02    4.57621620266737E-02    4.72833833195164E-02    4.90658215559284E-02    5.09580635564207E-02    5.19595351757442E-02    5.18406253332474E-02    .050632346136134    4.73583059875464E-02    4.38227916924532E-02    3.97748169644966E-02    3.61422769660822E-02    3.31009863212062E-02 
 294564.82     10            6             2017          7 
   3.79077516421089E-02    3.51231353393202E-02    3.41802520908216E-02    .032981705011481    3.30371264135089E-02    3.37636218585522E-02    3.50879304659497E-02    3.66690102050374E-02    .038462704968044    4.01141579858807E-02    4.15090288425312E-02    4.29768555748188E-02    4.38301137600631E-02    4.49441313492137E-02    4.51691421751416E-02    4.54264371198078E-02    4.54780028604994E-02    4.52785229442453E-02    4.61577529703394E-02    4.66990937894417E-02    4.81498104029361E-02    4.89077412570856E-02    4.95765244471488E-02    4.85694442716377E-02 
 346034.14     11            6             2017          1 
   4.05836547750028E-02    3.87609141958507E-02    3.74190239310636E-02    3.66234100349535E-02    3.76179944313081E-02    3.92454333136753E-02    4.20970898230952E-02    4.46360005926727E-02    4.63090144804787E-02    .046348346875723    4.59930627708439E-02    4.43914579091459E-02    4.31625047034738E-02    4.22165291308034E-02    4.12567673235941E-02    4.11670086358748E-02    .04103959109172    4.16630280414672E-02    4.21245437615997E-02    4.28575057832444E-02    4.25078010817805E-02    4.20263722253316E-02    4.06966200556829E-02    3.92563296599506E-02 
 335755.9      12            6             2017          2 
   3.88170388210229E-02    3.72772006063408E-02    3.63031886129924E-02    3.58017838443047E-02    3.67438076153316E-02    3.82945761572991E-02    .040598213892146    4.25011437345554E-02    4.38515597845786E-02    4.39339415275353E-02    4.37994095003245E-02    4.31414898907957E-02    4.30038311733688E-02    4.27179382542124E-02    4.29560291699267E-02    4.26673963975763E-02    4.29228804365389E-02    .04323527896308    4.42662054440071E-02    4.47818184747461E-02    4.52194300373798E-02    .044401810725813    4.26235238438848E-02    4.01405013471096E-02 
 329841.37     13            6             2017          3 
   3.81075612052924E-02    3.55979919368134E-02    3.39672068396469E-02    3.39104827212093E-02    3.56379791983416E-02    3.86029490763242E-02    4.22573424508954E-02    4.51770194866702E-02    4.65829065849517E-02    4.62123360522514E-02    .044869446803133    4.27515815689675E-02    4.13279568959922E-02    4.04668451638965E-02    4.03899616152986E-02    .041244977258879    4.22347878116002E-02    4.37942021900937E-02    4.47443274730441E-02    4.56765020106483E-02    4.52682742900777E-02    .045201667343343    4.35911660258839E-02    4.23845253913267E-02 
 340726.26     14            6             2017          4 
   3.88255652747091E-02    .036786452419495    3.48756213831669E-02    3.44402576875422E-02    3.53879088854202E-02    3.73431733870101E-02    4.04368609294306E-02    4.24177743428845E-02    4.37096036144235E-02    4.33600859583732E-02    4.29975360526585E-02    4.24933482067834E-02    4.29003917662892E-02    4.34159953698975E-02    4.44017717019375E-02    .044914646758882    4.48538964699257E-02    4.51345899757257E-02    4.49545918795267E-02    4.48289497575708E-02    4.45436761912994E-02    4.39336253206606E-02    4.24832537305754E-02    4.05604193818228E-02 
 339937.65     15            6             2017          5 
   3.85787227497822E-02    3.64168545641752E-02    3.49346405418023E-02    3.45455698824476E-02    3.60241354876034E-02    3.81063992314105E-02    4.14236838036696E-02    .043708604196424    4.51666352454634E-02    4.51027707075474E-02    4.44691555477159E-02    4.30208603143841E-02    4.21432579713515E-02    4.15388818591071E-02    4.14779590371205E-02    4.19396015986314E-02    4.26198734072998E-02    4.38069448406568E-02    .044896850592491    4.55850943364173E-02    .045609981138269    4.47930373224325E-02    4.32218076655013E-02    4.08686704890956E-02 
 348720.4      16            6             2017          6 
   3.77345283060225E-02    3.54292447204838E-02    3.36701544462627E-02    3.28671909097876E-02    3.31938707423268E-02    3.44613058242721E-02    3.65889393632047E-02    3.92136497015231E-02    4.11997697734704E-02    4.29904291473556E-02    4.41906178183869E-02    4.50092104815563E-02    4.55575881180525E-02    4.67114046857095E-02    4.76454473358169E-02    4.95585297347101E-02    5.07055244868095E-02    5.12280318720241E-02    5.01231665917021E-02    4.77320530287302E-02    4.38198622243279E-02    4.00409908670743E-02    3.65836073694355E-02    3.37448863715386E-02 
 296059.031    17            6             2017          7 
   .037586996380335    3.57644211934629E-02    3.43196409652422E-02    3.31436851344943E-02    3.27465508369343E-02    .033219429504162    3.42178051456738E-02    3.60583507774333E-02    3.79785066675183E-02    .040060861655703    4.17755877849323E-02    4.32849501241021E-02    4.42147293317156E-02    4.45557422729405E-02    4.47623562095881E-02    4.47961332572473E-02    4.50409508819797E-02    4.55117349764277E-02    4.70522718153462E-02    4.78416750642459E-02    4.90525162520291E-02    4.95412345074267E-02    4.93510703888138E-02    4.81228030152119E-02 
 342001.54     18            6             2017          1 
   4.07934418127913E-02    3.89389179998283E-02    3.76603864305699E-02    3.71317030016151E-02    3.82002660125083E-02    3.98693808467573E-02    4.25656863224578E-02    4.46940975625797E-02    4.55891216299421E-02    4.51002657811497E-02    4.39238958955053E-02    4.23451612281117E-02    4.09411904850268E-02    4.04675084074548E-02    3.98752002193104E-02    3.98910478727303E-02    4.05054028594433E-02    .041461918677508    4.28176725781337E-02    4.41784548963581E-02    4.48101480725423E-02    4.43225771686218E-02    4.30405077178161E-02    4.08760437800222E-02 
 338817.17     19            6             2017          2 
   3.88280192806492E-02    3.68615618804826E-02    3.56518818882836E-02    3.56941186700706E-02    3.71199890738639E-02    3.90270659514171E-02    .041597655750445    4.31957446576202E-02    4.41790771194166E-02    .044025455020845    4.60035135569945E-02    4.28356108094743E-02    4.46924814292174E-02    4.19206630811759E-02    4.16661298343071E-02    3.97003209448476E-02    4.21913399212472E-02    4.12292872574536E-02    4.45535272017059E-02    4.52827097585181E-02    4.54735506071387E-02    .044735603067836    4.28104053599911E-02    4.07242934109567E-02 
 324071.6      20            6             2017          3 
   .040031864654871    3.74875171055949E-02    3.58209414360515E-02    3.50369802055317E-02    3.57964092175155E-02    3.75109705212521E-02    4.01557552212227E-02    4.21431572239746E-02    4.36295547322721E-02    4.35967235664511E-02    4.30980363887949E-02    4.20689126839563E-02    4.16518770225083E-02    4.15991090973415E-02    4.22366243437793E-02    4.31317956867016E-02    4.40559741707157E-02    4.49655255341335E-02    4.53825340748387E-02    4.54737772937369E-02    4.51620876374233E-02    4.43279198852198E-02    4.34376242491628E-02    4.21983298549996E-02 
 328311.4      21            6             2017          4 
   4.03299436858955E-02    3.86372802476932E-02    .037288653513288    3.67067668073664E-02    3.73525249675308E-02    3.86603683223839E-02    4.11583332165743E-02    4.28459370290294E-02    4.39344169038145E-02    4.39038985262924E-02    4.35827089626266E-02    4.26146933930333E-02    4.23499449807789E-02    4.22128204969809E-02    4.21988998335498E-02    4.21607667341509E-02    4.21957617352763E-02    4.27489266621186E-02    4.30884213032962E-02    4.38790733431736E-02    4.40447084164988E-02    4.40071226252348E-02    .042689165967889    4.14088575663227E-02 
 337747.62     22            6             2017          5 
   3.82277455519154E-02    3.66634707892242E-02    3.53841432139477E-02    3.55114861264603E-02    3.64371466786724E-02    3.87068616223706E-02    4.13872648319846E-02    4.37901835501831E-02    4.53052785390464E-02    4.56317057097249E-02    4.50811461075211E-02    4.39843206278552E-02    4.31132872416688E-02    4.23861760391531E-02    4.22930585944988E-02    4.25146437051503E-02    4.30235151434968E-02    4.37837270603861E-02    4.44674644145161E-02    4.44565667387234E-02    4.41588309017914E-02    4.29684745076812E-02    4.13323716574228E-02    3.93911281021758E-02 
 351143.33     23            6             2017          6 
   3.62435773155295E-02    3.44376741267234E-02    3.33084499684573E-02    3.27119693367093E-02    3.29927096205273E-02    3.42298958359112E-02    3.61720086504633E-02    3.87001229357325E-02    4.08519496823064E-02    4.28075897365757E-02    .044069780765343    4.53172792761363E-02    4.60307188030953E-02    4.72793825921455E-02    4.84392822138327E-02    5.02261015377253E-02    5.11816630814972E-02    5.14423572419843E-02    5.05737660601442E-02    4.79368053299631E-02    4.42763631858677E-02    4.04176540913863E-02    3.68692761176042E-02    3.34836199357325E-02 
 300728.831    24            6             2017          7 
   .036999779348143    3.48854141114508E-02    3.34226689301033E-02    .032537618583035    3.22835288467071E-02    3.27272003239107E-02    3.41957906797769E-02    .036188849061291    3.83857773880599E-02    4.06703930745669E-02    4.24703203953448E-02    4.38620402116517E-02    4.45662278698347E-02    4.50751250000287E-02    4.48849879675737E-02    4.47444634775058E-02    4.41229720494857E-02    4.44236413320893E-02    4.54379122511702E-02    4.69945958816715E-02    4.91010441542101E-02    5.08085625131666E-02    5.11657968485153E-02    5.00452833879187E-02 
 333874.17     25            6             2017          1 
   4.37536391657297E-02    4.13924214369818E-02    3.99416649523232E-02    3.94157487254105E-02    .040176213106535    4.05798989425417E-02    4.21939198259557E-02    4.26495994265594E-02    4.29372235738167E-02    4.26244712519615E-02    4.27544293389782E-02    4.21163445207891E-02    4.21547431561193E-02    4.21518094395412E-02    4.15952807722442E-02    4.16814524812222E-02    4.14561266683568E-02    4.18518742124466E-02    4.17513878385306E-02    4.21744221642318E-02    4.20288887623817E-02    4.17075692861326E-02    4.10593319951196E-02    3.98515416470373E-02 
 327230.88     26            6             2017          2 
   3.95580014006472E-02    3.80036259442798E-02    .037407931285206    3.68993609391708E-02    3.80466240638338E-02    3.90004135564391E-02    4.11674465613545E-02    4.22690853626039E-02    4.32777296883243E-02    4.30749688444364E-02    4.31006071596146E-02    4.19916060345909E-02    4.20098491984467E-02    4.14243907657798E-02    4.19429556080939E-02    4.21139035734112E-02    4.32063446925073E-02    4.34141490415345E-02    4.41139905895724E-02    4.42768719309895E-02    4.42117211850162E-02    4.38967140007156E-02    .043416775245394    4.21749329699187E-02 
 333487.95     27            6             2017          3 
   3.96147448178038E-02    3.78276030803737E-02    3.60599523020622E-02    .03523242697    3.60261300998657E-02    3.76398913223476E-02    .039972088829409    4.21460804234081E-02    4.35143158845769E-02    4.42762320010363E-02    .044288226437417    4.40683996931148E-02    4.34952143932412E-02    4.31588899285941E-02    4.25001271363403E-02    4.25233956401198E-02    4.24991666443645E-02    4.30648554215002E-02    4.37479672710063E-02    4.44183672434791E-02    .044621282886683    .044295362775664    4.33567688455835E-02    4.16525105376746E-02 
 329213.19     28            6             2017          4 
   4.02379986136415E-02    3.79977169486283E-02    3.62377946063993E-02    3.52490142624222E-02    3.55781014528534E-02    3.71538874389799E-02    3.93777978023526E-02    4.16537379955448E-02    4.30732446456277E-02    4.39586268266621E-02    4.33971377521356E-02    4.31787073901869E-02    4.25023967277101E-02    4.25642718827958E-02    4.22427192287238E-02    4.29785319639684E-02    4.31850553853872E-02    4.39357859093525E-02    .044570843502086    4.54279177774211E-02    4.52733678251166E-02    4.48835593908768E-02    4.36829695846178E-02    4.16588104589992E-02 
 352167.73     29            6             2017          5 
   3.69759027227239E-02    .035252918913631    3.38852733743875E-02    3.36943132316169E-02    3.52447385520317E-02    .037227120240936    4.03761878741346E-02    4.37571313231198E-02    .046283088334783    4.82927009222992E-02    4.90175530580982E-02    4.87105981608536E-02    .047082567552399    4.57696666567803E-02    4.36755245904061E-02    4.31269218115186E-02    4.22948459326824E-02    4.26559520507103E-02    4.25919206169174E-02    4.26666281158484E-02    4.17922445160222E-02    4.13216158346976E-02    3.98556673060661E-02    3.84489224113819E-02 
 349999.37     30            6             2017          6 
   3.67774657530098E-02    3.50704621223675E-02    3.31836032572716E-02    3.23228288284133E-02    3.25299162547421E-02    3.35231741809992E-02    3.54114058164233E-02    3.75778382874303E-02    .039713043023656    4.15326166113885E-02    4.34131054873399E-02    4.50241100612553E-02    4.63362831820954E-02    4.76971171048108E-02    4.89525155698852E-02    5.04552638105463E-02    5.12620621377833E-02    5.17919235826053E-02    5.08674911150554E-02    4.83727712227739E-02    4.48572236001453E-02    .041109903796934    3.74222102171212E-02    3.47956625205854E-02 
