 342527.96     1             9             2017          6 
   3.73200202127295E-02    3.47874087600031E-02    3.30565139074705E-02    3.22695115485974E-02    3.31339368753649E-02    3.48536499308699E-02    3.75705671635171E-02    .040091383844621    .042156997038468    4.33276160050555E-02    .043939478692484    4.45023518800845E-02    4.46782784398462E-02    .045896224747244    4.78838875299406E-02    5.00625132817625E-02    5.15601385139479E-02    5.23236425630042E-02    5.07647597859602E-02    4.73413023759068E-02    4.37050173354826E-02    3.94834641519119E-02    3.59559265067004E-02    3.33354087949857E-02 
 284280.865    2             9             2017          7 
   3.74186983069543E-02    3.53725539507381E-02    3.36484564470686E-02    3.26435977156342E-02    3.25156879293476E-02    3.35225287729531E-02    3.48358378231859E-02    3.74309413706934E-02    3.99380728027984E-02    4.22613040737898E-02    4.44743615119417E-02    .045744689301371    4.65500211329296E-02    4.59378095475227E-02    4.50755289194807E-02    4.35092240335979E-02    4.21858841904027E-02    4.20329386441469E-02    4.30412703658845E-02    4.49584949861117E-02    4.74446270218539E-02    4.94959104418618E-02    5.01650708237521E-02    4.97964941456313E-02 
 346020.34     3             9             2017          1 
   3.94628258838411E-02    3.74937485159832E-02    .03600062989162    3.52437650639627E-02    3.63730932063849E-02    3.86041166548547E-02    4.14261768677746E-02    .044363461859641    4.61914173076502E-02    4.66276046355396E-02    4.64201311700708E-02    4.54977289729196E-02    4.41159319293918E-02    4.30132516514419E-02    4.21821724365611E-02    4.16461360515685E-02    4.17853755179537E-02    4.23110965095289E-02    4.29824155396833E-02    4.32724855314864E-02    4.30426427614414E-02    4.21682727614365E-02    4.08106061183788E-02    3.89649070647841E-02 
 341547.2      4             9             2017          2 
   3.77149642265769E-02    3.58342275331931E-02    .034502640552865    3.37883902374987E-02    3.47191244037793E-02    3.63707565985755E-02    3.93365258840872E-02    4.19401763641672E-02    4.42396246313101E-02    4.52379052816492E-02    4.58722257814952E-02    4.55487838000502E-02    4.50947635769668E-02    4.45672210760694E-02    4.39421244569199E-02    4.32486922058284E-02    4.31189888890174E-02    4.33062828459361E-02    4.35980159504675E-02    4.42750219168097E-02    4.45532279972944E-02    4.41602209143787E-02    4.32982026578244E-02    4.17318899298545E-02 
 346608        5             9             2017          3 
   3.91261610513534E-02    3.70677241337837E-02    3.55124532342733E-02    .035020714931385    3.59928229891549E-02    3.75283602306135E-02    4.03243440266093E-02    4.26373321726201E-02    4.43697495621855E-02    4.54366321473033E-02    4.61031192613486E-02    4.56091889558954E-02    4.52808647259656E-02    4.48439152172627E-02    4.39346455055134E-02    4.36733999350491E-02    4.33919586391543E-02    4.34895027532905E-02    4.32862494563383E-02    4.33426526688651E-02    4.27757016301557E-02    4.19970983746408E-02    .040518136212234    3.87372778199724E-02 
 336111.27     6             9             2017          4 
   3.75358425992752E-02    3.52191107399121E-02    3.36514739551503E-02    3.34590676669738E-02    3.50232527488218E-02    3.76745470145943E-02    .041358356610967    4.40060219399219E-02    4.56965050638216E-02    4.59024479545866E-02    4.54944584134668E-02    4.42404675289897E-02    4.38012993481668E-02    4.32020337481915E-02    4.31179842011471E-02    4.32557356210489E-02    4.35050572361424E-02    4.38936178737401E-02    4.42892911112814E-02    .044476909178581    .044502762084748    4.35874710014187E-02    4.25373717431805E-02    .040568916126719 
 342227.49     7             9             2017          5 
   3.79650095375886E-02    3.61023590669543E-02    3.51159988820594E-02    3.51631309310146E-02    3.72611220490718E-02    3.94478242610274E-02    4.27382673464879E-02    4.47745447863496E-02    4.58586760793968E-02    4.55927710815253E-02    4.56401970459036E-02    4.42115854628598E-02    .044213251934773    4.39114921088382E-02    4.37004351531638E-02    .043458753922537    4.36956725818914E-02    4.32497115716069E-02    4.35270992458116E-02    .043001133315956    4.25835165959345E-02    4.14136818483664E-02    3.99181831049721E-02    3.74555827707616E-02 
 341360.47     8             9             2017          6 
   3.51185935775604E-02    3.24178424112054E-02    3.03802894424551E-02    2.97406727822425E-02    3.05542115055091E-02    3.25808076274546E-02    3.59547497501322E-02    3.91747753527598E-02    4.25403982820931E-02    4.49331161526626E-02    4.73751684418087E-02    4.80460707617229E-02    4.92722534902035E-02    4.94670622212789E-02    5.05386876115152E-02    5.12283109772494E-02    5.17278974188195E-02    5.12657759552534E-02    4.95197924041264E-02    4.67088062043695E-02    4.28570997882751E-02    3.92899910311452E-02    3.59472201363488E-02    .033360394429604 
 294250.798    9             9             2017          7 
   3.64234522239511E-02    3.45491343461454E-02    3.30364439657357E-02    .031904417777059    3.22658859715735E-02    3.23248910951127E-02    3.44379708041607E-02    3.61215998140216E-02    3.87178551190369E-02    4.02574610487972E-02    4.22096382099276E-02    4.23736836709445E-02    4.35145810388337E-02    4.33515909594067E-02    4.36007307096156E-02    4.33380634897208E-02    4.42093274554603E-02    4.55028170709498E-02    4.75635060448502E-02    4.99170434970664E-02    5.17649569222664E-02    5.22867236412728E-02    .051101068801307    4.92271558183251E-02 
 348603.29     10            9             2017          1 
   3.87977980330091E-02    3.61470189411078E-02    3.43070199912987E-02    3.34321279775859E-02    3.42785357865168E-02    3.64893560537323E-02    3.99018046864245E-02    4.30878027705576E-02    .045285974907896    4.61786807550282E-02    4.59646262141559E-02    4.49279754045422E-02    4.39678857000317E-02    4.33766703693474E-02    4.30038684920687E-02    4.36658237066194E-02    4.38465448925841E-02    4.48814756685888E-02    4.52621381554876E-02    .045464516637594    4.45773462732165E-02    4.35628429973366E-02    4.08727916722688E-02    3.87193712236982E-02 
 330460.09     11            9             2017          2 
   3.80361829160293E-02    3.56157973853212E-02    3.38966802314918E-02    3.36756253843316E-02    3.48066538411265E-02    3.68247504609785E-02    4.01692677737575E-02    4.20700415791889E-02    .043137764594546    4.29548076724636E-02    4.26804653768856E-02    4.18318586236087E-02    4.24678209156059E-02    4.33933800400451E-02    4.42684620734004E-02    4.52502460754792E-02    4.59705752355375E-02    4.65765485619988E-02    4.67549338512784E-02    4.67784776124554E-02    4.60435322301325E-02    4.43646909544357E-02    4.23375781408657E-02    4.00938579962107E-02 
 349128.65     12            9             2017          3 
   3.56257212375366E-02    3.38213155361927E-02    3.25970371389243E-02    3.26707082716858E-02    3.43705400126143E-02    3.71974354716735E-02    4.04055926089136E-02    4.34279467745987E-02    4.48590514646249E-02    4.48831684251636E-02    4.42941014544352E-02    4.32389886265779E-02    4.24932173551927E-02    4.23913929856158E-02    4.29490676287953E-02    4.37468545575893E-02    4.48181488534026E-02    4.61390657185038E-02    4.71441712370927E-02    4.71665651580012E-02    4.68440210900767E-02    4.53830121521823E-02    4.30553030917113E-02    4.04775714706098E-02 
 338419.22     13            9             2017          4 
   .038819721420521    3.58797888496109E-02    3.33022171481942E-02    3.26132487253901E-02    3.33671646774377E-02    3.60279761010988E-02    3.95906887321589E-02    4.28923617558571E-02    4.44998066118999E-02    4.49579367354268E-02    4.40388398854829E-02    4.26068286740998E-02    4.18107157291111E-02    4.14776385281102E-02    4.16487869690144E-02    4.28175741291009E-02    4.39143785230712E-02    4.55890188367921E-02    4.69461212237369E-02    .047748706702075    4.73033109921328E-02    .046385928223691    4.41373880292245E-02    4.16238462174592E-02 
 347957.9      14            9             2017          5 
   3.78673965029246E-02    3.54562722647266E-02    3.37679927478295E-02    3.34433558853312E-02    3.48582686610578E-02    .037097592526639    4.04692344785102E-02    4.29910632238124E-02    4.47042312581134E-02    4.47952169195612E-02    4.45399580622756E-02    4.33911121817826E-02    4.28256982786208E-02    4.26015612943046E-02    .042888003768739    4.35676556299986E-02    4.47839233478389E-02    4.58151970845467E-02    4.66598125538319E-02    4.66942686124888E-02    4.57864299100552E-02    4.39268383608692E-02    4.19258189622222E-02    3.91430986065412E-02 
 341964.5      15            9             2017          6 
   .037387681369338    3.48623027298886E-02    3.28029955183579E-02    3.12426007716079E-02    .031408787841099    3.22365618817889E-02    3.48445828486948E-02    3.75603309837352E-02    .040426622431751    4.26260323622774E-02    4.45957121005982E-02    4.53119551243623E-02    4.71083684079415E-02    4.83565134319498E-02    5.07161733436512E-02    5.24380146276149E-02    5.36328457979556E-02    5.26915531436743E-02    5.08399583509399E-02    4.69736173500831E-02    4.33227135510411E-02    .039393417710391    3.60677201370683E-02    3.31529438956748E-02 
 292703.742    16            9             2017          7 
   3.58737800094045E-02    3.33278103588013E-02    3.21362058135646E-02    3.13192968698876E-02    3.22246891854734E-02    3.35289089313214E-02    3.56082231304375E-02    3.79236342268474E-02    4.03786782964155E-02    4.20803976047221E-02    4.35393806767168E-02    4.42422764886023E-02    4.42279635416738E-02    4.43153892902316E-02    4.38469288727098E-02    4.40286465807294E-02    4.42289177381357E-02    4.59135916278276E-02    4.71133702336645E-02    4.90636377021873E-02    4.99226947713996E-02    4.99418621094192E-02    4.84499092142201E-02    4.67638040298354E-02 
 351395.42     17            9             2017          1 
   3.69277443467391E-02    .034521108927124    .03337587576643    3.23285363519394E-02    3.37531995339111E-02    3.60239175810473E-02    3.97510583483131E-02    4.32885256399685E-02    4.58873357238834E-02    4.67754800364928E-02    4.67627628815566E-02    4.57811324730342E-02    .044743639404684    4.40844678001922E-02    4.35964414213196E-02    4.33471785147342E-02    4.38862875039393E-02    4.42714372129196E-02    4.51408559595413E-02    4.53266859418657E-02    4.48952642421321E-02    4.39315617983154E-02    4.19349240077603E-02    3.96645755807304E-02 
 343540.79     18            9             2017          2 
   3.80152245485536E-02    .035518227576229    .033661446951103    3.31222665272878E-02    3.42531678743665E-02    3.61496800669216E-02    3.96491792184634E-02    4.21414005570125E-02    4.41353982166499E-02    .044760244413953    4.46768783355391E-02    4.36110364707347E-02    4.28743267375178E-02    4.23313343345997E-02    .042172021465959    4.27323056428394E-02    4.37297990918706E-02    4.48611950581618E-02    4.57563421271605E-02    4.62617832668793E-02    4.63611335052455E-02    4.55021362783441E-02    4.46798460508139E-02    4.30436229548608E-02 
 357522.04     19            9             2017          3 
   3.96055592868135E-02    3.75634184678517E-02    .036363465128961    3.53892600011107E-02    3.63738146875854E-02    3.77530019504182E-02    4.01032613393219E-02    4.20793086586704E-02    4.37204088610174E-02    .044546065454629    4.49112172217411E-02    4.47916168591313E-02    4.44026903339651E-02    4.39386345900172E-02    4.34697960334138E-02    4.35407570214063E-02    .043681810388354    4.45978105162761E-02    4.51741380755156E-02    4.53118918207112E-02    4.43681180553932E-02    4.26936474234568E-02    3.93776832567791E-02    3.62426328711441E-02 
 344391.8      20            9             2017          4 
   3.41457905601629E-02    3.12686027676182E-02    2.95401338905645E-02    2.90651513906182E-02    3.00884340478998E-02    3.23042827329948E-02    3.56100510241896E-02    .039283252615553    4.25525520642478E-02    4.52068265027289E-02    4.70887219921104E-02    4.81814290076012E-02    4.86733741555403E-02    5.00303122689768E-02    5.16119161464501E-02    5.28892698936938E-02    5.35571422577425E-02    5.25644331997016E-02    4.97842262704135E-02    .045689414121685    4.19199887762281E-02    3.83188571717227E-02    .036076614583666    3.45492248263823E-02 
 307502.01     21            9             2017          5 
   .037421217537326    3.57732957633757E-02    .035359442396409    3.50945019280118E-02    3.71009928774531E-02    3.93864740002025E-02    4.28608574125662E-02    4.49361296705426E-02    4.72579355050395E-02    4.71857719777588E-02    4.69549776276259E-02    4.58252625781617E-02    4.45947002458212E-02    4.31517504552247E-02    4.23384237085962E-02    .04171644162078    4.19432694063935E-02    .042599102263795    4.32146756028522E-02    4.36327877072251E-02    4.30172143681679E-02    4.16532878161105E-02    3.95925860929738E-02    3.73888943238127E-02 
 309304.257    22            9             2017          6 
   3.45533240894741E-02    3.31592900459579E-02    3.15509330045367E-02    3.14309844907421E-02    3.19357463763827E-02    3.33692465150908E-02    3.52450700195584E-02    .037727253767841    4.05352980136158E-02    4.32240725624332E-02    4.58464430381248E-02    4.80358420339734E-02    4.96380486791199E-02    5.02071971311003E-02    5.11919898684906E-02    5.09058954085136E-02    5.05414970583884E-02    4.94925608658047E-02    4.80663919489395E-02    4.53296045273554E-02    4.33314108694922E-02    4.05049375359066E-02    3.82399846474228E-02    3.59369769713111E-02 
 293539.631    23            9             2017          7 
   3.59674768508941E-02    3.37390990837367E-02    3.26653513961544E-02    3.14390676081742E-02    3.12445466530974E-02    3.16809862038697E-02    3.30552050578564E-02    3.49198515942895E-02    3.76074611657378E-02    4.01430636060349E-02    4.20779965152729E-02    4.34361100854641E-02    4.37127343867071E-02    4.35842347819552E-02    .043104945395346    4.31490960297709E-02    4.37098732951838E-02    4.60560648229387E-02    4.83914207982618E-02    5.13631167968679E-02    5.31644067903134E-02    5.37143817718007E-02    5.21830058219209E-02    4.98905030092853E-02 
 360324.83     24            9             2017          1 
   3.82503741701967E-02    3.58391898776446E-02    3.47376555863497E-02    3.43588578377321E-02    3.58559797410783E-02    3.82681641078204E-02    4.13783026909705E-02    4.43729340602894E-02    4.61280723944281E-02    4.66424411759245E-02    4.61462526049065E-02    4.52231109513741E-02    4.38766587619704E-02    4.32453951298263E-02    .042462656845977    4.24402053159229E-02    4.23028861858826E-02    4.32933255147862E-02    4.34648639855391E-02    4.43346629284818E-02    4.38110522689694E-02    4.30901478405263E-02    4.10937260242376E-02    3.93830760852992E-02 
 340473.39     25            9             2017          2 
   3.89662168927137E-02    .037356985725999    3.61303417041637E-02    3.62417444998418E-02    3.78297707008395E-02    3.98763610975589E-02    4.22849503470007E-02    4.44763098813684E-02    4.48347234226954E-02    4.45927952144806E-02    4.38015141212651E-02    4.24685756554279E-02    4.18418890377527E-02    4.20248403076375E-02    4.21323967812507E-02    4.31266294454392E-02    4.40749271000298E-02    4.47834104460043E-02    4.49585801560366E-02    4.46413747497638E-02    4.33392470159342E-02    4.20190837316611E-02    3.99654144961226E-02    3.82319164364431E-02 
 334157.47     26            9             2017          3 
   3.71550885593699E-02    3.56951171525883E-02    3.43350091939812E-02    3.46962459514222E-02    3.61990109689153E-02    .038759002908307    4.26316975505964E-02    4.56245967049233E-02    .047231205563802    4.76127329747409E-02    4.68152340160165E-02    4.46988367350055E-02    4.31250558915008E-02    .041623459858798    4.04655921138393E-02    4.03757556327037E-02    4.09399193823574E-02    4.20001096806993E-02    4.33667084273546E-02    .044494442666881    4.45787732296543E-02    4.40465081524663E-02    4.27691467822416E-02    4.07607520060078E-02 
 324273.19     27            9             2017          4 
   3.95329312502292E-02    3.74758700275993E-02    3.56414280511827E-02    .03550848651815    3.71179632567296E-02    3.94793047125635E-02    4.24365340638784E-02    4.47173257919118E-02    .045532101632423    4.51443745675136E-02    4.41662797645636E-02    4.29564046030524E-02    4.16311000282663E-02    4.13286718937125E-02    4.07016085100575E-02    4.09943846508325E-02    4.13799554512971E-02    4.26497181473744E-02    4.33226985198422E-02    4.45594035136701E-02    4.45999238182858E-02    4.42632966068672E-02    4.31563890956804E-02    4.17038498609382E-02 
 335993.42     28            9             2017          5 
   .038528136042999    3.69580456553286E-02    3.57873073963398E-02    3.54189966121584E-02    .036060974051218    3.75102299017865E-02    4.01607857845103E-02    .042037729163342    4.40381839592647E-02    4.49039758864549E-02    4.52073730575215E-02    .044665576616798    4.47394480411253E-02    4.42444984534593E-02    4.42154189916874E-02    .044288398122685    4.45520926003179E-02    4.46152797566318E-02    4.46141462243889E-02    4.43408080032118E-02    4.31522732880081E-02    4.17740317792161E-02    4.00654266579462E-02    3.81208666275741E-02 
 318790.213    29            9             2017          6 
   3.80103578591511E-02    3.65972334406326E-02    3.50481580362224E-02    3.43096788976706E-02    .034246564923756    3.53385687023899E-02    3.68312756054167E-02    3.91957444645972E-02    4.13583913588495E-02    4.44372492584959E-02    4.62523909738487E-02    4.90070557045693E-02    5.07537532361055E-02    5.29083986888267E-02    5.38800408138628E-02    5.40819638689786E-02    5.23077207929373E-02    4.92157518022675E-02    4.47423088118769E-02    4.01757617585252E-02    3.65084303056615E-02    3.32235414132679E-02    3.13787557661784E-02    3.01909001094789E-02 
 254789.084    30            9             2017          7 
   3.65126989089336E-02    3.57230292119775E-02    3.57319060394872E-02    3.61952335078256E-02    3.70799841460732E-02    3.83719841597001E-02    .039612804433372    4.09435504959172E-02    4.17198014652778E-02    4.28921827786684E-02    4.29122782910315E-02    4.32481259307993E-02    4.22441973674292E-02    4.15150825054577E-02    3.99203121497348E-02    .038414961649711    3.84482727498345E-02    3.90171256132484E-02    4.17733767221558E-02    4.51567626630052E-02    4.86948261733615E-02    .050790363052308    5.20035639740653E-02    5.10775797821268E-02 
