 267907.275    1             2             2017          4 
   3.82074714854701E-02    3.54262503521508E-02    3.30141262844579E-02    .030430864194874    3.11775788668393E-02    .031969455138443    3.77734797946883E-02    4.10306884046915E-02    4.44640416516311E-02    5.21764487183579E-02    4.58350012086738E-02    4.93163538053884E-02    4.34987436709679E-02    4.34452182721149E-02    3.74212306174776E-02    4.60780307232698E-02    4.07274883807747E-02    4.71108150315254E-02    4.75551844675084E-02    4.78008676521102E-02    .047165386588746    .045312691151724    4.32719132078907E-02    3.97906699657092E-02 
 276110.145    2             2             2017          5 
   .035004327003948    3.20825777528475E-02    .03066389431177    3.00159206222303E-02    3.21799120974439E-02    3.46888321563212E-02    3.76495399032694E-02    4.01938143992319E-02    4.26070553632682E-02    4.30837496085575E-02    4.42548741791523E-02    4.43561026049043E-02    4.46976322675956E-02    4.53910899568268E-02    4.59964621863134E-02    4.63506679496963E-02    4.70726999183605E-02    4.76592065448645E-02    4.76444295502525E-02    4.84047409379416E-02    4.76893370420163E-02    4.64618208002643E-02    4.44264365720789E-02    4.14248816468696E-02 
 284827.514    3             2             2017          6 
   3.66152487411644E-02    3.34688955108722E-02    3.02562055317714E-02    2.80064698510613E-02    2.64722079608986E-02    2.73769204589993E-02    .029259025132751    3.30586931662262E-02    3.77271847212591E-02    4.29057917487564E-02    4.74667278039895E-02    5.17875891492614E-02    5.59951177866633E-02    5.91266971359024E-02    6.08815832307549E-02    6.06318912693772E-02    5.82346824954207E-02    5.32400101156046E-02    4.80924388670102E-02    .042826762285244    3.83996963125638E-02    3.51881034887047E-02    3.26661310207026E-02    3.03159387774683E-02 
 243286.304    4             2             2017          7 
   3.34855479382534E-02    3.09926003697787E-02    2.93545081957737E-02    2.81831030993066E-02    .027953949221413    2.87156526493164E-02    .031219648880363    3.41757832779604E-02    3.82224557943056E-02    .041611711813882    4.48076593894492E-02    4.65554353799033E-02    4.77949207094494E-02    4.78940234997261E-02    4.76545535227191E-02    4.80300354461692E-02    4.87012602623738E-02    4.93543616593189E-02    5.01844544018701E-02    .051009035858786    .050058674259567    4.95437242957684E-02    4.82421336411317E-02    4.62547632382339E-02 
 266060.804    5             2             2017          1 
   3.96658954659947E-02    3.70789779892287E-02    3.36273211794662E-02    3.04618786090059E-02    2.97289634367282E-02    3.04515426258071E-02    3.30293427083025E-02    3.80495363547612E-02    4.25047562036797E-02    4.65156829338906E-02    4.93890495586678E-02    5.09989817144392E-02    4.99002843185613E-02    4.94772981538555E-02    4.72094711243149E-02    4.53812427097492E-02    4.40327933107539E-02    4.34002685775636E-02    4.29575867857822E-02    .04378946459265    4.39388298271285E-02    4.40516227119647E-02    4.30498948970984E-02    .041309316794602 
 269292.143    6             2             2017          2 
   3.81237261789513E-02    3.55830556285019E-02    3.27075554347403E-02    3.09068166560842E-02    3.08735335066943E-02    3.17002379085379E-02    3.89440626127922E-02    3.77478528785465E-02    4.56872584157143E-02    .043950445912657    4.62045035069033E-02    4.26857986544097E-02    4.72769077584544E-02    4.25702722553996E-02    4.65218538758574E-02    4.59582669491865E-02    4.57227971893057E-02    4.60072850719042E-02    4.63557898902383E-02    .046716885588359    4.66316614334437E-02    4.56877806181018E-02    4.39828659775454E-02    4.14527881574696E-02 
 268824.305    7             2             2017          3 
   3.80694380828958E-02    3.49118808635067E-02    3.16540388712248E-02    3.04606006688551E-02    3.08343127505249E-02    3.33167404985014E-02    3.65964877715391E-02    4.66647178779556E-02    4.40119811129987E-02    .05213844067457    4.75290719213893E-02    4.79257645679117E-02    4.14502693264659E-02    4.58343224687682E-02    .038719414624963    4.26685371464087E-02    4.18372153945027E-02    4.24234341285194E-02    .04398054721675    4.55832291012991E-02    4.72754501832061E-02    4.74962648582873E-02    4.56284636876956E-02    4.29893786715081E-02 
 267240.261    8             2             2017          4 
   3.92908231883144E-02    3.54777676654978E-02    3.25463691839176E-02    3.12158716807738E-02    3.15063406382188E-02    .033868772525166    3.63796692470956E-02    3.99042802665033E-02    4.15437774245962E-02    4.30631959552027E-02    4.31861943277701E-02    4.37736806571597E-02    4.35921960267431E-02    4.48479970227521E-02    4.51040210275895E-02    4.61629932009477E-02    4.66138983136321E-02    .046985173682812    4.72511518623685E-02    4.74426272099959E-02    4.69323734366601E-02    4.65169803173389E-02    4.45126027261008E-02    4.22812414481215E-02 
 263877.942    9             2             2017          5 
   3.94706747776876E-02    3.51435195344028E-02    3.19739669993902E-02    2.93083428523651E-02    2.93352033416173E-02    3.09800881881309E-02    .035501214060126    3.92282494251168E-02    .043904653942475    4.67310376365695E-02    4.87456039369805E-02    4.92230604209142E-02    4.86959982607698E-02    4.76407007832621E-02    4.56085482270057E-02    4.41524195659181E-02    4.25063948694886E-02    4.30699507309993E-02    4.29450076368073E-02    4.41792134405649E-02    4.52868848012219E-02    4.59156970704186E-02    4.53156104994274E-02    4.51379530474358E-02 
 299373.591    10            2             2017          6 
   3.77302499928509E-02    3.56322005829499E-02    3.35501546408531E-02    3.20095876303014E-02    3.12765563880349E-02    3.28350220997366E-02    3.27553929410393E-02    3.62620508855272E-02    3.77114411882526E-02    4.10942728714588E-02    4.46437839664855E-02    4.94761755774326E-02    5.23616667153266E-02    5.68810349323698E-02    5.80327431190315E-02    5.77957769724418E-02    5.58694565805906E-02    5.18946564275855E-02    4.70923308506277E-02    4.27711401059671E-02    .038133523681035    3.46896661364997E-02    3.15026110793036E-02    2.79985040340866E-02 
 233727.012    11            2             2017          7 
   3.10644458059313E-02    .026663319463825    2.26151648331676E-02    2.06784477970661E-02    2.06767932225833E-02    2.36253180697831E-02    .028032703383039    3.41012146255479E-02    3.94428621056752E-02    4.42078109923918E-02    4.67807286300096E-02    .047908881021313    4.79067417734969E-02    4.74911302119308E-02    4.65566215301743E-02    4.71909920720353E-02    4.87315931135829E-02    5.08082052578501E-02    .053799299883126    5.63971614845378E-02    5.67724281693209E-02    5.61040427515391E-02    5.32864820706945E-02    .049157604260724 
 264284.099    12            2             2017          1 
   .039199408184741    3.54384297504123E-02    3.16873505531069E-02    2.99505794862918E-02    2.91056598374369E-02    .030820241685019    3.38977552157328E-02    3.86050844509472E-02    4.26338189558938E-02    .047075136218988    4.89592060112459E-02    5.00145481877345E-02    4.89315849598276E-02    4.74356953272471E-02    4.52499408363952E-02    4.42857130259093E-02    4.36233583653381E-02    .044088275163785    4.45989006453146E-02    4.57914058222909E-02    4.57454680415241E-02    4.59232330638155E-02    4.43874213122353E-02    4.25517835094006E-02 
 259985.926    13            2             2017          2 
   3.99430838746152E-02    3.69410846853879E-02    3.30056816049054E-02    3.07658969020981E-02    .030151393611519    3.12634223311284E-02    3.48153949506963E-02    3.85695119259552E-02    4.24603362712411E-02    4.51424037793396E-02    4.68986925084552E-02    4.70321620229262E-02    4.63082759333673E-02    4.57649772934247E-02    4.46108395486281E-02    4.41729665373309E-02    4.41907371807599E-02    4.50780185332994E-02    4.55561957094651E-02    4.63687021309665E-02    4.70123141937402E-02    .046018529179441    4.51155581254425E-02    4.28138184463685E-02 
 249171.588    14            2             2017          3 
   4.21122247769075E-02    3.78992841057284E-02    3.49753961515066E-02    3.20689174479134E-02    3.18122622955812E-02    3.31476403935448E-02    3.63878303675718E-02    3.98663021110075E-02    4.31361763858586E-02    4.47815896437097E-02    4.58126860216603E-02    4.55848137456486E-02    4.51383342698265E-02    4.48572426749754E-02    4.43785745059043E-02    4.36868017457311E-02    4.30010920451532E-02    4.27327222935125E-02    4.27517854621431E-02    4.41810802356607E-02    4.49825759540951E-02    .046247008024396    4.58586390751541E-02    4.45990237470915E-02 
 261567.425    15            2             2017          4 
   3.98594757343637E-02    3.69725901278131E-02    3.40600030936096E-02    3.24114342243687E-02    3.25039056014907E-02    3.38490154295303E-02    3.68930702690712E-02    4.02036672822027E-02    4.24984120072004E-02    4.44215090107742E-02    4.51438483069901E-02    4.54773769731648E-02    4.51966437585357E-02    4.57224365763436E-02    4.50296516818274E-02    4.46942487976571E-02    4.40807560182618E-02    4.37046766299836E-02    4.37602647410128E-02    4.46161439361667E-02    .045298187545477    4.57483582806135E-02    4.47998845027721E-02    4.30544424575709E-02 
 263030.449    16            2             2017          5 
   3.95197977867954E-02    3.62729882677005E-02    3.27828497730789E-02    3.13288385732197E-02    2.98246831669572E-02    3.14519231823328E-02    3.28092733120225E-02    3.59850433490117E-02    3.79672765744604E-02    .041272257234228    .042332930091204    4.43243746135642E-02    4.51941608847252E-02    4.61643877908504E-02    4.68886385409983E-02    4.77070999558496E-02    4.85143451965898E-02    4.88195951756996E-02    4.91084200127149E-02    4.92806426768959E-02    4.82481012172188E-02    4.72783681049223E-02    4.47211732259846E-02    4.22028321246279E-02 
 289497.576    17            2             2017          6 
   3.48417074267662E-02    3.26828284371369E-02    2.99549140266377E-02    2.92546065923277E-02    2.96191592453524E-02    3.16010411247364E-02    3.42539603045329E-02    3.79755176689286E-02    4.15947864231858E-02    4.49923989335493E-02    4.82988850872105E-02    5.15658901244565E-02    5.41322672637853E-02    5.71947794132825E-02    5.77732330909051E-02    5.74992400799929E-02    5.43805590933946E-02    5.05594218796671E-02    4.51882899034187E-02    4.14356138361069E-02    3.73035594573079E-02    3.50138334901809E-02    3.25259193351156E-02    3.03575951023248E-02 
 248596.549    18            2             2017          7 
   3.24732457022412E-02    3.00811214731756E-02    .027435920269578    .026480657219421    2.62251702311694E-02    2.80609760854172E-02    3.14730841161285E-02    3.63793279794282E-02    4.09922435143599E-02    4.55448006779752E-02    4.84035287043043E-02    4.99606293370649E-02    4.97866526661338E-02    4.89313315296666E-02    4.72007374072095E-02    4.57083594900889E-02    4.49560148811639E-02    4.52641430900354E-02    4.58708301623487E-02    4.81211426631671E-02    4.95500038535833E-02    5.05393586789091E-02    5.11204214325698E-02    4.94403099283872E-02 
 277373.787    19            2             2017          1 
   4.16431554383418E-02    3.82983909238781E-02    3.42578320473196E-02    3.09415961332803E-02    3.06170326927378E-02    3.11723774771298E-02    3.48973578555478E-02    3.85032067699948E-02    4.22155617552101E-02    4.45204635372141E-02    4.63252504687835E-02    4.68357515183113E-02    4.67332555766165E-02    4.65761739973828E-02    4.54951431883143E-02    4.49110585587707E-02    4.32533648515784E-02    4.37712594665624E-02    4.31978814239483E-02    .044823487057061    4.55845173116972E-02    4.63795438844497E-02    4.55961252094633E-02    4.34502132507298E-02 
 270153.987    20            2             2017          2 
   4.12084604282094E-02    3.68980751314064E-02    3.34366703412284E-02    3.00821020445924E-02    3.00196376694137E-02    3.04613779226308E-02    3.35447105753338E-02    3.71545152494362E-02    4.11908778633443E-02    4.39343869638596E-02    .046139983085369    4.65724765867512E-02    4.62943763682544E-02    4.53983668384191E-02    4.48174409195838E-02    4.43653260855354E-02    .04477798136406    4.54679958195934E-02    4.66091599478226E-02    4.75571363675636E-02    4.79252604749176E-02    4.73781260479324E-02    4.56139484591893E-02    4.31516121882184E-02 
 264523.981    21            2             2017          3 
   4.03296891327029E-02    3.65524515525872E-02    3.28484882836577E-02    3.07403123676998E-02    3.08176217868126E-02    3.28817548504704E-02    .036652535519549    4.04418156633028E-02    .043401923583537    4.49687009840045E-02    .045712150237666    4.58471473022138E-02    4.58592083247171E-02    4.59306552082512E-02    .045626866588799    4.49039435932087E-02    4.37651829747999E-02    .043432207197738    4.34534127420474E-02    4.44507895285588E-02    4.56518525086956E-02    4.64594167846449E-02    4.56803197705636E-02    4.35915478136744E-02 
 263537.544    22            2             2017          4 
   3.99941125478216E-02    .035113733583914    .030886820870056    2.84361260360165E-02    2.85316580393475E-02    3.13822918125662E-02    3.58770076287973E-02    4.02094518848233E-02    4.38111757178609E-02    4.59672630529447E-02    4.69752803038948E-02    4.75609268171293E-02    .048124376836892    4.79038756108409E-02    4.76877025157372E-02    .046332486157551    4.53190068646348E-02    4.46481725069218E-02    4.46629355837152E-02    4.50218962385773E-02    4.55157552487569E-02    4.51140283616478E-02    4.34792695870119E-02    4.14446441322323E-02 
 271101.185    23            2             2017          5 
   3.69502618206003E-02    .033541580090751    3.01900671820422E-02    2.87681771441261E-02    .028616068563685    3.14325457139739E-02    3.54109956790672E-02    4.03135809617081E-02    4.39812181254851E-02    4.66315921223749E-02    4.75651544148083E-02    4.77872880920366E-02    4.69650483948917E-02    4.72082045503139E-02    4.70093123105954E-02    4.70618757104935E-02    4.69863662540335E-02    4.72371590876207E-02    4.63958132862367E-02    4.62670055797156E-02    4.53927572225016E-02    4.43937932655569E-02    4.29186968338501E-02    4.09754396107675E-02 
 292729.119    24            2             2017          6 
   3.54781923830406E-02    3.28722008370647E-02    3.02286285522811E-02    2.83118007011885E-02    2.79643748608633E-02    2.89039417039512E-02    3.17052063049969E-02    3.58486720800485E-02    4.02067967666466E-02    4.45122450337354E-02    4.83835715484031E-02    5.13621278301579E-02    5.38428168861551E-02    5.65999353783113E-02    .057723027334018    5.80047511006242E-02    5.63672984284662E-02    5.31005931246286E-02    4.84367250247831E-02    4.35079702634144E-02    .03938074110228    3.54006456210716E-02    .032460727609789    2.93970150085667E-02 
 234952.058    25            2             2017          7 
   3.31287789983414E-02    2.87859797989618E-02    2.58156929841087E-02    2.34054127857171E-02    2.32833113301034E-02    2.50288802069676E-02    2.88135930619567E-02    3.38900546507982E-02    3.86363437453376E-02    .042993877499894    4.62167050306812E-02    4.79107091990763E-02    4.87668014023631E-02    4.90359179733169E-02    4.87838261521527E-02    4.86209812615261E-02    4.93386600876784E-02    4.99264836323545E-02    5.11042130946667E-02    5.21386786224703E-02    5.28530821793759E-02    5.20671339403101E-02    5.09834645580121E-02    4.84714203309405E-02 
 280441.728    26            2             2017          1 
   3.74875010409025E-02    3.41259828828861E-02    3.18059404149193E-02    .029898594393779    3.03116878147855E-02    3.21818192476692E-02    3.55887665736837E-02    3.90212978409279E-02    4.28397019400141E-02    4.58875721913342E-02    4.79703947289363E-02    4.96156193954935E-02    5.00114931908867E-02    4.92968735045913E-02    4.76460842350554E-02    4.59000525023954E-02    4.36295621623309E-02    4.27099784389076E-02    4.21198728381641E-02    4.32453120495053E-02    4.41824775504254E-02    4.55964612749248E-02    4.51866411497882E-02    4.37403179585404E-02 
 281007.847    27            2             2017          2 
   3.99542230410117E-02    3.61462847279048E-02    3.12559318294588E-02    2.86382144633892E-02    2.82600642276281E-02    3.04121393616723E-02    3.43908983605269E-02    3.88347174930047E-02    4.26828640360442E-02    4.59940899633045E-02    4.86847955185839E-02    4.99880356488319E-02    .050805201024333    4.96479025203609E-02    4.81229993185475E-02    4.55895089848683E-02    4.49010238460085E-02    4.42362014416007E-02    4.54360608956144E-02    4.56500055161271E-02    4.57185819207301E-02    .043806925590053    4.18272315129958E-02    3.90160993551365E-02 
 247472.31     28            2             2017          3 
   4.02689504749542E-02    .036089896279709    3.18730616581407E-02    2.93441388105451E-02    2.91602798567898E-02    3.32337173588734E-02    3.86336665112654E-02    4.56727865836788E-02    5.15953478668987E-02    5.61137116461636E-02    4.61579300339198E-02    4.66617861206371E-02    3.40893686436575E-02    3.16271218952233E-02    2.91063399521092E-02    3.83990956023524E-02    3.63448727228311E-02    4.74634106854722E-02    4.85744843281659E-02    5.02190733101614E-02    5.06874495751666E-02    5.17065937409826E-02    4.96526273611177E-02    4.73242852718048E-02 
