 317860.64     1             11            2018          5 
   .038322172734449    3.58731428850392E-02    3.39911547252673E-02    3.36175326070177E-02    3.45057830168513E-02    3.61027725566305E-02    .039995515015637    4.15922219040316E-02    4.48106441837608E-02    4.47075163682581E-02    4.46184228084594E-02    4.31113133366796E-02    4.27680823868677E-02    .041213911459555    4.24340376070548E-02    4.30878778501406E-02    4.40442073037889E-02    4.56521127171486E-02    4.66992715787727E-02    4.66718052377057E-02    4.64822874843438E-02    4.53233522893083E-02    4.31924189225662E-02    .041182451131532 
 332436.48     2             11            2018          6 
   3.65239711075782E-02    3.40092637302471E-02    3.22687203422666E-02    3.09359557482229E-02    3.12763197602065E-02    3.27713745213071E-02    3.56074338199511E-02    3.82252888393897E-02    .04211439235418    4.45735675062271E-02    4.76044037937338E-02    5.02767922574261E-02    5.30494730245158E-02    5.50187813323014E-02    5.56554748631979E-02    5.47801196675227E-02    5.17712154364046E-02    4.78190888386031E-02    4.39554659904503E-02    .040646501499512    3.77142125861909E-02    3.65629235677595E-02    3.39204339079679E-02    3.29188298524729E-02 
 283819.915    3             11            2018          7 
   .035911715218918    .03471085815983    3.25891514529997E-02    3.23299470105894E-02    3.10963921986412E-02    3.24526212169167E-02    3.33701161020537E-02    3.62533057493517E-02    3.90244635295413E-02    4.14832051712263E-02    4.35349986253607E-02    .044677238519582    .044752251011438    4.48523502460178E-02    4.45979628986306E-02    4.52556684083902E-02    4.63006958842634E-02    .047965872732627    4.91952435534695E-02    5.03216627313221E-02    4.94920523040992E-02    4.88351932267508E-02    4.67427022012356E-02    4.42543285435943E-02 
 310585.97     4             11            2018          1 
   3.75321838477202E-02    .03514646846411    3.28450129132121E-02    3.24353349281601E-02    3.40283230648265E-02    3.71784673710873E-02    4.05740147456194E-02    4.43950840225494E-02    4.57744449648675E-02    .046365263667979    4.56449801312258E-02    4.46391382040293E-02    4.34649055259966E-02    5.36387379414627E-02    4.29903520603732E-02    5.35984599932186E-02    4.38972190262249E-02    4.42524510353365E-02    3.45304390983115E-02    4.51047745532421E-02    3.45429626789404E-02    4.41541206469339E-02    .042723083820198    4.05437827024994E-02 
 292855.58     5             11            2018          2 
   4.07950552634596E-02    3.83750937972993E-02    3.71048064352231E-02    3.65519428712524E-02    3.79264404883885E-02    3.93317766847314E-02    4.18743588509992E-02    4.28105538242177E-02    4.36233111150725E-02    4.23437735130828E-02    4.15804253083124E-02    4.07233475637121E-02    4.07600550766781E-02    4.12464396273412E-02    4.23662755386546E-02    4.27273416804539E-02    4.27151169582034E-02    4.30300819584008E-02    4.33406786044934E-02    4.38997612374758E-02    4.50312416469066E-02    4.51894761041432E-02    4.44340509599476E-02    4.22185918236986E-02 
 294254.3      6             11            2018          3 
   3.95464398003275E-02    3.63420672877593E-02    3.43330229955433E-02    3.34494700353572E-02    3.46867309213918E-02    3.64611149055426E-02    3.92943791783587E-02    .041611388782169    4.26344163927681E-02    4.27572341338767E-02    .042084618909987    4.11290519480089E-02    4.02896054482042E-02    4.06173838198796E-02    4.10677442999559E-02    4.26035584643538E-02    .044228036902307    .046199698563241    4.75287865111487E-02    4.84693327176952E-02    4.84263114952781E-02    .047550401663629    4.56025289498743E-02    4.30866785283597E-02 
 287962.019    7             11            2018          4 
   .040381888679953    3.66252829672218E-02    3.35275131913317E-02    3.17254939953991E-02    3.20538352294821E-02    3.38667065510209E-02    3.69821008571533E-02    3.96102584625926E-02    4.18184659373863E-02    4.23785746615251E-02    4.30125829697527E-02    4.27204267919878E-02    4.29656305700597E-02    .043490076496425    4.43886324966176E-02    4.48272991526445E-02    4.59107753731665E-02    .046610835822154    4.71013518995538E-02    4.74419153401008E-02    4.74473685332179E-02    4.66872347864216E-02    4.52588847967134E-02    4.31668730655587E-02 
 301768.247    8             11            2018          5 
   3.82197593029892E-02    3.55252408264064E-02    3.29376506911776E-02    3.23724404621504E-02    3.30504461435683E-02    3.54922031338672E-02    3.83830319743266E-02    4.10393737774952E-02    4.26722817143763E-02    4.32926259592514E-02    4.34946351551941E-02    4.31174928566126E-02    4.34049651167407E-02    4.32229358124366E-02    4.37383645913382E-02    4.41233965847391E-02    4.50825770094194E-02    4.60078556937685E-02    4.70359625376274E-02    .047540919186736    4.73421234719072E-02    .046423902795926    4.45326834028615E-02    4.19471223236834E-02 
 316553.55     9             11            2018          6 
   3.71842293497814E-02    3.46314239575342E-02    3.22245938177364E-02    3.12152550640721E-02    3.12015546520486E-02    3.24993362842953E-02    3.48833869054304E-02    .038411352518397    .041465433805552    4.52008522235022E-02    4.81981019433758E-02    5.08831451562461E-02    .053476857430599    5.50446830994314E-02    5.53006935457682E-02    5.41836580157607E-02    5.15701062120848E-02    4.75431414220832E-02    4.42252508501326E-02    4.08564673042681E-02    3.82044673503898E-02    .03620272023288    3.39830036014049E-02    3.14102846402291E-02 
 274914.488    10            11            2018          7 
   3.34420821452851E-02    3.10618391613286E-02    2.97624365289908E-02    2.93654043349518E-02    3.10803001575075E-02    3.30289991505468E-02    3.64720690723019E-02    .038850663816461    .041721773215077    4.24972522785431E-02    4.31636029480101E-02    4.31811012868936E-02    4.29343697354993E-02    .043329474838827    4.35847886043387E-02    4.50685951684911E-02    4.60167095895288E-02    4.78193795096568E-02    4.91703073968677E-02    5.05098503518574E-02    5.08950269417503E-02    5.06759034069623E-02    4.95109601987855E-02    4.68571165129446E-02 
 302817.257    11            11            2018          1 
   3.99874168426686E-02    3.69369648924103E-02    .034644195827857    3.29835472510323E-02    3.38709236617664E-02    3.51812520195142E-02    3.80853117906603E-02    .040508458064033    4.24627391539727E-02    4.28517842549013E-02    4.36989297444911E-02    4.33753344667788E-02    4.32698246433657E-02    4.36312643988037E-02    4.36594341059136E-02    4.39302244856045E-02    4.45073697017703E-02    .045206836267756    4.58868823441922E-02    4.66152442250839E-02    4.66095973839678E-02    4.58695451552485E-02    4.43049057770922E-02    .041922016224252 
 292737.08     12            11            2018          2 
   3.98401876363339E-02    3.66931991018613E-02    3.34535673081627E-02    3.22348135579972E-02    3.30140097205571E-02    3.55750282226375E-02    3.87584989393469E-02    4.21682152302418E-02    4.40561881768189E-02    4.45792851579479E-02    4.43761345131355E-02    4.34396639832064E-02    4.21801713514137E-02    4.17167515610339E-02    4.13494244242137E-02    .041603508678974    4.27989506616312E-02    4.48127731258455E-02    4.63400475105938E-02    .04789950067459    4.83478552185377E-02    4.71782036300714E-02    4.53453309216072E-02    4.22386876241472E-02 
 301775.06     13            11            2018          3 
   3.74046484791106E-02    3.39783200451108E-02    3.09450306349454E-02    2.95712386062901E-02    3.03934569831168E-02    3.30057542745994E-02    3.66986597049306E-02    4.07575442170818E-02    4.37666052386006E-02    .045117942240033    4.57256130091566E-02    .045461543960094    .045061906607897    4.52165256020908E-02    4.56010181888457E-02    4.64067844315895E-02    4.69889064991819E-02    4.80990372224597E-02    4.78096168715864E-02    .047827379610371    4.65918223991075E-02    4.49468872920612E-02    4.26940516555609E-02    .039929708038373 
 292006.883    14            11            2018          4 
   3.80651645086822E-02    3.45758618588367E-02    3.26390429478763E-02    3.07997007364207E-02    3.21011703525923E-02    .033106240170373    3.72344638416023E-02    3.94019132857649E-02    4.28063205427079E-02    .045160954546104    4.65400322965161E-02    4.69859463092262E-02    4.69870432439858E-02    4.58903894067199E-02    4.39568746772914E-02    4.38819787811303E-02    4.28628595032125E-02    4.40581404837553E-02    4.54518061287446E-02    4.67330092063703E-02    4.73139866556673E-02    4.68364287505939E-02    4.48226070260988E-02    4.17880574089927E-02 
 283235.734    15            11            2018          5 
   3.95612861542216E-02    3.56822569371667E-02    3.29344043690211E-02    3.17681041781525E-02    3.26835539424732E-02    .034448733452141    3.79688315839854E-02    .040383357015344    4.21917798216891E-02    4.35105762467105E-02    4.31089328381672E-02    4.34534138630703E-02    .042990584396256    4.34246757927621E-02    4.32187339883816E-02    .044850659875821    4.52474348794121E-02    4.73199134883436E-02    .048191695866887    4.87265135964447E-02    4.75127533530515E-02    4.61665980092664E-02    4.36947688312344E-02    4.09604388439825E-02 
 287081.897    16            11            2018          6 
   3.73275350424221E-02    3.46071556390231E-02    3.13161978185009E-02    2.90713639275119E-02    2.84657906645843E-02    2.87915242200904E-02    3.13913478679309E-02    3.47845433643366E-02    3.88959028312137E-02    4.22741751306771E-02    4.63093980591538E-02    4.95961616007087E-02    5.37077047586355E-02    5.63442360012342E-02    5.85209341195415E-02    5.78354467457939E-02    5.52537438798344E-02    5.07811185452422E-02    4.65962520433237E-02    4.21608275479749E-02    3.95446043714226E-02    3.74395253523684E-02    .035653170714601    3.33313430603132E-02 
 260538.101    17            11            2018          7 
   3.47104230076218E-02    3.17949162812659E-02    .029973543101859    2.81031840149649E-02    2.76892776477489E-02    2.77479115562977E-02    2.97910819349317E-02    3.26527562637566E-02    .036680957881761    4.03307996819149E-02    4.38481370199382E-02    4.55731426362953E-02    4.62721204474619E-02    4.60468167583385E-02    4.54297869841598E-02    4.58565554786649E-02    4.68136904091429E-02    4.90588897051088E-02    5.12872406076127E-02    5.32616549227382E-02    5.37491451022455E-02    5.36135033530566E-02    5.12727311234989E-02    .048441743735113 
 290079.295    18            11            2018          1 
   3.98116324484224E-02    3.61680772547468E-02    3.27897411637049E-02    3.15169850529577E-02    3.15592620168306E-02    .033994109454408    3.72065157003019E-02    4.06348549562112E-02    4.28016755998131E-02    4.41993268437601E-02    4.47703789439281E-02    4.47331484180903E-02    4.45983220025666E-02    4.40702269066205E-02    4.36654749706024E-02    .043111073759375    4.31488227318155E-02    4.41421361237192E-02    4.52874116013261E-02    4.67348404522029E-02    4.80305563410687E-02    4.77407042917351E-02    4.62438715194668E-02    4.30408511770032E-02 
 280130.725    19            11            2018          2 
   .040135227406999    3.49246334568441E-02    3.11001669120283E-02    2.87175739279849E-02    2.99410226801255E-02    .032075827471933    3.63360699165541E-02    4.00483748201398E-02    4.23998822893312E-02    4.39003954649209E-02    4.47483219943564E-02    4.41891557392535E-02    4.38087250938825E-02    4.45054003916386E-02    4.37744916346645E-02    4.47818791510196E-02    .045725938253917    4.66356558286314E-02    4.73995848835396E-02    4.85101747753214E-02    .048235801617709    4.78608685451676E-02    4.64579172422536E-02    4.37869125934419E-02 
 280316.974    20            11            2018          3 
   4.02589240479779E-02    3.62950902959323E-02    3.28316282955898E-02    3.08354958577178E-02    3.11007752078278E-02    3.27014185566676E-02    3.60142314843374E-02    3.88210533241291E-02    4.10543092069854E-02    .042128950639063    4.29139889732471E-02    4.31409119121431E-02    4.39883098976197E-02    .044406516712131    4.51390788771857E-02    4.54491213088295E-02    4.59541195195782E-02    4.67455819429793E-02    4.80189625385921E-02    4.84883216860603E-02    4.89947482463638E-02    4.78388093381655E-02    4.51814938914027E-02    4.16981534457935E-02 
 279899.795    21            11            2018          4 
   3.77117103640608E-02    3.34739005100915E-02    3.00774143452838E-02    2.84784953129387E-02    2.91502532266726E-02    3.09106157080251E-02    3.55899689029783E-02    3.91150341466399E-02    .042692242074302    4.45052479071126E-02    .045839224885597    4.52539812618477E-02    .045716252584474    .045528828506734    4.57402985783269E-02    .046618183203296    4.69563762207293E-02    4.78860999891497E-02    4.81325818930575E-02    4.82701660082048E-02    4.75772422468637E-02    4.67807064890848E-02    4.50086786304184E-02    4.29864914915354E-02 
 284616.178    22            11            2018          5 
   3.97615838937395E-02    3.70806055668944E-02    3.47395930364594E-02    3.29701047257844E-02    3.33940068908346E-02    3.43599150407835E-02    3.69535910349762E-02    3.96816173725638E-02    4.20215044838386E-02    .042987048931254    4.41449268269019E-02    4.36494164366335E-02    4.32880162088414E-02    4.27690024001376E-02    4.28534671667979E-02    4.28988613603598E-02    4.41343485730281E-02    4.51310959528889E-02    4.65499887459402E-02    4.72291140171062E-02    4.76218201120229E-02    4.68468798102281E-02    4.56086167923754E-02    4.33248736863352E-02 
 293581.978    23            11            2018          6 
   3.94403986009489E-02    3.65779601185618E-02    3.42534656378414E-02    3.23218055618353E-02    3.18054696644646E-02    3.17486286413415E-02    3.32087390755556E-02    3.50769153660805E-02    3.82824590106907E-02    4.17989218542904E-02    4.61654686766059E-02    5.00253460349072E-02    5.39356345417003E-02    .056522676138179    5.71049706408579E-02    5.62703842233974E-02    5.28474190084226E-02    4.87952308524367E-02    .044274719634272    4.08679372129239E-02    3.77068771241554E-02    3.58962437209787E-02    3.36300438873925E-02    .031442283202113 
 253357.912    24            11            2018          7 
   3.29726734380117E-02    2.99953647718775E-02    2.72234959291009E-02    2.53097475980442E-02    2.50322752896701E-02    2.64685829205277E-02    2.89007161444252E-02    3.24795970477725E-02    .036775644056559    3.99747143331762E-02    4.33799375115824E-02    4.54688371778084E-02    .04710376027871    4.78527007736095E-02    4.80332329600782E-02    4.90908284904381E-02    4.98083125903129E-02    5.14139455128305E-02    5.27741561116118E-02    5.41273014522041E-02    .053629545725663    5.32481489812325E-02    .050777771626538    4.81587077826782E-02 
 272285.063    25            11            2018          1 
   4.16069470373867E-02    3.83390849326538E-02    3.54046244197575E-02    3.37032358448267E-02    3.36060476614815E-02    3.48113095332556E-02    3.69484094689395E-02    3.85664180569189E-02    3.97307502826551E-02    3.97103320847148E-02    3.95975818847066E-02    3.92394259626078E-02    .039524201183871    4.00896378598355E-02    .041034936225321    4.24301630140284E-02    4.37972246686371E-02    4.61757241561852E-02    .048531492124579    .050037815716272    5.12505519468213E-02    5.09245350501471E-02    4.87934210572634E-02    4.61461244042792E-02 
 291847.51     26            11            2018          2 
   4.00276491190982E-02    .036224430236273    3.35821343984997E-02    3.21333061591822E-02    3.22020057505802E-02    3.36565759653903E-02    3.65333257640266E-02    3.86663926983221E-02    .051357848337476    4.16016899009178E-02    5.37820929905313E-02    4.31290654203714E-02    4.57348414909382E-02    3.57502119910583E-02    4.80706175600487E-02    3.74261192996387E-02    4.84232337473515E-02    4.70894558246788E-02    4.70588553783618E-02    4.61539320868285E-02    4.55696894265947E-02    .044318862303725    4.22846169091866E-02    3.92230531301261E-02 
 279711.157    27            11            2018          3 
   3.70507208620212E-02    .033125958559145    3.11423030200222E-02    3.03400489502551E-02    3.25950537443614E-02    3.54472356806543E-02    3.94505527915892E-02    4.18910342158339E-02    4.35913966778236E-02    4.37528844152434E-02    4.35962600932736E-02    .042791928685249    4.26223969354841E-02    4.23462540915467E-02    4.24386345458236E-02    4.30125140776026E-02    4.45348713445313E-02    4.61644437048233E-02    .048057897376346    4.90841688107475E-02    .049321557949376    4.80787056721695E-02    4.61602261844618E-02    4.34029524216029E-02 
 282785.631    28            11            2018          4 
   3.97257804192056E-02    3.62646781116417E-02    3.35503249268259E-02    3.20120572345753E-02    3.28319383053271E-02    4.09033508594802E-02    4.46693854524826E-02    5.33124338074129E-02    5.49932461196641E-02    5.54232179089662E-02    4.88945278901919E-02    4.87021201074569E-02    3.78100182990291E-02    3.75505288668645E-02    .032803161400066    3.25082818652833E-02    3.23664348253695E-02    3.77216846305214E-02    3.93972271050876E-02    .045207178258953    4.68623873100009E-02    4.70445765804752E-02    4.60808420637186E-02    4.33646137007488E-02 
 278221.217    29            11            2018          5 
   4.08488985706561E-02    3.64113150674091E-02    3.24433373630434E-02    3.00385513182753E-02    2.93089617245115E-02    3.03849483365875E-02    .033643508541712    3.71163274894578E-02    4.03361756656125E-02    .0489401934983    4.71134799419791E-02    5.29166689651225E-02    4.71216758425724E-02    4.69160131430145E-02    3.85790482888478E-02    4.24224658543026E-02    3.82287516364631E-02    4.52557132239667E-02    4.67698347806541E-02    5.00600202810018E-02    4.97596852770308E-02    4.80952189622638E-02    4.55271186293549E-02    4.17620903777982E-02 
 295180.546    30            11            2018          6 
   3.58182830638253E-02    3.19239371395177E-02    2.96051000914369E-02    2.75528834996887E-02    2.78626515424648E-02    2.91293749578182E-02    3.27062973022365E-02    3.62169201809035E-02    4.09280695682262E-02    4.44918875122533E-02    .048338517009688    5.14874041805079E-02    5.52090241164216E-02    5.73987360074027E-02    5.85636149739692E-02    5.76454666240098E-02    5.46999474401762E-02    5.02263446716099E-02    4.62621957319386E-02    4.21185949149576E-02    3.89467742163638E-02    3.65445831243906E-02    3.41975456448695E-02    3.21258461412545E-02 
