 227746.321    1             12            2014          2 
   6.39940959655502E-02    6.57198759357237E-02    6.64188572803554E-02    6.59509229926265E-02    6.45681567617946E-02    6.20303782193149E-02    5.86522749746197E-02    5.31258624659079E-02    4.65660221768193E-02    3.89397069557932E-02    3.18164828404078E-02    2.71347966040525E-02    2.58683643222825E-02    2.55880102463324E-02    2.75766773699332E-02    2.83113236533358E-02    2.70030132081146E-02    2.41807427278375E-02    2.21136384665792E-02    2.23016196007234E-02    2.56360373153679E-02    3.33128901941461E-02    4.21905269973055E-02    5.09997261382765E-02 
 241866.02     2             12            2014          3 
   .053540759589493    5.82043734636639E-02    .058893348493879    5.73451765129099E-02    5.44948405539253E-02    5.09835587061279E-02    4.71390320894394E-02    4.50635028356815E-02    .04536792709012    .046746458567485    4.88135532380696E-02    5.09127308181302E-02    5.10081154963914E-02    4.70899144712949E-02    4.24251418008718E-02    3.44027226700758E-02    2.62314103337304E-02    1.86648301551154E-02    1.47855123969435E-02    1.43447186173568E-02    1.95144195947823E-02    2.78331776507661E-02    3.80325731964126E-02    4.81622007286824E-02 
 259202.902    3             12            2014          4 
   5.17780864715685E-02    5.65576244614152E-02    5.84742689158337E-02    5.84229585154297E-02    5.78061034425649E-02    5.70441520968195E-02    5.60202460679337E-02    5.49853010880835E-02    5.36574622219122E-02    .052362608344032    4.97633686613296E-02    4.76795198916214E-02    4.40149008789358E-02    3.91142622062059E-02    3.37073764887382E-02    2.75958515490984E-02    2.11442007064942E-02    .01630773865176    1.36362786103423E-02    1.49974208236295E-02    2.01194695819561E-02    2.86605131588911E-02    3.83881704970745E-02    4.77621198782913E-02 
 233931.253    4             12            2014          5 
   .059720707942613    6.45666203079971E-02    6.48453313306324E-02    6.13699513223015E-02    .05718167156624    5.10284089678154E-02    4.54024405396037E-02    .041647226549182    4.04426500664599E-02    4.06795778132946E-02    4.34465666099989E-02    4.54765642128096E-02    4.71910018594758E-02    4.50589234850441E-02    4.17877592893712E-02    3.46902130259611E-02    2.75814997865527E-02    1.98008518594029E-02    1.61085277730612E-02    .015917018309261    2.05795511868288E-02    2.89069968774117E-02    3.85870326211821E-02    4.79829011787172E-02 
 297414.83     5             12            2014          6 
   .042673728827468    4.62046897961931E-02    4.67769222893996E-02    4.61767143502478E-02    4.49457750276356E-02    4.38784099762275E-02    .042685631526007    4.21219755427545E-02    4.16550515592144E-02    4.17983534826172E-02    .041801682954705    4.20642449922134E-02    4.20925553554693E-02    4.19237668814295E-02    4.13896657090872E-02    4.00753057081081E-02    3.83946906434524E-02    3.68835667224882E-02    3.59166702972579E-02    3.59813585907518E-02    3.74375068202298E-02    3.97228019551849E-02    4.23546806870727E-02    4.50442571344711E-02 
 280887.539    6             12            2014          7 
   5.00584677225126E-02    5.17569413530036E-02    5.30151322912993E-02    5.34339845872889E-02    5.31772961411079E-02    5.22881850211767E-02    5.11177877825865E-02    4.99840628053813E-02    4.91458262778702E-02    .048140582853517    4.74357474133536E-02    4.64946943532354E-02    4.53409227075484E-02    .043026898842111    3.89033624113973E-02    3.36688143030261E-02    2.76839450514482E-02    2.15433195133658E-02    1.95934750536628E-02    2.08853621957265E-02    2.55024235456784E-02    .032725195436224    4.02492392716111E-02    4.48283315500247E-02 
 244112.543    7             12            2014          1 
   5.57010709528555E-02    5.73055755091823E-02    5.66478078501992E-02    5.42597691687436E-02    5.07071845367036E-02    4.62959011338061E-02    4.07317771267186E-02    3.75394459324239E-02    3.64561853315952E-02    3.73255093246069E-02    4.02965270625709E-02    4.49628678031509E-02    4.70782031172093E-02    4.66941989475629E-02    .044529093908798    3.85356085149013E-02    3.20727071269593E-02    2.68462239566281E-02    2.43379054401201E-02    .024803621008528    2.92635520070603E-02    3.55385757845921E-02    4.26453292308909E-02    4.94253570959482E-02 
 237467.152    8             12            2014          2 
   5.56091631964955E-02    5.90955006458114E-02    6.02652183474412E-02    5.97478441591998E-02    5.74312285239244E-02    .055689470356199    5.26448387348958E-02    5.09216522147135E-02    5.00194221664919E-02    5.06450267843255E-02    5.07546389839741E-02    5.18213161185447E-02    .050236380627393    4.59345644374111E-02    3.98659866215412E-02    .031743393223471    2.38286636896363E-02    1.80053870704663E-02    1.45306959687681E-02    1.29415288068189E-02    1.63782654403845E-02    2.18310744971477E-02    2.99078206825001E-02    4.01509232343217E-02 
 263827.028    9             12            2014          3 
   4.52067026279051E-02    5.15879291907215E-02    5.61082026499669E-02    5.72967069995384E-02    5.60685148924071E-02    5.43819184510353E-02    .0526313781548    5.11266043527769E-02    5.06545895088789E-02    5.11839520890085E-02    5.23422112728439E-02    5.41154197118974E-02    5.42751812586275E-02    5.07999891362533E-02    .045223418717547    3.63542154194111E-02    2.66850032425649E-02    1.85898315164283E-02    1.35652779399487E-02    1.22875011211655E-02    1.62537857504169E-02    2.26726697839976E-02    3.09944544600923E-02    3.95945420404861E-02 
 230007.899    10            12            2014          4 
   5.27711453659142E-02    .058068657894223    6.05640927425823E-02    5.90651887174427E-02    5.63311071737367E-02    5.21040784315629E-02    4.82005185395828E-02    4.49234996300062E-02    4.42693058948489E-02    4.53345716197012E-02    4.74488502308458E-02    4.94759545260769E-02    5.05051778406532E-02    4.71448610105669E-02    4.24626169238105E-02    3.49261909682828E-02    2.68287002972939E-02    1.93827030465919E-02    1.53292565732982E-02    1.44664592686173E-02    1.94418891932816E-02    2.68871773990412E-02    3.68542242773693E-02    4.72137699891015E-02 
 244172.6      11            12            2014          5 
   5.15277714283871E-02    5.64877058277628E-02    5.87515973267987E-02    5.69922277507284E-02    5.46141552059383E-02    5.20253302633055E-02    4.90669697186027E-02    4.75667622001813E-02    4.83134884017494E-02    4.84849259486425E-02    4.91300814528841E-02    5.05216791958844E-02    4.96681869774188E-02    4.58651370613451E-02    4.22688280684954E-02    3.48817795472854E-02    2.72925255088511E-02    2.11915185552914E-02    1.79175513454673E-02    1.65923079120697E-02    2.08334194553873E-02    2.63872760690082E-02    3.33219198414871E-02    4.02968543371062E-02 
 287055.25     12            12            2014          6 
   3.96453990020214E-02    4.34104591200213E-02    4.61439029921069E-02    4.73092893539223E-02    4.80447239142116E-02    4.81078106370638E-02    4.83991138519937E-02    4.82801832682907E-02    4.81760922167858E-02    4.82273025510768E-02    4.79029727019015E-02    4.74818354872451E-02    4.61488869248603E-02    4.41756067647256E-02    4.15412359913727E-02    3.85654675254154E-02    3.52986067686447E-02    .033125418174071    3.13414832325397E-02    3.05760396136719E-02    3.15418373292249E-02    .033068111452412    3.52713635375942E-02    3.82168575888265E-02 
 291868.28     13            12            2014          7 
   3.99178689977033E-02    .041550421306488    4.29528692810503E-02    4.33858389658256E-02    4.33730576223031E-02    4.33446910698466E-02    4.30650774319327E-02    4.28142786972688E-02    4.26380366845191E-02    4.25635502265354E-02    .042592465506829    4.30857015684438E-02    4.36381098971255E-02    4.45911430813071E-02    4.35414903010786E-02    4.22423102287357E-02    3.90874597556045E-02    3.62469333019847E-02    3.44389955312205E-02    3.53615341696261E-02    3.74389441510225E-02    4.11463334429918E-02    4.45251184080795E-02    .04645777130933 
 217461.548    14            12            2014          1 
   6.39134140668285E-02    6.41449025493348E-02    6.34537916819437E-02    5.93146260074678E-02    5.45018184303898E-02    4.82088910639273E-02    4.27672142266503E-02    3.99150442205419E-02    4.12921869323997E-02    4.33305322068939E-02    4.68939450518972E-02    4.96997302412172E-02    5.01272079345954E-02    4.64392894215257E-02    4.22351697350421E-02    3.46619356521538E-02    2.70356996523185E-02    1.99047290125689E-02    1.60860020828257E-02    1.54219220808091E-02    1.95709909518406E-02    2.73980616671769E-02    3.66863102455532E-02    4.69965853241903E-02 
 242386.285    15            12            2014          2 
   4.90638740399441E-02    5.45601409865764E-02    .056594704908479    .055833438618959    5.41521975964935E-02    5.10694335425682E-02    4.83211328677796E-02    4.70637173608028E-02    4.74282608891732E-02    4.90287214412214E-02    5.21097973646178E-02    5.48566919354575E-02    5.57470055300881E-02    5.24020574805315E-02    4.72770543527762E-02    3.79843591204531E-02    2.87630750326643E-02    2.00890615089102E-02    .015492729292238    1.28864551886671E-02    1.67341851164996E-02    2.22814253457554E-02    3.07629819168347E-02    3.94974921564766E-02 
 238184.586    16            12            2014          3 
   4.81408572603854E-02    5.35831060112135E-02    5.64326595359009E-02    5.38251878235521E-02    4.97077921020989E-02    4.48057543029359E-02    4.04660962847739E-02    3.96861856346678E-02    .042475042405242    4.69851548178584E-02    5.20036578964959E-02    5.64960582057774E-02    5.76851758432533E-02    5.36852950073982E-02    4.85467596284757E-02    3.90213626559991E-02    2.95318224427157E-02    2.06469619572171E-02    1.60704691323282E-02    1.55174271558052E-02    2.04576126025269E-02    .028762565704766    3.81445766407088E-02    4.73224145854783E-02 
 248162.713    17            12            2014          4 
   5.09677688955935E-02    5.52695040778548E-02    5.58871211622151E-02    5.23835762168872E-02    4.90837629004523E-02    4.41053752112732E-02    4.09241994044549E-02    3.98543446963666E-02    4.30713384218704E-02    4.63468087757708E-02    5.13493741503382E-02    5.45643215873651E-02    5.56473591154486E-02    5.15795855391559E-02    4.71707861826829E-02    3.90734101805314E-02    3.13008824740826E-02    2.39965534414814E-02    2.01464597046707E-02    .018414632641901    2.20241104000231E-02    2.76454222527832E-02    3.54419682702292E-02    .043751335823414 
 241064.083    18            12            2014          5 
   5.15039802326131E-02    5.62372870746676E-02    5.85132395259708E-02    5.61349089551532E-02    .053827305655173    5.08130859168162E-02    4.83170683109395E-02    4.71839695487216E-02    4.86626187705968E-02    4.96981561109935E-02    5.12684846310141E-02    5.24207083972771E-02    5.18494901817767E-02    4.74854243360571E-02    4.30630314816019E-02    3.51178420495972E-02    2.70843964561593E-02    1.93959341754678E-02    1.53061993160704E-02    .01421478889009    1.83190923357608E-02    .025566956411104    3.43474013284986E-02    4.36686390551491E-02 
 309924.5      19            12            2014          6 
   .039201451432123    4.32437571237108E-02    4.47984263354865E-02    4.50460042738231E-02    4.48314012263471E-02    4.45400405733897E-02    4.43641282745878E-02    .04426852472336    4.44194971023185E-02    4.46305805173921E-02    4.49464305016222E-02    4.51740344473009E-02    .045341010597944    4.42797831356911E-02    4.27035612957753E-02    3.99958705920716E-02    3.63972181884217E-02    3.40615214350592E-02    3.28825580151376E-02    3.36570346921186E-02    3.59937019439412E-02    3.94874554377356E-02    4.17514581928421E-02    4.39845499418003E-02 
 254426.338    20            12            2014          7 
   5.44764364543698E-02    5.43824597205223E-02    5.36566310845145E-02    5.21940078131278E-02    5.02450729840517E-02    4.80149986415223E-02    4.60103318170425E-02    4.43481595987519E-02    4.34487250294032E-02    4.30264016325523E-02    4.29152907645807E-02    4.30339093311067E-02    4.30846899302245E-02    4.28559008771922E-02    3.97684865103274E-02    3.63110493092405E-02    3.07992873848766E-02    2.52924883716736E-02    2.28110231954691E-02    2.45715055789301E-02    2.87866234796513E-02    3.64354483430583E-02    4.42224670606331E-02    4.93086142530181E-02 
 225093.647    21            12            2014          1 
   5.99437184262802E-02    6.17665578345932E-02    6.15403412240684E-02    5.75027769025618E-02    .053200969262862    4.79878048268506E-02    4.20426663990877E-02    4.02503568187111E-02    4.14712939663175E-02    4.37905500254967E-02    4.74156427921642E-02    5.22958772202154E-02    5.31095836872397E-02    5.07401705524923E-02    4.70581917400805E-02    3.86374170274783E-02    .029749564581364    2.12324953119956E-02    1.65585530615009E-02    1.43782376548898E-02    1.86322450939719E-02    2.50381335937371E-02    3.35608103382522E-02    4.20960339439855E-02 
 236161.103    22            12            2014          2 
   4.62187016898905E-02    5.02690725041837E-02    5.18992742159999E-02    4.88706213560918E-02    4.54582468924296E-02    4.30996874475239E-02    4.13988035505364E-02    4.37013523362164E-02    4.88801073990792E-02    5.43871523280127E-02    5.88306025992773E-02    6.27023223607446E-02    6.24088794363714E-02    5.75073947110799E-02    5.17175342032299E-02    4.15150385907856E-02    3.12206867377574E-02    2.14483877234591E-02    1.61656593853725E-02    1.20291316063224E-02    1.60293626461028E-02    2.17190728284856E-02    3.09702225351755E-02    4.15526726261945E-02 
 264933.954    23            12            2014          3 
   4.62221995075988E-02    5.21144994145409E-02    .056398508598911    5.55457680631509E-02    .053208429926511    5.04617474339944E-02    4.78401108472586E-02    4.72535112291137E-02    4.88550454033631E-02    5.10336249277527E-02    5.35582149218877E-02    5.60460806983804E-02    .055920389732067    5.16082964551327E-02    4.63209785484876E-02    3.70630587248643E-02    2.77262498411208E-02    1.90738593977322E-02    1.42892214984716E-02    1.29525676092536E-02    1.73841933674439E-02    2.43268176943451E-02    3.31149528332069E-02    4.16816700227012E-02 
 225279.991    24            12            2014          4 
   5.58388688980927E-02    6.06491936724531E-02    6.19548605614402E-02    5.67573266596167E-02    5.12298474404347E-02    4.46593605890303E-02    3.88919369022547E-02    3.70805798519075E-02    4.05285678062061E-02    .04476820084218    5.00328517441436E-02    5.45391971528887E-02    5.46545657404834E-02    5.05491840443233E-02    4.53140536985151E-02    3.67062713375308E-02    2.85040845120761E-02    2.07029047480408E-02    1.66288046544295E-02    1.58029432541237E-02    2.05215158858138E-02    2.76499780950642E-02    3.81943024375165E-02    4.78406014914902E-02 
 234215.783    25            12            2014          5 
   5.35960049858702E-02    5.84334245034097E-02    5.97271867228841E-02    5.42056983329983E-02    4.84622758442052E-02    4.19124180230309E-02    3.68527683721468E-02    3.69021394111707E-02    4.18193964977693E-02    4.73445040128871E-02    5.35015616614103E-02    5.80381059532931E-02    5.82020548280045E-02    5.34570731058504E-02    .048257207369219    3.86504145597011E-02    2.96952102244216E-02    2.08250824338394E-02    1.60882114298394E-02    1.47076423235347E-02    .019395363271964    2.70598762238677E-02    .036613781021858    4.62526039235793E-02 
 295622.68     26            12            2014          6 
   .042063553546323    4.63490489908454E-02    4.83588394725415E-02    4.92159121341773E-02    .049911765243071    5.04984935526598E-02    5.07253353170078E-02    4.99850678796448E-02    4.79249103272032E-02    4.50872361021573E-02    4.12562401282523E-02    3.74092061056513E-02    3.47957738623945E-02    .032986896691037    3.20615623943332E-02    3.20475658521447E-02    3.13521289727331E-02    3.16140331158371E-02    3.28879992447213E-02    3.52831851927768E-02    3.90333731857955E-02    4.34651369557894E-02    4.66185476702938E-02    4.90681903089269E-02 
 297461.505    27            12            2014          7 
   5.01607414661521E-02    5.03765683689054E-02    5.06702546109706E-02    5.06116926741075E-02    5.03612400987398E-02    4.98539462536926E-02    4.93176078153373E-02    4.88978220108262E-02    4.88726086643127E-02    4.86007772722138E-02    .047967718729479    4.70680060664488E-02    4.54928120919798E-02    4.36883079837507E-02    3.93731290856442E-02    3.51921160510752E-02    2.93635487073361E-02    2.48435507646611E-02    2.24603855805014E-02    2.40868581833387E-02    2.76619826824315E-02    3.34685737056548E-02    3.89803392900369E-02    .042629416372927 
 223908.461    28            12            2014          1 
   5.97933645498774E-02    6.04702463864798E-02    5.94442010403193E-02    .055129628327779    4.98049513189231E-02    4.42755702951641E-02    4.04243871100856E-02    4.00836280883664E-02    4.37127312961389E-02    4.84437688424936E-02    5.29094784087346E-02    5.64876356785486E-02    5.60727366003824E-02    5.12360737885984E-02    4.53944444525145E-02    3.66198756553465E-02    2.74683675412505E-02    2.01174849647877E-02    1.56904526160637E-02    1.51025419002031E-02    1.93560654074892E-02    2.66970715113463E-02    3.31718680075359E-02    4.20934302938758E-02 
 198741.25     29            12            2014          2 
   .051443725116829    5.65282748297095E-02    5.81270382186637E-02    5.83137602756096E-02    5.44327374082507E-02    5.21878567374035E-02    .046983072761065    4.40233217814621E-02    4.45004506880806E-02    4.51019856220085E-02    .047233216438774    4.89405193939356E-02    4.89539781232507E-02    4.51208543772367E-02    4.25817488820263E-02    3.54075975436026E-02    2.90368153983194E-02    2.21415432794211E-02    1.79510445723239E-02    1.47949307811507E-02    1.96529411868762E-02    2.70252144551961E-02    3.83306183291088E-02    5.11867562565648E-02 
 259387.977    30            12            2014          3 
   4.82174633461808E-02    5.41148452473377E-02    5.77405335765138E-02    5.55536550381921E-02    5.18512461498938E-02    4.73868911963873E-02    4.36337883082569E-02    4.21594720107247E-02    4.45698747572926E-02    4.76917253425744E-02    5.20696840162333E-02    5.60598458270099E-02    5.67918762202787E-02    .052930864574392    4.73057770317839E-02    3.77861102456283E-02    .027935661816305    1.94123759023052E-02    1.43805314572873E-02    1.40072029970307E-02    1.87433054614459E-02    .026835765791874    3.65443387893611E-02    4.62771650914838E-02 
 448837.69     31            12            2014          4 
   3.04902423008972E-02    3.32202711533093E-02    3.38373772362455E-02    3.15224418005928E-02    2.89167118658195E-02    .025905111555332    2.35366589834234E-02    2.29210911618741E-02    2.47236376041081E-02    2.68460749662924E-02    2.91801918904694E-02    .033757259274366    3.82040770406336E-02    4.28397615391323E-02    4.87712626347734E-02    5.27639060068685E-02    5.38785863423702E-02    .053855214342628    5.36195405139105E-02    5.35629272730528E-02    5.69202404075068E-02    6.16771494766293E-02    6.70326054071462E-02    7.20176601799528E-02 
