 262259.291    1             12            2018          7 
   .034201503691913    3.15872500573774E-02    2.97405548023321E-02    2.76534530858623E-02    2.68697321921094E-02    2.73083244795558E-02    2.98694844129945E-02    3.31766129879456E-02    3.71579312143893E-02    4.08666184895047E-02    4.35475888083027E-02    4.51160769421988E-02    4.61362497782776E-02    4.65539654072255E-02    4.62539581617244E-02    .047254797793322    4.85110353118529E-02    5.02824513434016E-02    5.23950917314689E-02    5.38080466184514E-02    5.36098849961716E-02    5.25744973154259E-02    4.96289391349914E-02    4.58959513027796E-02 
 276729.933    2             12            2018          1 
   3.96502821466552E-02    3.61132321189392E-02    3.30125598540238E-02    3.14009684330932E-02    3.13739085441653E-02    3.27931623117005E-02    3.54594824236542E-02    4.45905151628013E-02    4.15475833651053E-02    4.93424405716078E-02    4.51744765999437E-02    4.57523329760735E-02    4.01579620815721E-02    4.57757862913858E-02    3.97491876639977E-02    4.50037678014308E-02    4.48303134899306E-02    4.48359527312591E-02    4.52874766916704E-02    4.63124458569594E-02    4.65456697744548E-02    4.66765545189053E-02    4.54205282034398E-02    4.31934125328249E-02 
 277340.988    3             12            2018          2 
   3.99953877411099E-02    3.68245956005699E-02    3.37010715363951E-02    3.20210055092452E-02    3.22561874288304E-02    3.36897545222832E-02    3.72326489600502E-02    4.02537318631929E-02    4.34674645722128E-02    5.04401818991591E-02    4.66333165227096E-02    5.14150824530307E-02    4.63602574653516E-02    4.54632767015491E-02    4.00082963203675E-02    4.44932423933223E-02    3.87256145323622E-02    4.36397092453027E-02    .043729019993882    4.38851095765098E-02    4.43704700439013E-02    4.49949727420474E-02    4.37564956196179E-02    4.26431007287679E-02 
 281099.784    4             12            2018          3 
   3.93783653707824E-02    3.69364222368097E-02    3.42570536824923E-02    .033190883545156    3.32554631761119E-02    3.44018393460416E-02    3.67513268493387E-02    3.91576606865607E-02    4.19776216926051E-02    4.32517570711207E-02    4.50966903691217E-02    4.52191724536331E-02    4.55735318563514E-02    4.48198133220551E-02    4.46914600461771E-02    4.41807879899954E-02    4.44540728406874E-02    4.43255771276224E-02    4.55744559610281E-02    4.55810011234747E-02    4.60674136948554E-02    4.53620404262744E-02    4.44026669124904E-02    4.20929159102894E-02 
 283934.013    5             12            2018          4 
   3.92103442380642E-02    3.66740141132722E-02    3.37605297584143E-02    .03259054235451    3.20876918306191E-02    3.33286959552289E-02    3.54401364244093E-02    3.78771470100784E-02    4.02142739951078E-02    4.17117678974146E-02    4.29996028855039E-02    4.31798205400721E-02    4.46827762087718E-02    4.54146013144258E-02    4.69115689886104E-02    4.84758422714488E-02    4.89470056078223E-02    4.90513604278012E-02    4.83345758161246E-02    4.76292340865569E-02    4.56251785483076E-02    4.46582636085942E-02    4.19255506516227E-02    3.92694778335257E-02 
 268616.822    6             12            2018          5 
   3.80121398179318E-02    3.47474987821593E-02    3.20196353723242E-02    3.09961049100361E-02    .031711575737846    3.38328158634923E-02    3.68337869944999E-02    4.00139493939624E-02    4.19351630717119E-02    .043799491728919    4.41545695758771E-02    4.51256539905941E-02    .045218276197302    4.57182841486841E-02    4.49900344592901E-02    4.53735529987582E-02    4.51449404374515E-02    4.55270811138924E-02    .046431751803597    4.74131138404188E-02    4.73187429473888E-02    4.65517749433801E-02    4.49809892793125E-02    4.21490735800325E-02 
 294991.151    7             12            2018          6 
   3.54371660139222E-02    3.29014536958517E-02    3.08607575507409E-02    2.90516758744655E-02    2.92829559847543E-02    .030663800503926    3.31362065003519E-02    .036795274151927    4.11106578360973E-02    4.49384673078295E-02    4.83987405958238E-02    .051395983574987    5.38882259715224E-02    5.53803059513216E-02    5.58097779177112E-02    5.50375818201238E-02    5.24558438894494E-02    4.86816310995885E-02    4.56236739051369E-02    4.20802115486593E-02    3.99030275964532E-02    3.77759113537358E-02    3.60456919477222E-02    .03334498196312 
 258651.636    8             12            2018          7 
   3.52461056562774E-02    3.24978122492428E-02    3.05459625377887E-02    2.97925360255357E-02    2.97703506593855E-02    3.14985438651691E-02    3.28322879813526E-02    3.52733616396399E-02    3.69545789561041E-02    3.98232155150567E-02    4.16276114514408E-02    4.40318504548334E-02    4.55317035356969E-02    4.66394880363815E-02    4.55255191194692E-02    4.68086722190209E-02    4.62776883602913E-02    4.80559119076092E-02    4.95660874512118E-02    5.18659011896314E-02    5.15274535369651E-02    5.18589427774777E-02    4.94657624768513E-02    4.69826514008112E-02 
 290829.05     9             12            2018          1 
   3.92056085278018E-02    3.68810477430814E-02    3.45247149109159E-02    .033109485435903    3.24979154958042E-02    3.31684964231995E-02    3.49145319432498E-02    3.81928149135205E-02    4.17703467842621E-02    .045032847824392    .047706548555973    4.90750165077646E-02    4.85864818234716E-02    4.72789086170209E-02    .04589806360257    4.43605611053985E-02    4.34959631729963E-02    4.38181126614587E-02    4.36385579486042E-02    4.43187154855232E-02    4.43019026931371E-02    4.41102764826536E-02    4.26422682038211E-02    4.14708225394781E-02 
 279014.885    10            12            2018          2 
   3.99532090879757E-02    3.80943462870717E-02    3.48192003996937E-02    3.30583176424889E-02    3.19756231094535E-02    3.28216801217881E-02    3.37602956200706E-02    3.70919986099039E-02    .039238837478375    4.14522330558189E-02    4.30835094324358E-02    4.38618547234944E-02    4.38950070766386E-02    4.43287806972646E-02    .044600271589229    4.43246961537554E-02    4.51540439881012E-02    4.56408991741605E-02    4.63684939246162E-02    .048172878645211    4.85971916650612E-02    4.87400526868396E-02    4.68703677706568E-02    4.40962137199239E-02 
 272742.906    11            12            2018          3 
   3.99553206837119E-02    3.62088717006814E-02    3.21838794395169E-02    3.04555569609389E-02    3.06333371348071E-02    3.20361685055614E-02    3.50334966927151E-02    3.68848459733174E-02    3.97061090575624E-02    4.08847674059669E-02    4.22952897421097E-02    4.26263700477786E-02    4.38311662208274E-02    4.32747456420095E-02    4.45716078267128E-02    4.44624949406567E-02    4.57412432548291E-02    4.61995503170851E-02    4.82671023737827E-02    4.88837652676198E-02    5.03500184586377E-02    5.02150541898512E-02    4.91157402515998E-02    4.61834916672865E-02 
 266527.5      12            12            2018          4 
   .0430929639941    3.82174080887526E-02    3.36501869237227E-02    3.06067407150763E-02    3.06637657142556E-02    3.21542805151438E-02    3.59759319218936E-02    3.92219179130202E-02    4.31362983768092E-02    .044320491817214    4.59329727349898E-02    4.58159475511439E-02    4.55863269854893E-02    4.42516814927634E-02    4.36752319765315E-02    4.27940457891306E-02    .04285328935335    4.37430273670165E-02    4.48981797727251E-02    4.64464633691645E-02    .04687242419286    4.68916346577745E-02    .045591804697686    .043606982247376 
 269768.735    13            12            2018          5 
   3.96146352506806E-02    3.66648321593865E-02    3.35544386808297E-02    3.10546557417504E-02    3.17094737067103E-02    .120431119570806    3.63926987487542E-02    .126945625991463    4.27299338276265E-02    4.36247359937763E-02   -4.27664089356482E-02    4.43194427256368E-02   -4.31621906456747E-02    4.38269093073832E-02    4.41950414664898E-02    4.38386960235125E-02    4.46724867296983E-02    4.50666756402479E-02    .04657103854622    4.72013201592375E-02    4.81972071721914E-02    .047142082498691    4.56841315974774E-02    4.24914338259491E-02 
 294038.337    14            12            2018          6 
   3.57919321088818E-02    3.26850249823886E-02    3.02631867672922E-02    2.86949388826635E-02    2.93124178884708E-02    3.01549950929528E-02    3.27286390868651E-02    3.55489027077956E-02    3.93072548351068E-02    4.27995217348563E-02    4.73754224425759E-02    5.12883801271125E-02    5.53985577897194E-02    5.80740599141669E-02    5.90031213769924E-02    5.79974396438142E-02    5.46985467631811E-02    .050420568383656    .046132759228221    4.23051964457784E-02    .038907647079197    3.63152980413911E-02    3.37291895535632E-02    3.10669955098831E-02 
 253590.104    15            12            2018          7 
   .032964810821985    3.09093284045796E-02    .029143585596478    .028223399461548    .028525908816985    2.96330103780144E-02    3.16913983362695E-02    3.47871953101234E-02    3.76620556509374E-02    4.09677254820046E-02    .043510410683504    4.52051554745409E-02    4.64373011931984E-02    4.73192377794344E-02    4.67694917363081E-02    4.77256784658482E-02    4.83101254083736E-02    4.93421873816003E-02    5.08629848165329E-02    5.19324279495051E-02    5.19439037768505E-02    5.11224193844627E-02    4.92178517985465E-02    4.57924020568247E-02 
 271801.584    16            12            2018          1 
   3.96265518832021E-02    3.65988485188519E-02    3.43148768795439E-02    3.32524312167456E-02    3.39918909548647E-02    3.57177377425162E-02    .038361587452614    4.12388335214319E-02    4.35182529257261E-02    4.44997032973509E-02    4.47284360404059E-02    .043838853148709    4.27070712339005E-02    4.20904104605034E-02    4.21716824068435E-02    4.29337452313652E-02    4.45038603106982E-02    4.55013890183031E-02    4.64013123459667E-02    4.67938393193378E-02    4.67282037792962E-02    4.53377780271233E-02    4.42280710388538E-02    4.09146260025107E-02 
 274571.33     17            12            2018          2 
   3.77782708709063E-02    3.42383245355132E-02    3.19446603934395E-02    3.10514036382185E-02    3.26585003999689E-02    3.47452048594258E-02    3.88640365158026E-02    4.16845410728516E-02    .043682054654978    4.51672782021251E-02    4.53812872255272E-02    .045226098584519    4.55160036134781E-02    4.48883348625201E-02    4.45719894705959E-02    4.39137617206338E-02    4.33686221843974E-02    4.30755090296117E-02    .043936524475944    4.50816546753534E-02    .046079719692056    4.68018645475932E-02    4.61287769864301E-02    4.42155780726451E-02 
 272350.62     18            12            2018          3 
   4.10981636522895E-02    3.83808914050297E-02    3.49323158898078E-02    3.31855763893157E-02    3.30650975007419E-02    3.37756719456431E-02    3.52550128557629E-02    3.77727060870102E-02    3.94598336374266E-02    4.15633340753456E-02    .043181064351671    4.48693680055235E-02    .045539054927615    4.60032357026578E-02    .045272230046236    .044669771061105    4.40669104796787E-02    4.43479454156833E-02    4.49858345168261E-02    4.64000415278107E-02    4.67746304722016E-02    4.69050883115761E-02    4.53063406315635E-02    4.31898779560792E-02 
 270057.763    19            12            2018          4 
   .039544466044705    3.62767334207775E-02    3.23941800728295E-02    2.98743487876981E-02    2.99484558356549E-02    3.17197403037624E-02    3.56741279654031E-02    3.99701526076849E-02    4.40296176157784E-02    4.63510466127112E-02    4.74370736752344E-02    4.75481971818933E-02    4.68053945786776E-02    4.61768253492124E-02    4.53855485967367E-02    .044981710658138    4.44795213647034E-02    .044867549606878    4.49754511465849E-02    4.58365263346457E-02    4.59122515983275E-02    4.53278207848167E-02    4.36718418713814E-02    4.08114186655967E-02 
 255663.339    20            12            2018          5 
   3.91392436854722E-02    .034954804800445    3.18737533006737E-02    2.98547426214822E-02    .031178260499812    3.29156049884904E-02    3.69040501943554E-02    3.91634568937942E-02    4.28336353472056E-02    4.31786210446368E-02    4.56831621276174E-02    4.57625244606834E-02    4.72285140943692E-02    4.56328220309972E-02    4.58252251728786E-02    4.31579678158314E-02    4.28009347199072E-02    4.31606263413074E-02    4.42180739479723E-02    4.67701781907613E-02    4.75341528508121E-02    4.86397480345236E-02    4.65218848983565E-02    .045068019057574 
 287754.239    21            12            2018          6 
   3.64478028267205E-02    3.46140575773586E-02    3.14769268807366E-02    3.00181930758195E-02    2.91669960692134E-02    2.94812765718718E-02    3.12027807238489E-02    3.35273249712665E-02    3.72312506413242E-02    4.10843310971607E-02    4.56162168496326E-02    4.97221172126677E-02    .054624738299685    5.73880012415734E-02    5.90491070380895E-02    .058528697675849    5.55734306119987E-02    5.12811902757495E-02    4.71532238281379E-02    4.31971060924145E-02    3.99605931717482E-02    .037157158552971    3.49312329385441E-02    3.15662602465172E-02 
 256323.163    22            12            2018          7 
   3.30613912977697E-02    3.03556261033508E-02    2.94945057306428E-02    .028803386362926    2.97040076526853E-02    3.09904696178882E-02    3.24159658197765E-02    3.52422777701717E-02    3.71762644615637E-02    4.00827212124115E-02    4.23087015172035E-02    4.46266715637205E-02    4.53330095283858E-02    4.59768043743866E-02    4.54294111202213E-02    4.65248643589226E-02    4.60865100945345E-02    4.92848156830446E-02    5.06223453847595E-02    5.30757340844085E-02    5.27362006906297E-02    5.35248550918124E-02    4.96870445910013E-02    .047456420032941 
 265109.137    23            12            2018          1 
   4.15990199290547E-02    3.82438716349769E-02    3.46601728616581E-02    3.35098653516985E-02    3.32925167744218E-02    3.52057839485178E-02    3.76031640992159E-02    4.07417115917812E-02    4.30651319306943E-02    4.45888816041636E-02    4.56026924099847E-02    4.55607838145729E-02    4.50254574071885E-02    4.41513259570341E-02    4.30487987398658E-02    4.23902035237567E-02    4.25520619822602E-02    4.31388007361474E-02    4.41616253710071E-02    4.50624225785832E-02    4.56271332582362E-02    4.49297973637457E-02    4.43494718000327E-02    4.18893153213916E-02 
 273876.89     24            12            2018          2 
   3.82279068320624E-02    3.51387387105298E-02    3.29124162148639E-02    .031320777409788    3.19625354468115E-02    3.39456344954388E-02    3.69191063877733E-02    3.97140116495408E-02    4.19030975525628E-02    4.31385800979776E-02    4.40080222666378E-02    .044921023011927    .045321055195411    4.60367444315035E-02    4.58355570077034E-02    4.62448279167968E-02    4.61565412143299E-02    4.71330755809663E-02    4.78378823042992E-02    4.81559782948919E-02    4.76616333779568E-02    4.54982525976361E-02    4.21143616411921E-02    3.78922426434465E-02 
 276910.28     25            12            2018          3 
   3.37949248737714E-02    .030156474130583    2.88743346677352E-02    2.88300065830438E-02    3.10792896698797E-02    .034349753301638    .038234405743261    4.09044027161975E-02    4.30173988518501E-02    4.34488019797423E-02    .043936902877441    .04420767466745    4.48291777259046E-02    4.58082678383681E-02    4.66275941660598E-02    4.74209926462914E-02    4.78518174054427E-02    4.84269134257132E-02    4.86597315304166E-02    4.87522176293888E-02    4.85138732818984E-02    4.66294350714426E-02    4.46545703189947E-02    4.09910381216255E-02 
 269917.811    26            12            2018          4 
   .038443035391012    3.45700175990331E-02    3.21309830471877E-02    3.09548871920312E-02    3.17649464217369E-02    .033915322503023    3.65224637827346E-02    3.92675449106432E-02    4.09386843987298E-02    4.25904097016036E-02    4.35613722222095E-02    4.48021579080789E-02    4.52495886678445E-02    4.55266731580655E-02    4.50544554838584E-02    4.42582857541587E-02    4.37880326536695E-02    4.46207695041195E-02    4.54663213087298E-02    .047519651789948    4.84537505138462E-02    4.86708883706733E-02    4.71339404833218E-02    4.47958227909884E-02 
 265070.5      27            12            2018          5 
   4.13265166425064E-02    .037715106393865    3.36407665307437E-02    3.10496626722891E-02    3.03826268330029E-02    3.11364799352908E-02    .033482933372914    3.65045351731898E-02    3.91770111041214E-02    4.10617543846826E-02    4.28585972587953E-02    4.36128114088988E-02    4.38196991755495E-02    4.38606707342952E-02    .044112376324176    4.35775392478133E-02    4.54374954905865E-02    4.57232316791665E-02    4.82355055364988E-02    .049168276252214    5.05401032166443E-02    4.93996894811946E-02    4.87249611129398E-02    .045451642670299 
 285649.187    28            12            2018          6 
   .039101772932536    3.59597728622714E-02    3.18781744314049E-02    2.94103308943603E-02    2.81589290688669E-02    .028896681146733    3.11660253550363E-02    3.49039575924821E-02    3.94083046884797E-02    .043231035543784    4.73872857493465E-02    5.05005478264761E-02    5.38867627196765E-02    5.59625271771735E-02    5.71699502323019E-02    5.58695440773301E-02    5.25899975310012E-02    4.88381578279269E-02    4.42813808172593E-02    4.18181833583339E-02    3.96343864736345E-02    3.87491735513849E-02    3.66134408405475E-02    3.45836790520517E-02 
 247177.526    29            12            2018          7 
   3.58756337363171E-02    3.25860928177083E-02    3.04841096937197E-02    2.95863273399399E-02    3.00888997678838E-02    3.13351178782431E-02    .033360535412815    3.50187091468219E-02    3.67778035142847E-02    3.90373289464229E-02    4.02607703792112E-02    4.19507405921584E-02    .043090325133109    4.43039486918706E-02    4.38374396659852E-02    4.58021799734738E-02    4.65795580536517E-02    4.85307074208377E-02    5.20128209011405E-02    5.33656133180874E-02    5.43757362509466E-02    5.34734716524653E-02    5.13893404656154E-02    4.68767927082396E-02 
 271294.261    30            12            2018          1 
   4.06230480662011E-02    .036466263068591    3.41506486935969E-02    3.21924896719894E-02    3.18453112994989E-02    3.25089342921541E-02    3.51603953633302E-02    3.81672635909998E-02    4.10404194780866E-02    4.35252494730252E-02    .045171431031488    4.63780529783304E-02    4.70138939259574E-02    4.68020585323495E-02    4.59866709892363E-02    4.58743225301309E-02    4.41456803487727E-02    4.42047324929406E-02    4.39967271195335E-02    4.48723474897337E-02    .045062729010788    4.62064327968313E-02    4.50048575495392E-02    4.36000392565897E-02 
 272669.24     31            12            2018          2 
   4.01972002381438E-02    3.70669231543133E-02    .0338003416761    3.16693221428277E-02    3.14158098654619E-02    3.28743542737439E-02    3.48489521762246E-02    3.79500436877753E-02    4.01483128824414E-02    4.22448820512813E-02    4.32054236813162E-02    4.43336041727699E-02    4.46238446430096E-02    .044826324251408    .045102668535558    4.48155797776273E-02    4.53828593413214E-02    .045092912553365    4.64828749855044E-02    4.76845118627059E-02    4.83725987080996E-02    4.79311118619394E-02    4.71021971987013E-02    4.28273471379188E-02 
