 303454.977    1             5             2015          6 
   3.60543117787206E-02    .034441418707972    3.25224123466098E-02    .03074859265387    3.08514059906571E-02    3.07680334754404E-02    3.32360008806595E-02    .035379878430244    3.84112660104764E-02    4.03011674570426E-02    4.26296185673534E-02    4.38421871156607E-02    4.56001413473274E-02    4.77769051335662E-02    5.04350939462018E-02    5.35336410207815E-02    5.52268397133589E-02    5.53378979408698E-02    5.36060074757812E-02    4.97749942211773E-02    4.55133736878041E-02    4.17024287932918E-02    .037719631670228    3.45867437568836E-02 
 249572.124    2             5             2015          7 
   3.83828603878352E-02    .034314095899889    3.16286520958266E-02    2.98361643239601E-02    2.95402574876011E-02    .030737660363037    3.28667515767907E-02    3.50040580228223E-02    3.80348507053716E-02    3.97710174742412E-02    4.24911652054638E-02    4.42869965905627E-02    4.64178427610569E-02    4.80427448812853E-02    4.88901170371195E-02    4.86011811158846E-02    4.74086987713319E-02    4.71007733181872E-02    4.58874154012589E-02    4.75626419331692E-02    4.75600789528681E-02    4.97413317069317E-02    4.81187147477657E-02    4.77739254207032E-02 
 289790.593    3             5             2015          1 
   3.83762969274506E-02    .036164183007357    3.37900043243467E-02    3.23352900921287E-02    .03277936075249    3.36360980657764E-02    3.66372819025133E-02    3.86161252782626E-02    4.27302692952666E-02    4.35868515936006E-02    4.53345643053275E-02    4.53339071767247E-02    4.47405133085617E-02    4.32320796555325E-02    4.31669632658245E-02    4.26325087785027E-02    4.25781591882108E-02    4.40243408582624E-02    .045651549663786    4.65101033479286E-02    4.78952394557197E-02    4.81069460722195E-02    4.72432162366206E-02    4.48981432958816E-02 
 278180.448    4             5             2015          2 
   4.34652040026731E-02    .038819262256796    3.46055938819072E-02    3.23456406421759E-02    3.18315858226222E-02    3.40798138718398E-02    .037262107809065    4.06823704556781E-02    4.29363733367505E-02    4.40823948617787E-02    4.38761613985718E-02    4.34995335350186E-02    4.28440602799392E-02    4.29152012936402E-02    4.26355976263202E-02    4.34471212313149E-02    4.37802149369157E-02    .044741677048507    .044477316128855    4.57772641294689E-02    4.51354152649237E-02    4.60393607533481E-02    4.57650439533676E-02    4.49556758175273E-02 
 289770.438    5             5             2015          3 
   .040653318413428    3.77776618102603E-02    3.49729598117683E-02    3.34064045434562E-02    3.45314397795385E-02    3.66423173628308E-02    4.03924909851829E-02    4.25246273148557E-02    4.42458510844971E-02    4.34580574832913E-02    4.27626423692502E-02    4.21387345603298E-02    4.17571589354984E-02    4.21966771136778E-02    4.28248649809216E-02    4.30690945451965E-02    4.28201029947713E-02    4.34806272081661E-02    4.36345745028173E-02    4.43129401561832E-02    4.55301786329477E-02    4.59610389608653E-02    4.59694575322759E-02    4.49367771924857E-02 
 279427.623    6             5             2015          4 
   4.40918102308106E-02    4.04150803793296E-02    3.76003630755038E-02    .034764994600006    3.51327595001676E-02    3.67413910625167E-02    3.94812797596965E-02    4.17079366894768E-02    4.34541157494565E-02    4.33391311159849E-02    4.29727746473995E-02    4.20917570106338E-02    4.14023489758473E-02    4.07962166422967E-02    4.02902192504873E-02    4.06661306866394E-02    4.15484693832954E-02    4.29430333255295E-02    .044391030295974    4.55643586449844E-02    4.57649465614035E-02    4.57261884815518E-02    4.52971690398608E-02    4.38164985537686E-02 
 290733.747    7             5             2015          5 
   4.00956218908602E-02    3.76205030119448E-02    3.53162980025071E-02    .033635542504419    3.42111973997123E-02    .035920702220931    .038650104311549    4.15407901385198E-02    4.34072086914888E-02    4.46735560820963E-02    .045189868263083    4.58492015247545E-02    4.59991655720139E-02    4.62533513739291E-02    4.56334724351332E-02    4.48307082998779E-02    4.36967172977085E-02    4.27107623007985E-02    4.23871669868875E-02    .042511095749232    4.28857673813491E-02    4.32110488922705E-02    4.28765168104995E-02    4.08936364592377E-02 
 301259.398    8             5             2015          6 
   3.74016891302508E-02    3.38168035601416E-02    3.10757097422567E-02    2.91757301148992E-02    2.90584295730419E-02    3.05764741497376E-02    3.34862575961448E-02    3.67775417187981E-02    3.99210769496891E-02    4.26426530932655E-02    4.44507949476899E-02    4.62453966384229E-02    4.68871362137141E-02    4.79713833794656E-02    4.91755276087686E-02    5.11688588363142E-02    5.17796281640814E-02    5.28886087387305E-02    5.15548718199241E-02    .049084973509482    4.58224715542733E-02    4.32638441654109E-02    3.92146447608499E-02    3.65594890036841E-02 
 262974.085    9             5             2015          7 
   3.90270008687358E-02    3.48539089115473E-02    3.20884792756765E-02    3.03739047316678E-02    2.94774285636834E-02    3.07983762152362E-02    .033331420488401    3.62470587524813E-02    3.96951654178681E-02    4.18804374832695E-02    4.42003250588837E-02    4.51788257065806E-02    4.61598701232291E-02    4.71159744635579E-02    4.78570356324274E-02    4.73773290840616E-02    4.69006676313752E-02    4.59355542640732E-02    4.51475651999607E-02    4.56450669903937E-02    4.68008850449085E-02    4.81088836127617E-02    4.80900634360511E-02    4.77087691810963E-02 
 291507.54     10            5             2015          1 
   4.14597846894458E-02    .039304779726924    3.75232474958023E-02    3.72024675748953E-02    3.71809603053063E-02    3.88800915535495E-02    4.08875539666573E-02    4.29471564333293E-02    .043906719011239    4.40064095608385E-02    .043302207283815    4.17378582750381E-02    4.01501795738285E-02    .039325466236225    3.93171313317487E-02    .039717464699841    4.10370529405946E-02    4.27948099236987E-02    4.42234520814196E-02    .045276289878514    4.62711518488939E-02    4.59718456971559E-02    4.48563353144742E-02    4.27195813807252E-02 
 282526.255    11            5             2015          2 
   4.09715205881928E-02    3.65786178770359E-02    3.35536950528279E-02    3.17317404879327E-02    3.29856062569742E-02    3.52483177017035E-02    .03983031719145    4.24222154094581E-02    4.44726816462155E-02    4.38907874409318E-02    4.31829231952708E-02    4.13167249546861E-02    4.03925298741262E-02    4.04234658817373E-02    4.11324949804223E-02    .042316068609712    4.37675791737479E-02    4.53260177149288E-02    4.59166535026984E-02    4.63663455310994E-02    4.71923576735373E-02    4.71885347434347E-02    4.71915419307668E-02    .046601262166325 
 285071.99     12            5             2015          3 
   4.39602636644519E-02    4.06460137983479E-02    3.79744093051285E-02    3.60186224911995E-02    3.61520626059667E-02    .038374866676221    4.14902906685518E-02    4.39031200669259E-02    4.57251858611662E-02    4.57330100909335E-02    4.49645364415231E-02    4.33658517220071E-02    4.16966598671707E-02    4.06989472477198E-02    3.97756367501241E-02    .039706986327822    3.99968802069084E-02    4.12130991729931E-02    4.14242745863071E-02    4.27812988571764E-02    .043426890306068    4.39607912175974E-02    4.36659540970248E-02    .043344348792826 
 281009.702    13            5             2015          4 
   4.07448225032725E-02    .038105800380426    3.44138473909346E-02    3.26026992644101E-02    3.25966489561809E-02    3.46208228403979E-02    3.74340806345184E-02    .040149324130364    4.15395257976716E-02    4.14173971462647E-02    4.13612415284153E-02    4.04909145939381E-02    4.06240074742153E-02    4.15817667491512E-02    4.25353627447888E-02    4.39726463051977E-02    4.50365240247559E-02    4.61771965238944E-02    4.65669322891385E-02    4.74627740788822E-02    4.77714475295056E-02    4.81802933722641E-02    .048001508675446    .046612412119004 
 291322.283    14            5             2015          5 
   4.22297587396104E-02    3.91749643094157E-02    3.59093718735978E-02    3.42233096371571E-02    3.44709312559692E-02    3.62794416437585E-02    3.87953844263176E-02    4.15309816538304E-02    4.31907226330332E-02    4.42041379671084E-02    4.48199487873967E-02    4.43922451181412E-02    4.39976307420844E-02    4.27187367671254E-02    4.17327153854379E-02    4.06289891762674E-02    4.07663980727832E-02    4.14736561545912E-02    4.33804455311354E-02    4.46198274506863E-02    4.61253081630045E-02    4.63259792559792E-02    4.55383293770391E-02    4.34707899279541E-02 
 301501.19     15            5             2015          6 
   3.94840572084475E-02    3.57858279981001E-02    3.31275219997888E-02    .030755145247105    3.02661339102012E-02    .031035202184857    3.30699358102036E-02    3.57927594591335E-02    3.86357014409711E-02    .040950916313133    4.26147584711855E-02    4.43636405869161E-02    4.52820429788353E-02    4.73261826615842E-02    4.95724424524659E-02    5.27161094341369E-02    5.43049266240044E-02    5.47407794849831E-02    5.26122638396552E-02    4.90468044981017E-02    4.44619798805769E-02    4.12332697022274E-02    3.76280095227402E-02    3.51935929548072E-02 
 261221.934    16            5             2015          7 
   3.76936202862084E-02    3.48076157161921E-02    3.17480989352429E-02    3.06190284021335E-02    2.94908737867989E-02    3.03700109206038E-02    3.19152483214714E-02    3.44995906993304E-02    3.71452360146181E-02    4.06279441918916E-02    4.31319063735283E-02    4.57724188108377E-02    4.73840752041327E-02    4.85319519591433E-02    4.83681821225816E-02    4.78683377546121E-02    4.63467964550308E-02    4.53241798672044E-02    .045077110112861    4.62129266607643E-02    4.78324300394028E-02    4.96657759185816E-02    5.01437990128731E-02    .049422840878764 
 306117.75     17            5             2015          1 
   4.07550357460487E-02    3.88480579062305E-02    3.73934533514881E-02    .035967174166436    3.62121109340278E-02    .036468353604332    3.80756420782934E-02    3.96202440431419E-02    4.17580805047649E-02    4.24056114079059E-02    4.36315425957413E-02    4.28675232508569E-02    4.22740271615253E-02    4.16231657385108E-02    4.12215892618118E-02    4.11490675105821E-02    4.22603382144208E-02    4.33642269039038E-02    4.47501985040887E-02    .046055152975244    4.68177367512175E-02    4.67472726487602E-02    4.59548322295914E-02    4.37795593209231E-02 
 305637.96     18            5             2015          2 
   4.06163886064741E-02    3.72473373245669E-02    3.44664321146496E-02    3.31499394997025E-02    3.38765510702188E-02    3.55833741424413E-02    3.76181677140578E-02    .039502587421978    4.03632136317017E-02    4.09230921140326E-02    4.14047051268599E-02    4.20425838803285E-02    4.26731680811588E-02    4.35561731987578E-02    4.44043670369021E-02    4.48736147765317E-02    4.57379377875706E-02    4.60149646394545E-02    4.61835317500729E-02    4.61578458505285E-02    4.65635546178557E-02    4.60228822484943E-02    4.60531148621886E-02    4.49644723756663E-02 
 320589.59     19            5             2015          3 
   4.07715045328671E-02    3.83716141221632E-02    3.58684441521869E-02    3.42637439018996E-02    3.45754833744368E-02    3.60701050689528E-02    3.89418769073646E-02    4.15067739674189E-02    4.34049033103352E-02    4.46023217380904E-02    4.51106655260547E-02    .044798834669156    4.48022341674054E-02    .044089235101762    4.28735062940986E-02    4.20009897330883E-02    .041276948390425    4.14941720639619E-02    4.26747788153383E-02    4.39415701580875E-02    4.52600789571801E-02    .045460085817002    .044698083410553    4.31420422866429E-02 
 312981.29     20            5             2015          4 
   4.15770535157229E-02    3.86427258808745E-02    3.64029441813838E-02    3.49916770883493E-02    3.50968276430358E-02    3.63562941533981E-02    3.84112417710337E-02    4.03438184805312E-02    4.17098084311605E-02    4.21676657722495E-02    4.25819714384924E-02    4.21577279527636E-02    4.21283981244534E-02    4.22763608678893E-02    4.25657713886428E-02    .043257793086649    4.40973656624171E-02    4.51053788181316E-02    4.57853877673087E-02    4.58200219262707E-02    .045823635111503    .045282131596229    4.42372127799556E-02    4.31807929267513E-02 
 316798.71     21            5             2015          5 
   4.11317654493448E-02    3.88144884895917E-02    3.73386308237335E-02    3.62357857938011E-02    .036681273349014    3.79761332963209E-02    4.01550232648122E-02    4.16294321104559E-02    4.28616968593007E-02    .043480984270935    4.38235069478345E-02    .044249518660248    4.45863570297524E-02    .044590364404814    4.34522298135699E-02    4.29239437243921E-02    4.15732117209379E-02    4.11321107001193E-02    4.15382057584767E-02    .042441964395349    .043074482309879    4.41194022745942E-02    4.37901409265524E-02    4.23993505854632E-02 
 321223.3      22            5             2015          6 
   3.93987603162271E-02    3.64087227736126E-02    3.33868367668612E-02    3.16583826772529E-02    3.11260123117626E-02    3.21488204476839E-02    .033964161622538    3.60968200265594E-02    3.84260110587401E-02    4.02559205650322E-02    4.21300701295641E-02    4.43371632220094E-02    4.57301504708718E-02    4.76095290692254E-02    .049085916367407    5.03324937093994E-02    5.07627884704737E-02    5.10129886184315E-02    4.97705185000979E-02    .048260914676605    4.58747241356324E-02    4.36909458457325E-02    .040773163214071    3.77581874363177E-02 
 253998.333    23            5             2015          7 
   4.35176868734607E-02    3.91370678798904E-02    3.49311855153986E-02    3.25808725078818E-02    3.15698930012761E-02    .032229298088666    .034569074532814    3.72820867711167E-02    4.10005843547209E-02    4.44574191420481E-02    4.71900358089653E-02    4.92560711449138E-02    4.99493043486333E-02    5.02471424869056E-02    4.80646070937993E-02    4.76780703542058E-02    4.45169052608015E-02    4.38450104722242E-02    4.17445645388842E-02    4.25918534104119E-02    4.13111371126105E-02    4.22390159877053E-02    .040922158950744    3.91689563150598E-02 
 285303.171    24            5             2015          1 
   3.24782593833316E-02    3.05944320421258E-02    2.90308301221966E-02    2.82850876386246E-02    .029252743183233    3.09645187596776E-02    3.36251958447388E-02    3.73845842382435E-02    .040408420103487    4.32878817245077E-02    4.48705149348393E-02    4.54814090880714E-02    4.61464910755408E-02    4.67805513750757E-02    4.73519453320412E-02    4.77904248937528E-02    4.82247353706244E-02    4.66837793171163E-02    4.72277250874387E-02    4.67688108488023E-02    4.82646223539082E-02    4.90905529742167E-02    5.03394677152922E-02    4.96670265058148E-02 
 325983.64     25            5             2015          2 
   4.17119104217163E-02    3.88208138154188E-02    .036302773818841    3.36185271253183E-02    3.27364581998271E-02    3.35691393420081E-02    3.53646575781763E-02    3.79565665521205E-02    4.13891013729247E-02    4.32584885864594E-02    4.48347036152259E-02    4.54590908975524E-02    4.50394984497918E-02    4.44526897404268E-02    4.40179448355522E-02    4.38287338447798E-02    4.36652892208793E-02    4.43008416292762E-02    .044597635664707    4.54062370421028E-02    4.59161690503088E-02    4.59520909785917E-02    4.48830818338767E-02    4.29175523099104E-02 
 320305.64     26            5             2015          3 
   .040494791040637    3.77298995090283E-02    3.50936692694905E-02    3.44302709154216E-02    3.56603155514605E-02    3.78066084689455E-02    4.04354422086121E-02    4.31336463363945E-02    4.39817407191925E-02    4.40178329555796E-02    4.34696687767502E-02    4.24930381045585E-02    4.21522076344019E-02    4.23638798506249E-02    4.27154209160195E-02    4.31507229216289E-02    4.31038621619338E-02    4.34687937580103E-02    .043432704570469    .043737942814947    4.42602253419187E-02    4.45591890617739E-02    4.43859170581963E-02    4.39222059075747E-02 
 321656.25     27            5             2015          4 
   4.15597098756436E-02    3.89312821820655E-02    3.66332367871369E-02    3.44891795394929E-02    3.47221594773147E-02    3.66601604245604E-02    3.94987187894686E-02    4.22262277761586E-02    4.38192946662781E-02    4.35193153113767E-02    4.22759065627125E-02    4.05695223695716E-02    3.92030627610998E-02    .039203651753619    4.00280742980666E-02    4.14420358496065E-02    4.36128011755562E-02    4.52448539055669E-02    .04672792796075    4.72386603759837E-02    4.74116693383853E-02    4.64880136986301E-02    .04535755185563    .043136983265326 
 323244.52     28            5             2015          5 
   .040363684568419    3.73033078604086E-02    3.51432418763433E-02    3.39516039494653E-02    3.51607190916183E-02    3.70043100179626E-02    4.02445796876928E-02    4.24576724794515E-02    4.47855076456517E-02    4.53833522742319E-02    4.61678662506792E-02    4.58016423072308E-02    4.52473260654581E-02    4.41006394758448E-02    4.26305443437989E-02    4.14189548992586E-02    .040436974069777    4.15989415158917E-02    4.21323153105968E-02    4.36519387861548E-02    4.46405389032195E-02    4.47890030887067E-02    4.34700639656242E-02    4.21152701163735E-02 
 324001.257    29            5             2015          6 
   3.91093227350118E-02    3.56529468938912E-02    3.31287596381918E-02    3.07229891684494E-02    3.01420120869701E-02    3.12743228705282E-02    3.38014729571327E-02    .036711865070596    4.00381476182051E-02    4.22935401026855E-02    4.40047060623749E-02    4.56532185469654E-02    4.68123485262435E-02    4.81868187435767E-02    4.99836958146045E-02    5.18028528917868E-02    5.22399231965017E-02    5.20051693329542E-02    5.02944645259895E-02    4.73556497315148E-02    4.40072378812561E-02    4.13259512639792E-02    3.82584326623075E-02    3.51941541859898E-02 
 256645.779    30            5             2015          7 
   4.04517066521675E-02    3.63355374127836E-02    3.23328894856868E-02    3.06325906792188E-02    3.00307420352849E-02    3.14592160114973E-02    3.32627224104375E-02    3.58496529544521E-02    3.85992134135684E-02    4.06687761132534E-02    4.28517459722667E-02    4.50054546228773E-02    4.69390915895893E-02    4.80346479746215E-02    4.89040977893406E-02    4.82305610873694E-02    4.68213047617471E-02    4.53437431107624E-02    4.42603820668136E-02    4.45644170569039E-02    4.51171647082203E-02    4.70216203736006E-02    4.83103197595839E-02    4.89723993096045E-02 
 312429.63     31            5             2015          1 
   .039876498299393    3.86723896533917E-02    3.73712622853265E-02    3.55303696207527E-02    3.51989668691555E-02    3.56734424634677E-02    3.74994849090097E-02    3.95504092443553E-02    4.22651643137608E-02    4.37548122586437E-02    4.48165888537444E-02    4.50030933515733E-02    4.43328299189725E-02    4.31958395119247E-02    4.20074750362586E-02    4.09549505245789E-02    4.10386818795404E-02    4.18351174740933E-02    .043399916716846    4.50941232250443E-02    4.64042401174066E-02    4.65337755367105E-02    .045858357818447    4.41322097425187E-02 
