 275183.448    1             3             2018          5 
   3.74617747778293E-02    3.47653100510064E-02    3.14405712537169E-02    3.02623160552974E-02    3.07494875200488E-02    3.24960035557353E-02    3.50051039236651E-02    3.81934315879075E-02    4.09633664801217E-02    4.36806447373517E-02    4.60060359784975E-02    4.75784423076474E-02    4.84618160916332E-02    .048967952178123    4.89323047931375E-02    4.86231289370191E-02    4.79233045852107E-02    4.73076428399047E-02    4.60959050056128E-02    4.50957341350523E-02    4.40345528271926E-02    4.32819263408695E-02    4.19244689523441E-02    .040748779513939 
 286538.33     2             3             2018          6 
   .036353008246532    3.39953632359587E-02    3.07991967100004E-02    .028625577580886    2.79032020395404E-02    2.94851477636517E-02    3.18712609605319E-02    3.65811797543805E-02    4.08747773105521E-02    4.45810877368047E-02    4.72877057473428E-02    4.91543299263837E-02    4.99496873594538E-02    5.17598114076919E-02    5.35965291657053E-02    5.43336040111981E-02    5.47363404062294E-02    5.29325350479725E-02    4.95741342822704E-02    4.56659665905343E-02    4.20717532690129E-02    3.82437824995787E-02    3.59114258814868E-02    3.37125933389522E-02 
 265589.396    3             3             2018          7 
   3.36260145364576E-02    3.13823718900001E-02    2.90560361741861E-02    2.73547750513117E-02    2.70927601517927E-02    2.86649690502186E-02    3.14997993945229E-02    3.62998288131014E-02    4.06428116756872E-02    4.43726682380422E-02    4.63035042504577E-02    4.75332609970806E-02    4.67763764571101E-02    4.62559133126121E-02    4.48685472049588E-02    4.44469171608512E-02    4.47322826167164E-02    4.61717990968849E-02    4.87083449742662E-02    5.09649856864956E-02    5.28010553200889E-02    5.23309298051286E-02    5.09306869714972E-02    4.71833611558234E-02 
 302342.453    4             3             2018          1 
   3.81572599409733E-02    3.48703595358555E-02    3.27153858211238E-02    3.12660352884267E-02    3.17813443465546E-02    3.26544068773647E-02    3.45404356399215E-02    3.67989660004429E-02    3.96881741310573E-02    4.18055087954354E-02    4.49270693439882E-02    4.62912483226843E-02    4.77600143133472E-02    4.78935064880717E-02    4.80026542431175E-02    4.77036542524513E-02    4.75375198188344E-02    4.73841825977379E-02    4.71698244430381E-02    4.66475999805674E-02    4.59649323233645E-02    4.48546336327353E-02    4.29670060261104E-02    4.06182782502347E-02 
 288223.543    5             3             2018          2 
   3.91856963411729E-02    3.57013504846219E-02    3.29116931460644E-02    3.11683021555338E-02    .031613093089042    3.32273762569597E-02    3.61343843220937E-02    3.90152015075847E-02    4.16558283362976E-02    4.32713075430917E-02    4.50368845465462E-02    4.53153142652455E-02    4.59147770817684E-02    4.58962503379278E-02    .046044677746016    .046165660635979    4.67668582171044E-02    4.74002234840424E-02    4.77022114415719E-02    4.71064587173141E-02    4.63199157689037E-02    4.42907256983254E-02    4.22793711763164E-02    3.98764443684776E-02 
 288911.667    6             3             2018          3 
   3.70706036001395E-02    3.39270207089802E-02    3.13409381813317E-02    2.94906754157232E-02    2.98393979198926E-02    3.18120150706392E-02    3.56557437037062E-02    3.98561956373849E-02    4.35546288606181E-02    .04587235852373    4.75718061073923E-02    4.77987961725772E-02    4.81320477661776E-02    4.79611308789323E-02    4.76732576935444E-02    4.69743930255073E-02    4.65043538398364E-02    4.57000929597713E-02    4.51244141918384E-02    4.51555317803677E-02    4.46787762522671E-02    4.43052705459365E-02    4.30412866740079E-02    4.09592678427988E-02 
 280644.454    7             3             2018          4 
   3.87386946356243E-02    .035791585466134    3.20322100837774E-02    3.08227623293333E-02    3.14752331053547E-02    3.39900712949774E-02    3.78562251881788E-02    4.18290114442276E-02    4.39836226573891E-02    4.49233890793367E-02    4.48686949310782E-02    4.40279507369581E-02    4.35758105888403E-02    4.37192304905213E-02    4.41387657163091E-02    4.46874331371519E-02    4.53164471595526E-02    4.60952628795312E-02    4.68464635873848E-02    4.70667051401094E-02    4.69687894614069E-02    4.57806305986186E-02    4.40699613268502E-02    4.13950458435302E-02 
 302522.83     8             3             2018          5 
   3.59720946773257E-02    3.30528353998523E-02    3.06835927215394E-02    2.97442460014092E-02    3.05152621921542E-02    3.32552090727748E-02    3.74433227434025E-02    4.19406686286288E-02    4.53914186565275E-02    4.75328085672906E-02    4.81776204398359E-02    4.77386459509105E-02    4.70487800148009E-02    .046214561595029    4.57613384397303E-02    4.53660299476406E-02    .045439645905195    4.59498540418007E-02    4.63306523944821E-02    4.64689232090352E-02    4.58693978205298E-02    4.42422801766316E-02    .041508634473347    3.83521804164334E-02 
 296909.952    9             3             2018          6 
   3.50629870590781E-02    3.17240577929921E-02    2.87964024747897E-02    2.71594965085155E-02    2.73078589755599E-02    2.94744673809806E-02    3.27582912926829E-02    3.74027214634254E-02    .04194190744594    4.57584186427422E-02    4.88129471816677E-02    5.12507226749173E-02    5.31861263928769E-02    5.53149875976539E-02    .056889841658962    5.69506700237687E-02    .05576650680734    5.26389901510021E-02    4.85414857206016E-02    4.39996026871979E-02    3.99525166629898E-02    3.59269873113751E-02    3.29635730452882E-02    3.04184384812234E-02 
 259753.062    10            3             2018          7 
   3.25847450633229E-02    3.13060290856648E-02    3.07740860661635E-02    3.10385631427369E-02    3.15804746894572E-02    3.25497621684437E-02    .034285304750806    3.63492353953945E-02    3.93828257174212E-02    4.19784474896296E-02    4.48937914914262E-02    .046460355976718    4.71456222008367E-02    4.65142157243848E-02    .045437423046143    4.39024277567996E-02    4.38064118350027E-02    4.45241721118287E-02    4.65528679696565E-02    4.86154414057494E-02    5.08002876725954E-02    5.11441915228029E-02    5.05120519281886E-02    4.78612658339423E-02 
 296916.464    11            3             2018          1 
   3.93094735319645E-02    3.57339235805226E-02    3.34762520633581E-02    3.21639715314423E-02    3.24774441966445E-02    3.42792714860197E-02    3.75885527056863E-02    5.75962977334258E-02    6.07422004560852E-02    6.28277381201401E-02    6.38368471796835E-02    4.69023505484189E-02    2.93684442145822E-02    2.84011714171061E-02    2.77770053037965E-02    2.68958241004825E-02    .044094591387327    .043836268914133    4.46143674753415E-02    4.44477887674073E-02    4.53065142254961E-02    4.42566904577663E-02    4.35768018639579E-02    4.04902099364133E-02 
 309934.998    12            3             2018          2 
   3.58924933148402E-02    3.19226242289762E-02    2.91125560463488E-02    2.82693159764584E-02    2.97994755359154E-02    3.29013828862996E-02    3.73923888419258E-02    4.14215886648593E-02    4.42701855916656E-02    4.69656222530329E-02    4.89355508142711E-02    5.06092573582961E-02    5.17917633752513E-02    5.19986143342466E-02    5.04594842698274E-02    4.86653328636026E-02    4.61903305285968E-02    4.48785729893192E-02    4.33583165900645E-02    4.31069407959375E-02    .042555341389479    4.13791591531557E-02    3.99958045698827E-02    3.81278977789885E-02 
 313163.233    13            3             2018          3 
   3.51028122009776E-02    3.25840921703523E-02    3.09753003326304E-02    2.98095744059217E-02    3.07562433722065E-02    3.28686725673987E-02    3.50025437552722E-02    3.71295170827892E-02    4.26583610900373E-02    4.42914700683828E-02    4.89301688963356E-02    5.08339689995632E-02    5.15393843643676E-02    4.85319110122037E-02    4.88286874001425E-02    4.56608512682186E-02    4.55241507689218E-02    4.64218299584437E-02    4.65506128865629E-02    4.64728560384673E-02    4.54718461523946E-02    4.37113887015194E-02    4.16063531893765E-02    3.87374014714317E-02 
 288355.663    14            3             2018          4 
   .038418562152315    3.56339455695032E-02    3.26957778363885E-02    3.23257039855239E-02    3.29121345906253E-02    .035549258757318    3.79410262028563E-02    4.16215158732204E-02    4.25443366119187E-02    4.46151807986601E-02    4.44439343514818E-02    4.46251680580832E-02    4.38827174277656E-02    4.40399193972133E-02    4.35704978843696E-02    .044199028056066    4.50418050930129E-02    .04620405251175    4.70969419521163E-02    4.74061778483261E-02    4.69979668227029E-02    4.51644326536948E-02    4.30938289197913E-02    3.99760835566631E-02 
 299333.458    15            3             2018          5 
   3.53886266866967E-02    3.23408557800194E-02    2.99500001412305E-02    2.90863331933729E-02    .030591095755699    3.34796848662003E-02    3.78961314712938E-02    4.21713626302593E-02    4.52312959761919E-02    4.67543446093403E-02    4.71577082532902E-02    4.61110827235023E-02    4.55889884862537E-02    4.49979422228086E-02    4.50133442817475E-02    4.53090011742022E-02    4.59701380612955E-02    4.66206165017561E-02    4.72153689162189E-02    4.73129522640099E-02    4.67035677304323E-02    4.53642900309778E-02    4.31627645524093E-02    4.05825004544347E-02 
 312776.081    16            3             2018          6 
   3.59244216142202E-02    .033405047378567    3.14283530823286E-02    3.01093589847988E-02    3.01109575725118E-02    3.11807718102811E-02    3.35524702614648E-02    3.63407912686185E-02    3.98559888599666E-02    4.27716848365317E-02    4.55301759471818E-02    4.77360677567685E-02    5.01866714983474E-02    5.26760253807579E-02    .054925363182583    .055864471019125    5.55258264477871E-02    5.27939649359728E-02    4.89107424795776E-02    4.46204203041744E-02    .040905876951673    3.75233309180858E-02    3.52585786093486E-02    3.28626484408985E-02 
 266577.819    17            3             2018          7 
   .035798316398466    3.35703560718512E-02    3.18636802660052E-02    3.15625472200296E-02    3.18102249558318E-02    3.29911176717689E-02    3.45074651716897E-02    3.58370011624073E-02    3.76368134681059E-02    3.95736233227735E-02    .041642437607731    .043446825412498    4.53771804798489E-02    4.59934734620587E-02    4.63956448105215E-02    4.63868308387372E-02    4.66244710505622E-02    4.71192257360598E-02    4.83764182875433E-02    4.95731805486881E-02    5.01704901552593E-02    4.97012102660162E-02    4.83519582336762E-02    .045689508662056 
 321267.95     18            3             2018          1 
   3.56302258266814E-02    3.33668825693241E-02    3.18342681805795E-02    3.13223895592838E-02    3.25898679844192E-02    3.50862873479132E-02    3.83220288498666E-02    4.16821858222241E-02    4.45429421968874E-02    4.57853946614111E-02    4.64891369542542E-02    4.65430797086591E-02    4.61172675332227E-02    4.58308718139329E-02    4.57862974562978E-02    4.55761924644989E-02    4.56015923098616E-02    4.59328724375556E-02    4.59992354610069E-02    4.59456027573712E-02    4.53026820904093E-02    4.39803277188481E-02    .041848680045543    3.88836797387508E-02 
 309191.296    19            3             2018          2 
   3.70531444896334E-02    3.34928580761617E-02    3.07846243208121E-02    2.99565789735637E-02    .031207621704849    3.43138695750591E-02    3.86343990804806E-02    4.25983848028099E-02    4.49590605400241E-02    4.60557913140204E-02    .045923124153655    4.47955354100185E-02    4.45147057772044E-02    4.41000119348444E-02    4.43534168235043E-02    4.46132870411155E-02    .045741422195064    4.61112598567862E-02    4.72036888339913E-02    4.73653694343889E-02    4.69325619322657E-02    4.54278647954728E-02    4.33181998485575E-02    4.05432187572399E-02 
 313596.21     20            3             2018          3 
   3.67686515268313E-02    3.38093044127112E-02    .031332371302016    3.04377470294523E-02    3.14953589372541E-02    3.44429223869606E-02    3.84861143869532E-02    4.25070189434448E-02    4.53222310397581E-02    4.67332812562132E-02    4.68059233121791E-02    4.62317125699638E-02    .045511965475643    4.50769165715125E-02    4.48663583079496E-02    4.50160083547406E-02    4.51752902392778E-02    .045628132974925    4.58437298138106E-02    4.58750449642711E-02    4.54230305728982E-02    4.43553508566797E-02    4.25621536629062E-02    4.02933747489327E-02 
 316226.084    21            3             2018          4 
   3.67953190364825E-02    3.38020806954527E-02    3.10917966823224E-02    2.97997245392082E-02    .030799284442883    3.33455089889501E-02    3.73906209724227E-02    4.14056911583312E-02    4.46667146959246E-02    4.62330294162262E-02    4.71949691330254E-02    4.68067017520288E-02    4.64741852521407E-02    4.60793431397487E-02    4.59500689119703E-02    .045890741920502    4.60292528892873E-02    4.64188790686935E-02    .046632299976162    4.62575063166674E-02    4.55706553378832E-02    4.40880456877887E-02    4.20039361280994E-02    3.92736407202102E-02 
 313315.198    22            3             2018          5 
   3.66601109527888E-02    3.31090213195228E-02    3.08351623594078E-02    .029363800603123    3.05473163691297E-02    3.34911619546221E-02    3.76642758295514E-02    .04188682948421    4.52110203881253E-02    4.64763913738554E-02    4.66117196020922E-02    4.58137699104689E-02    4.44710319967067E-02    .044004505244069    4.37883004930469E-02    4.39039020559258E-02    4.49019079990895E-02    4.56516646586754E-02    4.64035594905533E-02    4.70583607290413E-02    .04706950041967    4.62130159239036E-02    4.49178352008558E-02    4.39458426482874E-02 
 338684.05     23            3             2018          6 
   3.84250748180716E-02    3.69002622752311E-02    3.49510993588641E-02    .033126980966848    3.14679114280699E-02    3.15399272935941E-02    .032497986854378    3.46796385294421E-02    3.83403344964872E-02    4.15789868121558E-02    4.47906533620715E-02    4.71114292168099E-02    4.91035519498187E-02    .05057610570235    5.21204965494389E-02    .053292882315391    5.32092694042575E-02    5.22160986489473E-02    4.94364580905124E-02    .045897320613969    4.18833414994373E-02    3.87674298693724E-02    3.52616533619239E-02    3.28251060058777E-02 
 259199.688    24            3             2018          7 
   .039177093568444    3.62662481110413E-02    3.33868056560894E-02    3.24742423168445E-02    .032347891856114    3.37710676384475E-02    3.54202282426166E-02    3.75731555483682E-02    3.92752397248738E-02    4.07849272939229E-02    4.19060691117132E-02    4.32074607727248E-02    4.34253979864937E-02    4.41693835282992E-02    4.38331924407544E-02    .043353410323887    4.26686477929422E-02    4.34480073947369E-02    4.45165270487324E-02    .047259122490485    4.95720487530544E-02    5.13507961921717E-02    5.10998283698262E-02    4.97132172112221E-02 
 326220.21     25            3             2018          1 
   3.71481268023293E-02    3.47604447017936E-02    3.24396209570753E-02    3.15521836030254E-02    3.16595030288359E-02    3.34353296916751E-02    3.65141069844738E-02    4.01518343812911E-02    4.39788510928324E-02    4.67903566150531E-02    .048531511769113    4.89392417672789E-02    .048358010533935    4.71906984864993E-02    4.58524926019298E-02    4.49250521938463E-02    4.39478916088231E-02    4.38973422134469E-02    4.38337348728716E-02    4.40541692728433E-02    4.40642845403416E-02    .043963125878222    4.27968286504613E-02    4.12152576322601E-02 
 321375.3      26            3             2018          2 
   3.95869245882462E-02    3.68915720625154E-02    3.47166998949515E-02    3.33876310996443E-02    3.32940969347209E-02    3.43886116656289E-02    3.68454567807871E-02    3.95767814141286E-02    4.22060756827765E-02    4.43881343712476E-02    4.57617930218579E-02    4.61900458552664E-02    4.62975853795391E-02    4.60162931003098E-02    4.53128162676939E-02    4.47469043348618E-02    4.42605272849998E-02    4.40023868462744E-02    4.43322800622434E-02    4.43331825555667E-02    4.47942320571152E-02    4.41055050648728E-02    4.32034128497896E-02    4.13610502172227E-02 
 332400.94     27            3             2018          3 
   3.80336173425081E-02    3.54903637560035E-02    3.35820649632865E-02    3.22095049627793E-02    3.25668747074692E-02    3.37484297295459E-02    3.65713454642306E-02    3.93687513667606E-02    4.16278301824673E-02    4.32456964659907E-02    4.43549584511178E-02    4.44697600405778E-02    4.51869967495053E-02    4.56310670189817E-02    4.61385578512504E-02    4.64557664298046E-02    4.70242364255197E-02    4.69968580855623E-02    4.73029349407451E-02    4.67244173087326E-02    4.61880762459261E-02    4.45191873601877E-02    4.25481936672998E-02    4.00145088385204E-02 
 317841.22     28            3             2018          4 
   3.89483147680232E-02    3.58380501129227E-02    3.35111985612659E-02    3.22086921262132E-02    3.20406824809413E-02    3.31286802770578E-02    3.58774424479147E-02    3.85426729588834E-02    4.14821903842428E-02    4.37090571168287E-02    4.50300322614701E-02    4.53136933287397E-02    .045171547865354    4.50463287238987E-02    4.45089848291625E-02    4.50662752989527E-02    4.52023188063839E-02    4.57423357633963E-02    4.56484836251337E-02    4.62127271293273E-02    4.60320404093984E-02    4.60757096440323E-02    4.57033244165908E-02    4.39592127310847E-02 
 318466.165    29            3             2018          5 
   4.14973439957115E-02    3.82197287102305E-02    3.44107517866144E-02    3.11697561193432E-02    3.04570810675837E-02    .030757937204059    3.34192162876628E-02    3.69469715929242E-02    4.04099449475661E-02    4.30553121907001E-02    4.49970258957886E-02    .045740212185296    4.61146939316536E-02    4.62709758645004E-02    4.60220010980209E-02    4.63272146685504E-02    4.59671759302122E-02    4.62658242183279E-02    4.62552112139213E-02    .046703643614503    4.64505873950142E-02    4.57147789987753E-02    4.45260795748506E-02    4.23005377637606E-02 
 322569.32     30            3             2018          6 
   3.92393188249428E-02    3.64322943970229E-02    3.44226791168872E-02    3.20656033959228E-02    3.16184762724025E-02    3.19597667700543E-02    .033985036994335    .037038580623926    4.07453813677553E-02    4.47290212253834E-02    4.73989596881455E-02    4.95157436721663E-02    5.08228755004506E-02    5.16732014474439E-02    5.23579258773742E-02    5.32655130143809E-02    5.19928214577257E-02    5.01817402961633E-02    4.65795682256375E-02    4.22954357870659E-02    3.79814163617219E-02    3.60322562313893E-02    3.37841808215828E-02    .033882206626354 
 266987.036    31            3             2018          7 
   3.97693481664967E-02    3.83929134156536E-02    3.53782612477671E-02    3.32734327793822E-02    3.06898789074069E-02    3.01677126510133E-02    .031259944771251    3.30922003140351E-02    3.63929223760606E-02    3.91758729263263E-02    4.21235450161988E-02    4.38379343491794E-02    4.57301215530742E-02    4.60366563629235E-02    4.64752163975389E-02    .046089616419147    4.59335051407702E-02    4.59848558023712E-02    4.62034042766687E-02    4.77471868065253E-02    4.84319769029441E-02    4.94081296071806E-02    .049530644772814    4.88747323367229E-02 
