 243480.409    1             4             2014          3 
   5.48337759499677E-02    5.64418726369685E-02    5.75031907007557E-02    5.67041498988734E-02    5.49455702691669E-02    5.17531572029374E-02    4.69127274963835E-02    4.15332801542259E-02    3.67719523585982E-02    3.29207176774847E-02    3.04471104381287E-02    2.96727162868215E-02    2.91388947026124E-02    2.91394622373653E-02    2.91254443295117E-02    .029144698397223    2.91617926241963E-02    3.08869819583719E-02    3.32924649731521E-02    3.77104262216021E-02    4.30697070285129E-02    4.88209718561484E-02    5.31785718730557E-02    5.68903694822013E-02 
 276581.423    2             4             2014          4 
   .051591173410985    .052241037138004    5.25201952972904E-02    5.06786758177808E-02    4.79905687833832E-02    4.40052694322225E-02    3.97448970942365E-02    3.59414497071537E-02    3.41336637952271E-02    3.30001820284492E-02    3.25319654772602E-02    3.19486402766284E-02    3.07081354653653E-02    2.98064563409778E-02    2.94958826052238E-02    3.07065077518782E-02    3.38392206648221E-02    .037318449416431    4.19583861792844E-02    .046220421539076    5.01358316044151E-02    5.26212123967831E-02    5.50026101908967E-02    5.58591758766188E-02 
 265542.514    3             4             2014          5 
   5.89742474226745E-02    5.90858666432317E-02    5.91838566314281E-02    5.74905697762864E-02    5.48546446102224E-02    5.10643278763264E-02    .045009705053764    3.99903963800877E-02    3.49128637434494E-02    3.13928552145609E-02    2.89281357874911E-02    2.93957184885327E-02    2.91917029285704E-02    3.18798299669352E-02    3.37743484292877E-02    3.63798634166166E-02    3.81542673732651E-02    3.95151421791258E-02    3.98044746742041E-02    4.02031278819538E-02    3.99929927745958E-02    4.00602894078855E-02    4.00781773156576E-02    4.06826003045881E-02 
 305303.63     4             4             2014          6 
   3.59530276261373E-02    3.70943830726398E-02    3.87246632915485E-02    .040356446880643    4.22500056030287E-02    4.41048157585368E-02    4.58455073222926E-02    4.68309856711334E-02    4.69157533590003E-02    4.56867802185975E-02    4.33400993248508E-02    4.08178247933868E-02    3.85416647560004E-02    3.76249384045565E-02    3.73382393127786E-02    3.85156564517838E-02    3.96095533803103E-02    4.10858213203197E-02    4.22703458817784E-02    4.33489756062678E-02    4.33889364652739E-02    4.38327249468423E-02    4.32021731069411E-02    4.33206770615125E-02 
 340727.34     5             4             2014          7 
   3.89201815207286E-02    3.97981258865593E-02    4.02760757509215E-02    4.14371804547222E-02    4.19002179416759E-02    4.25354485330558E-02    4.29777382398709E-02    4.33173351766401E-02    4.35968842142958E-02    4.38883763379907E-02    4.40440434443124E-02    4.42285894887023E-02    4.43873691919615E-02    4.45316492378481E-02    .044504441242703    .044435531327263    4.42918961564326E-02    4.40227654335722E-02    4.35486332295421E-02    4.18752139861671E-02    3.98462593607472E-02    3.66518292117019E-02    3.35888503940937E-02    3.13953666460255E-02 
 250316.478    6             4             2014          1 
   4.19815347588703E-02    4.29361661233205E-02    4.59445179708665E-02    4.65302569456195E-02    4.62009121484004E-02    4.34785615297168E-02    3.92010233915763E-02    3.56029805409474E-02    3.42333627939887E-02    3.24734442116661E-02    3.25228816282472E-02    3.27504899804778E-02    3.20417855753887E-02    3.19503056777639E-02    3.25232288449514E-02    3.34879587536582E-02    3.56049272952778E-02    3.86102712318244E-02    4.27024619722098E-02    4.73910461684628E-02    5.25720499735738E-02    5.69182667955443E-02    6.02667466646962E-02    6.20748171815321E-02 
 258233.25     7             4             2014          2 
   6.08717519977094E-02    6.07491490554082E-02    .060423434409589    5.71913947044484E-02    5.36332168022999E-02    4.76473871913764E-02    4.10951713167747E-02    3.47688103318415E-02    3.09973176805756E-02    2.75473363077518E-02    2.67984978061259E-02    2.72911218739502E-02    2.77673390057729E-02    2.91692688592823E-02    3.06841318301865E-02    .032128271206845    3.36047441787125E-02    3.54086411279822E-02    3.74052803400608E-02    .040936052211276    4.47758387100131E-02    4.91695015855336E-02    5.32875990323187E-02    5.66487462158727E-02 
 276652.516    8             4             2014          3 
   5.45590570035698E-02    5.59030157561896E-02    5.60764833069962E-02    5.44158444358319E-02    5.18820857942694E-02    .047647641287853    4.26936287276979E-02    3.77153973554049E-02    3.44273044334974E-02    3.20049502098148E-02    3.12610150871084E-02    3.11508990916786E-02    .030743122211023    3.01006653584437E-02    2.93127209017729E-02    2.91675456960014E-02    3.02639561368565E-02    3.34653117534362E-02    3.77592813770488E-02    4.32456948030702E-02    4.81039546306711E-02    5.19914287362292E-02    5.31996230618503E-02    5.29093679582694E-02 
 307542.44     9             4             2014          4 
   4.54394190430677E-02    4.34983854890889E-02    4.21229338095581E-02    4.26051779735668E-02    4.33074533804586E-02    4.50254930669081E-02    4.51904125055472E-02    4.42744756575304E-02    4.22840173954935E-02    4.04668710875725E-02    3.83478768308367E-02    3.77579430073944E-02    3.71632619986936E-02    3.66253185861112E-02    3.62199438941663E-02    3.60653634757288E-02    3.56808001899266E-02    3.64815026880924E-02    3.79271555527019E-02    4.02850078492419E-02    4.35354548139762E-02    4.70459617957525E-02    5.00938007988832E-02    5.25559673314925E-02 
 277380.466    10            4             2014          5 
   6.00046971561977E-02    6.07596465084171E-02    6.11336814990425E-02    5.87215113962369E-02    5.51334441470276E-02    4.93869302482263E-02    .042720781052585    3.60063671196839E-02    .031424931377017    2.70292104852113E-02    2.42636523063371E-02    2.22378201429026E-02    2.16574374695017E-02    2.26442152861667E-02    2.65620716229076E-02    3.19590402467725E-02    3.80006207171506E-02    .042384381924627    4.53315621863221E-02    4.65166130504933E-02    4.69800552190831E-02    4.78587417115559E-02    4.95293339314042E-02    5.17532472663378E-02 
 307440.43     11            4             2014          6 
   4.86462030069126E-02    .050376978466609    5.12675568615439E-02    5.15816992732137E-02    5.06386875753866E-02    4.87192926234116E-02    4.58694709827608E-02    4.18995327047991E-02    3.86328810765471E-02    3.58277200185984E-02    3.43419710659476E-02    3.38162753492603E-02    3.43877688100017E-02    3.44030537832565E-02    3.49430307218377E-02    3.51465476631115E-02    3.56833037033386E-02    .03664774993972    .03828182221451    4.00408297694451E-02    4.19648781889633E-02    4.39397653443384E-02    4.57091788785717E-02    4.72338009614578E-02 
 338170.18     12            4             2014          7 
   .044325344610885    4.53023397587126E-02    4.58910665463614E-02    .046222379138922    4.62224080167639E-02    4.61612245330886E-02    .046211939799068    4.63742852507723E-02    4.66105839678487E-02    4.67053292794031E-02    4.66254878220634E-02    4.64382756606821E-02    4.61502249631014E-02    4.55414482898078E-02    4.42065584959324E-02    4.20722491797621E-02    .03894725373091    3.53172483581344E-02    3.18302171807032E-02    3.00872170614659E-02    2.97855937781829E-02    .031486394707023    3.42741345034474E-02    3.72107915550833E-02 
 230529.896    13            4             2014          1 
   5.74498595889272E-02    5.93097051336457E-02    5.92259858199151E-02    5.75256826925281E-02    5.44701162506706E-02    .05081098112894    4.64228741575561E-02    4.19056827896738E-02    3.80778720805262E-02    3.49450337669002E-02    3.24288221093946E-02    3.08303839052289E-02    2.99746363685841E-02    2.92240325462766E-02    2.91887304716435E-02    2.92425763552051E-02    2.92959266075516E-02    2.93092133366674E-02    3.08077691424727E-02    .03368863193521    3.87431320201199E-02    4.54132437189947E-02    5.27946285733587E-02    5.89144837192288E-02 
 315239.937    14            4             2014          2 
   .046496933634673    4.83086953482198E-02    4.88760087586079E-02    4.84077301559907E-02    4.73691580220846E-02    4.63895222708568E-02    4.50698925184882E-02    4.43526932768515E-02    .044187293469022    4.44715852311647E-02    4.42795749882652E-02    4.36499888228391E-02    4.14892865497718E-02    3.84893797527865E-02    3.48840623241687E-02    3.19182286558603E-02    3.07785399665272E-02    3.10657405992788E-02    3.34315817559705E-02    3.66201376407853E-02    3.98027301859599E-02    .041951378768357    4.36416463430203E-02    4.40682094487048E-02 
 309800.96     15            4             2014          3 
   4.51243923780126E-02    4.55502139179943E-02    4.60634466723408E-02    4.61382363756232E-02    4.59069922618623E-02    4.48904688725384E-02    4.32980906161895E-02    .041721820232376    4.06468072980632E-02    3.98768604475515E-02    3.93679210243974E-02    3.94440031401533E-02    3.90675044732754E-02    3.89756391642153E-02    3.89293487320859E-02    .039277638132561    3.92468755634666E-02    .039529024967555    3.94684045180977E-02    3.92659528324654E-02    3.97217930163128E-02    4.07960966998779E-02    4.27218165031671E-02    4.49706488815028E-02 
 254460.523    16            4             2014          4 
   5.78547886016292E-02    5.96601782361738E-02    5.92425476089959E-02    .056543585550842    5.14732885378649E-02    4.49834020029897E-02    3.86827178272168E-02    3.45626311367461E-02    3.18607888276692E-02    3.16179228461059E-02    3.31510165134731E-02    3.42872438409631E-02    3.55680401921323E-02    .036160865295842    3.64652354763297E-02    3.60728343888828E-02    3.57072593560024E-02    3.44618818399682E-02    3.47303381122108E-02    .035780453420765    3.86111471417219E-02    .043153845892679    4.78094980682426E-02    5.15584871661016E-02 
 225953.688    17            4             2014          5 
   .061180013177634    6.23428188689268E-02    6.22974555907669E-02    6.10048009733083E-02    5.68901536984982E-02    5.15275062831681E-02    4.35123993611248E-02    3.54795054181911E-02    2.86653346677727E-02    2.46361908622343E-02    2.18777137094405E-02    2.18161430862826E-02    2.18489986160626E-02    2.26328981910941E-02    2.34997793725157E-02    2.51216310986369E-02    2.71402429522693E-02    .030792872845668    3.58440712755981E-02    4.25313925391649E-02    5.02781793013376E-02    5.78408333364977E-02    6.37484192322079E-02    6.74906433287559E-02 
 300540.15     18            4             2014          6 
   5.22601048998778E-02    5.23767276029925E-02    5.22843938499149E-02    5.11392226577298E-02    4.94664012393602E-02    4.66864748561881E-02    4.34708973160491E-02    4.01865113737715E-02    3.81494791804439E-02    3.64977200997521E-02    3.61008337821086E-02    3.61714065855677E-02    3.63393723922993E-02    3.63350799905603E-02    3.53272266617289E-02    .036325328667609    3.62174239916447E-02    3.82565845143735E-02    3.99970510647662E-02    4.24020892830376E-02    4.20842273486587E-02    .042429439128183    4.04094108245604E-02    3.90865907392074E-02 
 329133.01     19            4             2014          7 
   3.51614383469543E-02    3.56390870669581E-02    3.70129706214746E-02    3.90177523471058E-02    4.09029164227556E-02    4.28349929296062E-02    4.42946457364608E-02    4.55236914989931E-02    4.62068814092439E-02    4.68854812536503E-02    4.63320890295233E-02    4.55769831425827E-02    4.38410896697584E-02    4.20857499839123E-02    4.01189171543064E-02    3.93539991485889E-02    3.88632863950277E-02    3.93446706631234E-02    4.01705976758834E-02    4.09922105608231E-02    4.18007000706948E-02    4.23603528241895E-02    4.28292813092114E-02    4.28502140270737E-02 
 249205.132    20            4             2014          1 
   5.60006932612046E-02    5.36483350980408E-02    5.01571137638129E-02    4.51348644126237E-02    3.96870824047676E-02    3.48297911269038E-02    3.14348936297437E-02    2.93805670339787E-02    2.89277758345382E-02    2.96699872374117E-02    3.07263929247151E-02    3.24839341026793E-02    3.40741894939186E-02    3.55657286759849E-02    .036475672598458    3.69417560602745E-02    3.73787431045963E-02    3.92852579401334E-02    .042255549555406    .046570628603417    5.17563978615717E-02    5.62387705337264E-02    5.95868139816238E-02    6.17890581427713E-02 
 266498.606    21            4             2014          2 
   5.87495011371654E-02    5.89810960692699E-02    5.91513413019504E-02    5.76192514692272E-02    5.56278340697024E-02    5.14432693517072E-02    4.75623493681145E-02    4.30298700722847E-02    3.95133398934177E-02    3.62850858765374E-02    3.41150940204168E-02    3.16841259223134E-02    3.05120725647904E-02    2.99276912100668E-02    2.99860360860809E-02    3.12058423170983E-02    3.24256393870687E-02    3.31249863847787E-02    3.37538812667842E-02    3.45692254413706E-02    3.69614496395808E-02    4.02187478398105E-02    .044542073104221    4.90102015416358E-02 
 278855.241    22            4             2014          3 
   4.98701046076538E-02    5.12773577776776E-02    5.18728273270109E-02    4.98437482467382E-02    4.70347996458313E-02    4.29380840133645E-02    3.82360756064291E-02    3.32845222606467E-02    .029932914889387    2.72754418208828E-02    2.64348626676879E-02    .027732937957068    2.92549635183072E-02    3.27865915585391E-02    3.63080514225928E-02    4.03720930120962E-02    4.29169281834029E-02    4.55087362312656E-02    4.60240230487994E-02    4.72555928276869E-02    4.81806989945995E-02    4.99501087353599E-02    .051894095222286    5.38144464341895E-02 
 293070.827    23            4             2014          4 
   5.19549143885362E-02    5.23230527873813E-02    5.15513283404612E-02    4.95333847713969E-02    .047495924669005    4.48094740230661E-02    4.20669629098737E-02    3.97114236335267E-02    3.83247967659794E-02    3.65148607223451E-02    3.58402091196969E-02    3.47815579779201E-02    3.40936343328877E-02    3.35186046863426E-02    3.36753067544318E-02    3.39684512828532E-02    3.48971610325104E-02    3.59490911827007E-02    3.77995331131594E-02    4.02294897941172E-02    4.32116707342045E-02    .04656212336003    4.95308923064953E-02    5.16561484853967E-02 
 305538.92     24            4             2014          5 
   5.04417568860785E-02    5.05546721245038E-02    .050057059450274    .048389645161654    4.70045189690973E-02    4.46279645098078E-02    4.21665765966493E-02    3.96022871294515E-02    3.79197516340553E-02    .035997411889662    3.57990079770361E-02    3.59823226448532E-02    3.66381470577054E-02    3.77304153315803E-02    3.84219476544101E-02    3.88228434152922E-02    3.87991819708272E-02    3.85950504736434E-02    3.90036714420458E-02    3.97100309215517E-02    4.11816270207082E-02    4.28242324302334E-02    4.44686053365558E-02    4.52612717166278E-02 
 328993.34     25            4             2014          6 
   4.28211110643228E-02    4.28650928864548E-02    4.32807547962065E-02    .043709821707561    4.42101969345717E-02    4.42406817367108E-02    4.39696430528427E-02    4.28509279910499E-02    4.17540361293864E-02    4.05598184943501E-02    3.98089513994797E-02    3.93058096840957E-02    3.92086976308548E-02    3.90323696170795E-02    .038906138195875    3.90796967529419E-02    3.94615879135274E-02    4.01730028657267E-02    4.10900403314395E-02    .041936867765507    4.25237788675676E-02    4.29998078095593E-02    4.31131536878148E-02    .043098015178476 
 320891.66     26            4             2014          7 
   .044114763126946    4.40767130232522E-02    4.33820574510646E-02    4.27995862324297E-02    4.16362962950642E-02    4.04892726781213E-02    3.99207944513111E-02    3.99495899468843E-02    .040459013365874    4.15202439352896E-02    4.26461076409325E-02    4.31353054349403E-02    4.37147242458327E-02    4.37582583363182E-02    4.37290580847832E-02    4.30418798464176E-02    4.21108802685539E-02    4.04334589612737E-02    3.90997698072381E-02    3.82758479625959E-02    3.85814021944743E-02    3.95613589840571E-02    4.11537663229546E-02    4.24098579768714E-02 
 302018.98     27            4             2014          1 
   4.59753222194016E-02    4.63010629487177E-02    4.62743094045364E-02    4.55459462659433E-02    4.44737286254328E-02    4.27004963448406E-02    4.10101373223299E-02    3.87987858463812E-02    3.78181847058503E-02    3.67224599023959E-02    3.63442403210057E-02    3.59040678865199E-02    3.58784395820504E-02    3.53674449481205E-02    3.54000930669986E-02    3.54143622705848E-02    .035744409951901    3.76492241429247E-02    4.00722500225814E-02    4.39323395854956E-02    4.77640847480844E-02    5.08095880627684E-02    5.18219739917091E-02    5.22770461520332E-02 
 255258.754    28            4             2014          2 
   6.03818282148905E-02    5.94463076854457E-02    5.76086006020973E-02    5.59301107872093E-02    5.23421423543519E-02    4.83099593875731E-02    4.33183180186349E-02    3.95806584964859E-02    3.62561061336314E-02    3.50406192325435E-02    3.51164269595432E-02    3.38579957367006E-02    3.44001462788716E-02    3.34095307670134E-02    3.31641914827826E-02    3.26347272097375E-02    3.39195027176228E-02    3.36435610610342E-02    3.49150113954074E-02    3.58326119958456E-02    .037654732872795    .040240107293    4.41649887549008E-02    4.88318218461569E-02 
 287815.749    29            4             2014          3 
   4.70455499476941E-02    5.01023999406822E-02    .052504422228038    5.22614214424034E-02    5.08851238681261E-02    4.78043327773214E-02    4.38990565584026E-02    3.98184939088844E-02    .036975946599868    3.44764837729571E-02    3.32678553157023E-02    3.26752045683313E-02    .032345519093493    3.26452781960604E-02    3.31970634981218E-02    3.41171399738536E-02    3.49679616667711E-02    .03604611521254    3.81934986806003E-02    4.05513235841465E-02    4.42323963079501E-02    4.78155195402893E-02    5.11264586845107E-02    .053045427928659 
 297724.345    30            4             2014          4 
   5.28325624129344E-02    5.29635560674842E-02    5.27882254430688E-02    5.13410827534947E-02    4.96867007287815E-02    4.65635766250909E-02    4.25541624963521E-02    3.80937623011229E-02    .033724282906937    3.06374431533723E-02    2.98673929402716E-02    3.07088999032813E-02    3.33965790045654E-02    3.64854622538929E-02    3.84540276520299E-02    3.95476882157974E-02    3.97383007772257E-02    3.90432957319547E-02    3.92594700309106E-02    4.05721946524897E-02    4.23453454381603E-02    4.51496514019537E-02    4.65589746595126E-02    4.76873680910693E-02 
