 293527.125    1             4             2016          6 
   3.49134677235962E-02    3.17805388354228E-02    2.94041813160794E-02    2.79268469971046E-02    2.89687878079411E-02    3.06658200668848E-02    .033521943191366    3.74336111984114E-02    4.09182963339845E-02    4.41825948421717E-02    4.65735844738795E-02    .048636595872528    4.95183885795052E-02    5.11410658863725E-02    5.22856277763086E-02    5.40729912046033E-02    5.36945258626013E-02    5.31434361954198E-02    5.04627653396173E-02    4.69373644716395E-02    4.32477565691331E-02    .039851852224475    3.67274404367228E-02    3.39905134672392E-02 
 247134.287    2             4             2016          7 
   3.71171678201313E-02    3.38897742477655E-02    3.11219454736667E-02    2.94138660115887E-02    2.94249935650876E-02    3.09455247515392E-02    3.32944501355755E-02    3.69759988397523E-02    4.02435045554302E-02    4.26990940202887E-02    4.50146367438283E-02    4.63327460355592E-02    4.73638861546354E-02    4.82019734945257E-02    4.82288005402302E-02    4.70080454869765E-02    4.54857163471008E-02    4.38417902341187E-02    4.34278460342696E-02    4.43182518430253E-02    4.67222499234799E-02    4.90648212215693E-02    5.04755942666911E-02    4.93873187441915E-02 
 270027.86     3             4             2016          1 
   4.28106939710777E-02    3.87663702552766E-02    3.50156034883308E-02    3.19160571408261E-02    .031259180476322    3.20950208792808E-02    3.49565311693671E-02    3.82526464989113E-02    4.18754931609187E-02    4.38435879704228E-02    4.56099240845463E-02    4.58116429981521E-02    4.55677409372222E-02    4.46440587591129E-02    4.40598597805334E-02    4.31292157918446E-02    4.33627492756673E-02    4.36075735504662E-02    4.47274956068422E-02    4.57660567008252E-02    4.68806805481109E-02    4.66137086743568E-02    4.58289010553393E-02    .043599204911671 
 274377.111    4             4             2016          2 
   3.94744293477618E-02    3.58588570800099E-02    3.27840337839351E-02    3.01939376809934E-02    3.00271500974894E-02    3.16616691276682E-02    3.47783663897259E-02    3.84560858160013E-02    4.23915089827774E-02    4.48701772699072E-02    4.66059270132595E-02    4.72033918071158E-02    .046644633292908    4.57585922739835E-02    4.45989094253383E-02    4.38008482249545E-02    4.36297326565262E-02    .043876726769858    4.49315556416348E-02    4.62849478484286E-02    4.74021694633996E-02    4.74945235364403E-02    4.69734533712162E-02    4.42983742945581E-02 
 283950.906    5             4             2016          3 
   .039734015730258    3.59771355488297E-02    3.23668200960944E-02    3.04910281854322E-02    3.09267844933818E-02    3.29298988374244E-02    3.65476567078641E-02    4.04534368313039E-02    4.30327917154541E-02    4.48727231411792E-02    4.52189090578654E-02    4.45582294052444E-02    4.40462055117989E-02    4.36218707700214E-02    4.39126271829451E-02    4.44595520259583E-02    .045137874748276    4.61578023797096E-02    4.68542599765908E-02    4.72397868434253E-02    4.74105910175807E-02    4.67246264042559E-02    4.50176748874769E-02    4.23076993820632E-02 
 277111.265    6             4             2016          4 
   3.97098962047339E-02    3.56725400366257E-02    3.25422540845191E-02    .029870493338885    3.09106892327618E-02    3.20998762164631E-02    3.58758407363014E-02    .039137166110425    .042333285416735    4.34334576424564E-02    4.45187230062174E-02    4.44156965028109E-02    .044284343437599    4.44009024114375E-02    4.45237412973359E-02    4.48437912712156E-02    .045190800463534    .046066118711152    4.71024169716179E-02    4.80765363497132E-02    4.86209046414082E-02    .047765000555147    4.58084943053019E-02    .042797033311015 
 282419.493    7             4             2016          5 
   3.84476306370343E-02    3.46480584800674E-02    3.19447680451452E-02    .029870946958015    2.97379894050904E-02    3.11464867618044E-02    3.43549232276258E-02    3.78819100980045E-02    4.18303631787113E-02    4.45572983497106E-02    4.63791982249522E-02    4.72343817862813E-02    4.72578570880109E-02    4.71892707557371E-02    4.74340480622827E-02    4.70193834307588E-02    4.73580619442228E-02    .047008971863001    4.68662770218644E-02    4.61156206215288E-02    4.60543649181645E-02    4.45849887630632E-02    4.35486591372608E-02    4.15285418225806E-02 
 299471.81     8             4             2016          6 
   3.66203408782449E-02    3.36893471396356E-02    3.12057752614512E-02    .029161971794816    2.91307058093799E-02    3.05217388929696E-02    3.37958367120598E-02    3.73083197348775E-02    4.18903877275627E-02    4.48957441624472E-02    4.81771236821506E-02    4.93801401906159E-02    5.06990638941525E-02    5.06615629729473E-02    5.12038523811724E-02    5.17651074726783E-02    5.15184720662856E-02    5.13248303529805E-02    4.96656428561256E-02    4.71129812372824E-02    .043028824388763    3.98076876532636E-02    3.52945072223576E-02    3.21400438638114E-02 
 256945.136    9             4             2016          7 
   3.45665239419535E-02    3.23570526927099E-02    3.13243453792943E-02    3.14508315253485E-02    3.24831017622377E-02    3.34592836788025E-02    3.57231424505833E-02    3.72266248905078E-02    4.00229796953132E-02    4.21708307556754E-02    4.47518892649421E-02    4.56346052168507E-02    4.70004237536433E-02    4.65499384796196E-02    4.61431570575635E-02    4.49492844262286E-02    4.41165396236086E-02    4.37191002372195E-02    4.44067546364256E-02    4.65604055122589E-02    4.85527789505422E-02    5.01809840277537E-02    4.95246965204763E-02    4.71247283177312E-02 
 287316.083    10            4             2016          1 
   3.80693975815914E-02    3.39330558648626E-02    3.05105607495265E-02    2.83695392796502E-02    2.96972143556875E-02    3.19282951358922E-02    3.65561163391261E-02    4.16176151066698E-02    4.54702699108911E-02    4.79523808431392E-02    .049312622608434    4.90087427510976E-02    4.79768122330451E-02    4.79270759324757E-02    4.61145101636636E-02    4.59064456765896E-02    4.45280673091054E-02    4.42375859686038E-02    4.37564085887771E-02    4.46593503412581E-02    4.40804779920291E-02    4.43261310629886E-02    4.28961707849296E-02    4.11651517477008E-02 
 282704.483    11            4             2016          2 
   .038827823627712    3.62610456242747E-02    3.38296715467632E-02    3.20797455858703E-02    3.28199592412371E-02    3.42784617415759E-02    .037188233316546    3.99225718647783E-02    4.22917225911571E-02    4.30261674686195E-02    4.34239298866637E-02    .042557124372697    4.18854693610837E-02    4.16630467021105E-02    4.13679685307643E-02    4.19164204090018E-02    4.30987849830542E-02    4.52400309842717E-02    4.70263486069745E-02    4.94846424965871E-02    5.04046831221014E-02    4.98079116837882E-02    4.75558084247819E-02    .044042422328248 
 263613.361    12            4             2016          3 
   4.19355063176217E-02    3.71568310203177E-02    3.33724541552638E-02    .031358614651886    3.27147193020122E-02    3.46771585097597E-02    3.85284354064379E-02    4.13771120285231E-02    .043411493127524    4.36596222663577E-02    4.42709357066693E-02    4.36989606259468E-02    .044292366388487    .044591936572735    4.53840419862103E-02    4.56350532461251E-02    4.59289703239852E-02    4.55324045404227E-02    4.51964559127088E-02    4.51821193978195E-02    4.43824234109572E-02    4.40081255320458E-02    4.27540916815954E-02    4.09501617242572E-02 
 263227.869    13            4             2016          4 
   3.81958414932786E-02    3.59797096738549E-02    3.34282613517644E-02    3.28086921122132E-02    3.31307047305371E-02    3.46479782372986E-02    3.73316751832516E-02    3.93113384348752E-02    4.10948491563881E-02    4.24702763960092E-02    4.27455881509454E-02    4.24519269782847E-02    4.28489956156105E-02    4.26481054780526E-02    4.31571330171351E-02    4.37736712267062E-02    4.47470473647872E-02    4.60110462256468E-02    4.71461873578724E-02    4.79121364247055E-02    4.87526258273492E-02    4.81354049867911E-02    4.66789858065428E-02    4.45918193043325E-02 
 270766.888    14            4             2016          5 
   3.98264740173381E-02    3.63561334330326E-02    3.32959848299933E-02    3.10231796315046E-02    3.07021946321313E-02    3.17240607179136E-02    3.39679189107957E-02    3.72141131576436E-02    4.00199962550443E-02    4.25179035543205E-02    4.50640787050834E-02    4.64103633249184E-02    4.73366242244787E-02    4.75861000935055E-02    4.70019050863874E-02    4.59166556618899E-02    4.51119029381189E-02    4.44699870391833E-02    4.45350979652006E-02    4.54360581864242E-02    4.63034837380577E-02    4.69220970450142E-02    4.62782227329159E-02    4.49794666004822E-02 
 298554.679    15            4             2016          6 
   3.80332013968369E-02    3.54655315605521E-02    3.22465206092952E-02    3.01335936879589E-02    2.89532816041128E-02    2.98453299089813E-02    3.24243794394276E-02    3.59645339298551E-02    4.04243534994556E-02    4.41081361504554E-02    4.71598371401257E-02    4.90475972357395E-02    5.06346769616781E-02    5.17561476203242E-02    5.35196109702823E-02    5.50240889667986E-02    5.46172657182673E-02    5.35317691545876E-02    .049860916636103    4.53459649178702E-02    4.06941199600995E-02    3.68450095535096E-02    3.33634871463947E-02    3.10006452630826E-02 
 254084.871    16            4             2016          7 
   3.42108637024083E-02    3.16604847964856E-02    3.00587558306699E-02    2.94868985122987E-02    3.00807480516274E-02    3.20299479590522E-02    .034900247956912    3.80720243301105E-02    4.09008996237619E-02    4.34033314908092E-02    4.44231486730274E-02    4.48521776238499E-02    4.47964898766542E-02    4.43902871754415E-02    4.34171871280955E-02    4.32856143039012E-02    4.26493311547365E-02    4.37423929637963E-02    4.52544061977523E-02    4.89308928959214E-02    .051317264103015    5.35966567225287E-02    5.33973930567574E-02    5.11425562393579E-02 
 291766.334    17            4             2016          1 
   4.08924493634776E-02    3.73912562702488E-02    3.39732914329742E-02    .031812918061213    3.14151220750507E-02    3.27503120238763E-02    3.51553227811318E-02    .038729826760316    4.16235834514153E-02    .04426514841882    4.54842050612495E-02    4.58111100934541E-02    4.58284546129729E-02    4.51564431789875E-02    4.49400383334665E-02    4.44334692490173E-02    4.43619021868112E-02    4.39977074417623E-02    .04478083492341    4.52118974436321E-02    4.61245465138209E-02    4.64452159536165E-02    .045694752533332    4.37201917823905E-02 
 299729.569    18            4             2016          2 
   3.95940248391042E-02    3.61857539310294E-02    .033007087783563    3.14076023289347E-02    3.15471454359163E-02    .033483014848545    3.67976043035147E-02    4.03358263386753E-02    4.29365724392794E-02    4.53380014984024E-02    4.55410523744489E-02    4.58937694150639E-02    4.50750659109145E-02    4.48984744332148E-02    4.36111453678015E-02    4.40017969946685E-02    4.34583416092658E-02    4.43655265665497E-02    4.50589185425846E-02    .046452007005897    .046737097981731    4.65796220427705E-02    4.51068621513365E-02    4.25876902357355E-02 
 850982.686    19            4             2016          3 
   1.37132752024346E-02    1.27450884580923E-02    1.15524966266764E-02    1.10494465398706E-02    1.11001829202463E-02    1.17650335411759E-02    1.32232064314438E-02    .018121555392976    2.43308118367228E-02    3.32263044017149E-02    4.28676190040604E-02    5.17586773572148E-02    5.74326369872818E-02    6.14534251302617E-02    6.26098409539204E-02    6.27058007867037E-02    6.27336500239912E-02    6.28993178701993E-02    .063111012468061    6.32679128767844E-02    6.31780672988334E-02    6.27936404116805E-02    6.18523756677818E-02    6.05086212793993E-02 
 644494.13     20            4             2016          4 
   7.75396050736723E-02    7.55415263634752E-02    7.34964207024663E-02    7.26566571870872E-02    7.26455777611194E-02    7.29545228266858E-02    6.88548382318083E-02    6.44452085137688E-02    5.45504750175149E-02    4.41747380616174E-02    3.38365214484188E-02    2.77892822652628E-02    2.23101485278462E-02    2.18060331310737E-02    2.14187517357606E-02    2.12227692365678E-02    2.13245235816772E-02    2.14608465843397E-02    2.18851331411661E-02    2.21845928119625E-02    2.24812902024608E-02    2.23762311215697E-02    2.19708441380607E-02    2.10734576070732E-02 
 334755.58     21            4             2016          5 
   3.81377954737902E-02    3.55311186579026E-02    3.31327999026558E-02    3.15473468451967E-02    3.17673563639701E-02    3.32472724157055E-02    3.61415628792506E-02    3.93141755797991E-02    4.24356782286497E-02    4.44381537176318E-02    4.63125652705699E-02    4.70338383717159E-02    4.73604351027547E-02    4.74586556695709E-02    4.67621791117716E-02    4.64298149964744E-02    4.58834479603746E-02    4.60238489060436E-02    .04582851048928    4.59381724729204E-02    4.48001482436081E-02    4.36830347934379E-02    4.14733652227321E-02    3.93187177230922E-02 
 327418.113    22            4             2016          6 
   3.78153802067985E-02    3.52795392118395E-02    3.30814317561518E-02    3.14609347309154E-02    3.13915739960147E-02    3.22472686285074E-02    .035381884696999    3.86958424824912E-02    4.28355345228335E-02    4.63004633820075E-02    4.89290577690948E-02    5.04367641879666E-02    5.12117373012439E-02    5.15196625762882E-02    5.16491260060496E-02    5.21196873659216E-02    5.13887555603865E-02    5.02035773044572E-02    4.73907198839821E-02    4.36979489891569E-02    3.93047584503976E-02    3.55772937663501E-02    3.21965999480304E-02    2.98844581351093E-02 
 260667.147    23            4             2016          7 
   3.56224879565951E-02    3.40323861372527E-02    3.29809000033863E-02    3.23914045063761E-02    3.23848333268289E-02    3.27274188128702E-02    3.43916580735239E-02    3.62164491582919E-02    3.87986754581792E-02    4.15056904807225E-02    4.39712090353105E-02    4.55682267026826E-02    .046776244777166    4.71454109467236E-02    4.70582135670419E-02    4.64081500770214E-02    4.57574347140014E-02    4.50915277129745E-02    4.52467821323682E-02    4.54796469026743E-02    .046188442651396    4.81343360046155E-02    4.77995804873619E-02    4.83228921429347E-02 
 296558.06     24            4             2016          1 
   4.13716975069317E-02    3.97429092911014E-02    3.69773120375653E-02    3.54166722340138E-02    3.40533977404374E-02    3.40907599963309E-02    .036167421092433    3.86225553206175E-02    4.20768187064702E-02    .043901082056453    .045846369346908    4.63926005227273E-02    4.61895383413707E-02    4.60287285049258E-02    4.55659515553632E-02    4.46998459909503E-02    4.35145476867161E-02    4.27951612577989E-02    4.20383434202142E-02    4.21710673514488E-02    4.28721447602031E-02    4.33314146762273E-02    4.34750614527641E-02    4.26585944081237E-02 
 289562.28     25            4             2016          2 
   4.17732584538894E-02    3.95846101257992E-02    .037510375466549    3.59511962385519E-02    3.49443997958747E-02    3.55263463312625E-02    .03634509965136    3.81938559124483E-02    4.04206983392744E-02    4.28400052982557E-02    .044509422981474    4.58800430871469E-02    4.60570343720615E-02    4.54815799903219E-02    4.42883997183611E-02    .043275664219801    4.23509926776374E-02    4.19797426653775E-02    4.26313120682535E-02    4.33213183932745E-02    4.44798626039535E-02    .045129152164821    4.46385139763801E-02    4.28871130396369E-02 
 295777.122    26            4             2016          3 
   3.96562454761122E-02    3.65342988414939E-02    3.40597001215158E-02    3.32903946146822E-02    3.32360885213259E-02    3.52319662178351E-02    3.76372592954468E-02    4.04741583702508E-02    4.32349536359678E-02    4.54307614867268E-02    4.66280147252227E-02    4.72636614728606E-02    4.70984022990544E-02    4.61192186650089E-02    4.55558886952639E-02    4.48200655627449E-02    4.40585124092187E-02    4.37329961123988E-02    4.30496796556243E-02    4.29473043494047E-02    4.24824933193278E-02    .04305062393716    4.23421849691776E-02    4.20651208805291E-02 
 290480.148    27            4             2016          4 
   4.07430589875887E-02    3.86947598577804E-02    .035826132508847    3.41167892822748E-02    3.33398462622737E-02    3.36865546853997E-02    3.62863686180802E-02    3.88979424443319E-02    4.25183625091481E-02    4.49918870187301E-02    4.71505872763205E-02    4.72466028739165E-02    4.67218857015919E-02    4.56372321902614E-02    4.43395524764914E-02    4.34741917318133E-02    4.27665708974715E-02    .043523248440501    4.33247859484532E-02    4.42155861198473E-02    4.42787224266699E-02    4.41115524129983E-02    4.26693517430148E-02    4.14384257304306E-02 
 518025.24     28            4             2016          5 
   2.18713081401931E-02    2.07854744502893E-02    2.00104533938829E-02    1.93286141056322E-02    1.96693310946345E-02    2.05858110824146E-02    2.44996564833163E-02    3.03297955315363E-02    3.86468635799483E-02    4.77035832390136E-02    5.65282316769932E-02    .062425838857292    6.65885899932212E-02    .068565923363599    6.93286305291804E-02    7.03414386237242E-02    6.82190531995121E-02    .064220982444311    .056645986557045    4.68876955988187E-02    3.65941425037996E-02    .028819946998987    2.24742325809501E-02    1.89284220796365E-02 
 256398.696    29            4             2016          6 
   3.43484601443722E-02    3.09364404422761E-02    2.85319306174923E-02    .027302939123689    2.81810138196354E-02    3.08086582651243E-02    3.46347307658987E-02    3.96580810747864E-02    4.42521758976204E-02    4.83181853879729E-02    5.05267399424488E-02    5.13251066990118E-02    5.09268964603081E-02    4.97718997576825E-02    4.90133536441133E-02    .04883433404947    4.85275875047742E-02    4.83887008718933E-02    4.70428278877148E-02    4.52157516652308E-02    4.30764290407117E-02    4.13636652962931E-02    4.00062860316283E-02    .039007802928481 
 268746.191    30            4             2016          7 
   3.56394368046132E-02    .033733036238642    3.14753298215118E-02    2.93480921866582E-02    2.89740843422317E-02    2.92910201568448E-02    3.12503048299018E-02    3.37549914916748E-02    3.61292547933265E-02    3.88803657325603E-02    4.09682078235948E-02    4.27011829664871E-02    4.39643077001787E-02    4.52335335377832E-02    4.57523126927779E-02    4.67564948029812E-02    4.72021588228761E-02    4.81848326340558E-02    4.96394390060397E-02    5.08963136511486E-02    5.26626250223301E-02    5.32964203423352E-02    5.31936826943717E-02    5.10725734167243E-02 
