 282387.946    1             10            2013          3 
   5.79871772671646E-02    5.90865174978113E-02    5.97685911405723E-02    5.79111826603073E-02    5.52029216163409E-02    4.98601324527677E-02    4.33995153603334E-02    3.70880551911465E-02    3.21730283438692E-02    2.86784556849055E-02    2.75765131360945E-02    2.83374344255606E-02    2.94750105775142E-02    3.12954678689614E-02    3.24351206881012E-02    3.35057679834535E-02    .033672824705795    3.45307355171686E-02    3.57791462153098E-02    3.84430001263227E-02    4.22229424764469E-02    .046523479872172    5.07102034564623E-02    5.43367733008246E-02 
 296948.806    2             10            2013          4 
   5.36971339251234E-02    5.46747790309771E-02    5.51615626171267E-02    5.36440615931034E-02    5.19343715070368E-02    4.85169151987178E-02    4.44830562130211E-02    4.00929042262675E-02    .036817491551894    3.38921037000651E-02    3.27193196076532E-02    3.21266643159192E-02    3.18871876679225E-02    .031894179350775    3.18984282944465E-02    .03189556387499    3.18903908189565E-02    3.29887657786204E-02    3.53329593051975E-02    3.87757086675237E-02    4.32068077112844E-02    4.77176533766312E-02    5.11448441069839E-02    5.36071530057777E-02 
 274678.81     3             10            2013          5 
   5.96790139977489E-02    6.01071134341415E-02    6.04489686745403E-02    5.81659364088278E-02    5.53549437545801E-02    5.03726508961048E-02    4.53156187562302E-02    4.02901860233139E-02    3.78617104476042E-02    3.54441247215248E-02    3.49353486714174E-02    3.47320217042771E-02    3.44905571540539E-02    3.42467710002366E-02    3.42527332195738E-02    .03427311924562    3.42723477479479E-02    3.43302776238455E-02    3.42907783651476E-02    3.34479758206048E-02    3.48224895833792E-02    3.58820012021495E-02    .039343113968502    4.36402066801676E-02 
 320302.61     4             10            2013          6 
   4.19433041918937E-02    4.47883950859782E-02    4.79329220547485E-02    4.88462764750809E-02    4.88591701658706E-02    4.82028541696866E-02    4.69010548288617E-02    4.51472750692306E-02    .042900150808754    4.08346358141993E-02    3.87406138418994E-02    .037063293760118    3.57389540891893E-02    3.51139805241518E-02    3.46308436555512E-02    3.47226330750162E-02    3.48875710944878E-02    3.58177217651302E-02    3.69607966929695E-02    3.91711149389713E-02    4.15644144444764E-02    4.43861509589322E-02    4.64805448939364E-02    4.83653256495865E-02 
 305387.457    5             10            2013          7 
   5.15345650415007E-02    5.21010265329922E-02    5.21350477352366E-02    5.19989917062966E-02    5.09185954897453E-02    4.95877266058196E-02    4.73183151129714E-02    4.52681659355937E-02    .043792923591857    4.30261626319021E-02    4.29154170471546E-02    4.33551856152773E-02    4.33372748385341E-02    4.26272904972322E-02    4.18185138801395E-02    3.97194098587766E-02    3.74048424869084E-02    3.44195211627912E-02    3.12294266732523E-02    2.77185978511717E-02    2.75964169981448E-02    2.86021897749389E-02    3.29635998176408E-02    3.86107868208877E-02 
 274596.318    6             10            2013          1 
   .049660462228503    5.25072938899075E-02    5.38617928591453E-02    5.08929248119962E-02    4.63481461300493E-02    4.16003741547347E-02    .038078332579372    3.53030512616888E-02    3.42423571583087E-02    3.37330192847852E-02    3.35890828534798E-02    3.33638409915788E-02    3.33000221676771E-02    3.31247151124856E-02    3.31421946064659E-02    3.31698737319285E-02    3.44128809135197E-02    3.63941095399629E-02    3.97639354852438E-02    4.40031768800429E-02    4.83448946978415E-02    5.16085207144875E-02    5.41560778331795E-02    .055398921422355 
 275820.129    7             10            2013          2 
   5.56536625745143E-02    5.55113950956422E-02    .055191801341029    5.33259843512454E-02    4.97741762950249E-02    4.51968824977872E-02    4.02053340700435E-02    3.52478814021311E-02    3.23766714477626E-02    3.11004313974489E-02    3.07634852732684E-02    3.13788730215825E-02    3.20066846557997E-02    3.20398563249439E-02    3.21120522375834E-02    3.21337595172849E-02    3.22010588114564E-02    3.42512159607013E-02    3.65878660069621E-02    4.11909387478479E-02    4.62059824468522E-02    .051624333311212    5.52028585640771E-02    5.87168178484809E-02 
 283492.868    8             10            2013          3 
   5.83311700918169E-02    5.92059716406164E-02    5.95642878086443E-02    5.77488589534376E-02    5.49576077651096E-02    5.01405567436532E-02    4.45530422534739E-02    .039080913161632    3.55980729811076E-02    3.29120727320202E-02    3.22348931356097E-02    3.23162443885096E-02    3.23735202727393E-02    3.24214505459799E-02    3.24520985006314E-02    3.24535935228095E-02    3.24423980802314E-02    3.24738314382392E-02    3.35963071796307E-02    3.56378977539216E-02    3.88472556631478E-02    4.30171653218186E-02    4.72485947986441E-02    5.03922027347968E-02 
 281597.788    9             10            2013          4 
   5.32586206452197E-02    5.44471266574278E-02    5.49348776811503E-02    .053046511407389    5.10771411348497E-02    4.66321134596412E-02    4.22533510643645E-02    3.75889661695869E-02    3.50697480498764E-02    3.25838394347579E-02    3.21808273745655E-02    3.20813947753293E-02    3.19361958531258E-02    .032143675399272    3.23588294830196E-02    3.26793220573434E-02    3.28417011238206E-02    3.39174819463603E-02    3.57508121099836E-02    3.86791042382496E-02    4.38270474247298E-02    4.88238580541957E-02    5.40098687505049E-02    5.78775860104146E-02 
 294354.246    10            10            2013          5 
   5.78739050616583E-02    .058303692528101    .05850698446142    5.59593061721963E-02    5.28227129557017E-02    4.81819432301055E-02    4.27799169416856E-02    3.78550009889699E-02    .034527749426239    3.21335619212539E-02    3.14261208563474E-02    3.14483756100634E-02    3.13449281628929E-02    .031387606331021    .031425188598477    3.20608590779424E-02    3.37025021523726E-02    3.59467885635664E-02    3.88291673341023E-02    4.14235580461527E-02    4.35528615631469E-02    4.50318272980255E-02    4.62935404550356E-02    4.71818926290858E-02 
 308833.3      11            10            2013          6 
   4.59834471430461E-02    4.64962484413112E-02    4.69922115446262E-02    .046614824116886    4.53914794506454E-02    .043981137538439    .041760652358813    3.95475159050206E-02    3.75744462607335E-02    .036319075822013    3.53576196335126E-02    3.55815913421173E-02    3.61994629768713E-02    3.72606518731141E-02    3.85123289763037E-02    4.01718002833163E-02    4.15748567117357E-02    4.25876022001594E-02    4.35661906591274E-02    4.40647751452806E-02    4.37766918117719E-02    4.36512512120212E-02    4.35067399730696E-02    4.35273979876441E-02 
 316297.76     12            10            2013          7 
   4.26177208730074E-02    4.30769400593842E-02    4.24570824596576E-02    4.17587535090748E-02    4.04738561508071E-02    .039916532338468    3.95424565437564E-02    4.06334201216759E-02    4.15329847390083E-02    4.28403280651988E-02    4.35369836024922E-02    .04365256953112    4.35785564990644E-02    4.28585071379813E-02    4.21512306750133E-02    4.13681411800861E-02    4.10349405118297E-02    4.06067998829647E-02    4.07341799790568E-02    4.03629477519458E-02    4.06171398481055E-02    4.06820448188994E-02    4.14903343124766E-02    4.24755455804524E-02 
 268377.312    13            10            2013          1 
   5.09694716842812E-02    5.19220499358474E-02    5.22775574693978E-02    5.09100797296997E-02    4.89844296909588E-02    4.59250817744236E-02    4.21330317396111E-02    3.85478201360125E-02    3.62591667037507E-02    .033978653193214    3.28631527890666E-02    3.17221300733499E-02    3.11388102557362E-02    3.01052839940229E-02    .030096570966499    3.07022964917672E-02    .031489853022207    3.39601173142386E-02    3.72013562756005E-02    4.17470095062004E-02    4.71305870797212E-02    .052705869452603    5.68792477114273E-02    6.03503694152619E-02 
 292920.845    14            10            2013          2 
   5.67487126406965E-02    .057426370115022    5.77859155730279E-02    5.55970343231719E-02    .052944917326983    4.79233228839518E-02    4.26056400258063E-02    3.72577788997058E-02    3.42662197327148E-02    3.16457945853085E-02    3.13114032403959E-02    3.14439882534649E-02    3.15629243680575E-02    3.16299619964312E-02    3.17232039096176E-02    3.16819371618551E-02    3.15000207489928E-02    3.26464482079194E-02    3.45722064330212E-02    3.83293641207491E-02    4.30450418749219E-02    4.83343900999091E-02    5.23615519375635E-02    5.56558539411048E-02 
 276942.385    15            10            2013          3 
   6.04397909108423E-02    6.11671604434077E-02    6.09773434914991E-02    5.82732753014675E-02    5.48630725349245E-02    4.92152195245863E-02    4.32290988126014E-02    3.77683616621197E-02    3.47853052201634E-02    3.24133303033409E-02    3.22429464040418E-02    3.23818692807712E-02    3.23218387440947E-02    3.21976731392163E-02    3.21054128618666E-02    3.20010188276616E-02    3.19131804425224E-02    3.18854713284949E-02    3.26841905955006E-02    3.44841122989805E-02    3.80572304100364E-02    .042722570002015    4.83926276816115E-02    .053477909510628 
 282291.664    16            10            2013          4 
   5.65380136798425E-02    5.88861190987028E-02    5.96467464121611E-02    5.72222364722839E-02    5.34995242599955E-02    4.79927045585289E-02    4.18695322220886E-02    3.66469895067022E-02    3.37947443229319E-02    3.24173596235736E-02    .033077843947156    3.42522062737478E-02    3.48883847852925E-02    3.48144814174357E-02    3.41593072876304E-02    3.30869664103418E-02    3.20964613271843E-02    3.21462733664002E-02    3.31461707466945E-02    3.55276179555376E-02    3.94082141637824E-02    4.37928255981905E-02    4.83254790081669E-02    5.27637977770307E-02 
 286134.173    17            10            2013          5 
   5.53866376723377E-02    5.74331603647706E-02    5.89131328500039E-02    5.73626351028334E-02    5.45998393656129E-02    4.95339658418308E-02    4.37129901063495E-02    .037833123865897    3.41019197639668E-02    3.17292177350746E-02    3.16296994369316E-02    3.27478784205723E-02    3.40719540361402E-02    3.53009550184434E-02    3.59670440015041E-02    3.65725633066904E-02    3.65877304700687E-02    3.68257668809188E-02    3.74316001777862E-02    3.75898485721068E-02    3.90194219795707E-02    3.98070257432166E-02    4.18623538545324E-02    4.39795417399777E-02 
 293557.59     18            10            2013          6 
   4.60269467749497E-02    4.82608534964127E-02    .050723267605898    5.13041401060776E-02    .050121783200402    .048048220868263    4.47401131910352E-02    4.19246520067408E-02    3.94821678399203E-02    3.83470925692127E-02    3.74614725831991E-02    3.74567054979314E-02    3.74090479518431E-02    3.73591083258569E-02    3.73715100661765E-02    .037382238503014    3.74906672379856E-02    3.75627822934164E-02    3.80300497957658E-02    3.86325554819158E-02    3.96070501713565E-02    4.07180405171946E-02    4.18950515010104E-02    .042644478555511 
 312181.1      19            10            2013          7 
   4.06491284976493E-02    4.08398856615199E-02    4.05771519219934E-02    4.00016521359717E-02    4.04305053971477E-02    4.06883685413291E-02    .042198134227016    4.41462034426892E-02    4.63671886636875E-02    4.76106012914059E-02    4.90213534357541E-02    4.92689967758298E-02    4.85017825991067E-02    4.73141706648801E-02    .045280417135078    4.26978441710196E-02    3.95670336164649E-02    3.71830977325741E-02    3.47395791707522E-02    3.33875431950797E-02    .033906760546002    3.55191903733922E-02    3.84234009371884E-02    4.16800054869994E-02 
 267359.044    20            10            2013          1 
   5.26464695378885E-02    5.40549512068311E-02    5.52182942109955E-02    5.30984856138343E-02    .050751863574746    4.65846962100523E-02    4.31614335416871E-02    3.96264516654054E-02    .037369362786078    3.58950827188027E-02    3.52171079153301E-02    .034854208599822    3.41859096016778E-02    3.41242423229472E-02    3.36648406379513E-02    3.44188850230647E-02    3.52214107083376E-02    3.66935868632426E-02    3.82917274660718E-02    4.01451537277153E-02    4.17047043406263E-02    4.33677119222494E-02    4.46789059071909E-02    4.50245100402794E-02 
 259863.861    21            10            2013          2 
   4.58936443239216E-02    4.52309137468426E-02    4.37594889949896E-02    4.26350533224491E-02    4.23063054651239E-02    4.22024424875204E-02    4.14686372850918E-02    4.13277544727545E-02    3.97896406551025E-02    3.83059235593844E-02    3.75798710641993E-02    3.67664643858462E-02    3.65348527266937E-02    3.64138759203035E-02    3.62476342769051E-02    3.56183609720457E-02    3.56111982672439E-02    3.64559164127578E-02    3.84954646622641E-02    4.23541370006524E-02    4.68498766888944E-02    5.09728062355504E-02    5.32961381435605E-02    5.38836001925831E-02 
 293940.76     22            10            2013          3 
   4.61683163641545E-02    4.37519101691188E-02    4.15642251243924E-02    3.94037896711314E-02    3.86918085446027E-02    3.82379443724902E-02    3.91181540180919E-02    4.03263554544545E-02    4.23065854589629E-02    4.28924184523609E-02    4.32235066365924E-02    .042026222312831    4.02619557859635E-02    3.84982008949269E-02    3.77572691539105E-02    3.78406192820111E-02    3.87018784680032E-02    4.03184981899074E-02    4.16675788845599E-02    4.32677996813882E-02    4.44898817313989E-02    4.57454094821266E-02    4.65864291519999E-02    4.71532419172659E-02 
 278484.633    23            10            2013          4 
   4.99934943335814E-02    5.02476916237511E-02    5.01739001025956E-02    4.93593108611939E-02    4.77778235197541E-02    4.52224585247582E-02    4.18385370960038E-02    3.83058122927918E-02    3.55724295925513E-02    3.36466507841835E-02    3.22352174287208E-02    3.20172057920607E-02    3.21728717814925E-02    3.27010862391104E-02    3.39965810272375E-02    3.57672338782155E-02    3.71470753592264E-02    3.86575730340658E-02    4.03441281679715E-02    4.18121456599815E-02    4.48518457558393E-02    4.81877920004028E-02    5.22287360488756E-02    5.57423949156469E-02 
 306127.675    24            10            2013          5 
   5.34247035111657E-02    .054757968836042    .055489134609032    .053260817897508    5.03285114464496E-02    .045311682964469    3.99045582809117E-02    3.48159951511653E-02    3.18023775231201E-02    2.94075816875263E-02    2.91109325851542E-02    2.96714434590078E-02    3.08125146691246E-02    3.22889366646612E-02    3.44506897989948E-02    3.66491859258559E-02    .038844348450773    4.06973653843939E-02    4.26039560127976E-02    4.42485957094944E-02    4.58971559772814E-02    4.74706511854082E-02    4.88665052855398E-02    4.98843831560639E-02 
 287308.573    25            10            2013          6 
   5.37678010579674E-02    .053309965645369    5.20591837845629E-02    4.94403272916346E-02    4.63840327989012E-02    4.24844968209494E-02    3.94643303236465E-02    3.64557510251791E-02    .035071004286783    3.43514388991971E-02    3.48378055370889E-02    3.58391312202073E-02    3.73348757776626E-02    3.87788977171419E-02    4.01872811175217E-02    4.07388134274799E-02    4.08858678629214E-02    .040415711066991    3.96399941614342E-02    3.91920090574969E-02    3.97645302066482E-02    4.09939051509786E-02    4.31799496862299E-02    4.54229037169646E-02 
 337689.46     26            10            2013          7 
   4.02940615404831E-02    4.17116367153568E-02    4.27847813981594E-02    4.36279539056756E-02    4.40290626501194E-02    4.41803550349928E-02    .043722686605876    4.29165014368897E-02    4.22014659100554E-02    4.19824482334672E-02    4.21449640632846E-02    4.28917728417553E-02    4.38363988137207E-02    4.43885049697361E-02    4.44771357712423E-02    4.40927306129869E-02    4.30720882860099E-02    4.12008123621181E-02    .039355418899512    3.76312016260442E-02    3.64406691367048E-02    3.62210297026668E-02    3.76182314764503E-02    3.91780965667021E-02 
 274576.998    27            10            2013          1 
   5.09347464190172E-02    5.31846453993116E-02    5.37590907947249E-02    5.25035978193538E-02    4.96693091702004E-02    4.55572027229225E-02    4.10176739044434E-02    3.75269956323417E-02    3.49134798121819E-02    3.37573797787679E-02    3.33430137122229E-02    3.33527125797788E-02    3.33233492315787E-02    3.34024232771858E-02    3.33212081541058E-02    3.34622454085721E-02    3.34570527622092E-02    3.47912890187273E-02    3.65085576332581E-02    4.03460975691871E-02    4.46989365244918E-02    4.94522138729461E-02    5.27083836994423E-02    5.50083952737458E-02 
 277627.75     28            10            2013          2 
   5.43550130018973E-02    5.36706081986131E-02    .052306585943318    5.09518956813575E-02    4.89275671852868E-02    4.64861305966352E-02    4.35893011753148E-02    4.10607354969919E-02    3.93682538095075E-02    3.79841007596953E-02    3.72299223341777E-02    3.55860035942913E-02    3.39425280625316E-02    .031952812010642    3.12642565280758E-02    3.10328772632599E-02    3.20621331643721E-02    .033817269003864    3.62092421585648E-02    3.89077113205092E-02    4.22750237559556E-02    4.58908739422662E-02    4.92800513119636E-02    5.18491037009089E-02 
 281995.804    29            10            2013          3 
   .053233556795893    5.44958830364813E-02    .055526746668587    5.43037155328559E-02    .052347694074643    4.81326664028572E-02    4.33171685264686E-02    3.84980898676333E-02    3.55254586463191E-02    3.31406956302619E-02    3.25443222009342E-02    3.25034964327873E-02    3.24682149902663E-02    3.23999515631977E-02    3.23580176225335E-02    3.23457827053342E-02    3.23812442258893E-02    3.35769658351459E-02    3.54561563075155E-02    3.86798301604782E-02    4.29428036088349E-02    .047739504108898    5.16081793864653E-02    5.44738615707381E-02 
 263889.487    30            10            2013          4 
   6.05404943623237E-02    6.10021651909346E-02    .061551182449862    5.86614118614452E-02    5.55115707276167E-02    4.84693420344081E-02    4.17928744365345E-02    3.44504046475144E-02    3.03701443642817E-02    2.69293100577601E-02    2.71765726552276E-02    2.74997244721376E-02    2.81603181640294E-02    2.89160370515016E-02    .028845787621908    2.96682902807104E-02    3.10783987211757E-02    3.35274330552433E-02    3.73007004076388E-02    4.23611424741979E-02    4.64983279984738E-02    5.04722260638977E-02    .053559541023654    5.56565954811512E-02 
 280780.227    31            10            2013          5 
   5.43672195064327E-02    5.63318169536294E-02    5.77404614848912E-02    5.69816836786196E-02    5.45366379033254E-02    4.98881652074542E-02    4.41455246408341E-02    3.89474360025893E-02    3.53101801239907E-02    3.28703687862429E-02    .031386737893851    3.07805691577865E-02    2.99029678801955E-02    2.97718182649129E-02    3.03085341881108E-02    3.19305768257499E-02    3.36202880460489E-02    3.55296126151807E-02    3.73815148827236E-02    3.92828956276985E-02    .041851808020121    .045141212047047    4.91406388333837E-02    5.28513368270854E-02 
