 341007.34     1             6             2018          6 
   3.78910608868786E-02    3.56331623884547E-02    3.37508285699583E-02    3.22211550948581E-02    3.18435371004404E-02    3.26295613515973E-02    3.47168772406409E-02    3.71291408868574E-02    3.95821672645301E-02    4.14564396042399E-02    4.29430335676572E-02    4.42134481667242E-02    4.51632221006592E-02    4.64725179421724E-02    4.82182848688829E-02    5.01902399941743E-02    5.18993823197471E-02    5.27390132570167E-02    5.23313973974871E-02    4.97999555980965E-02    4.59624425487073E-02    4.15410693808306E-02    3.75955239244264E-02    3.40765380867608E-02 
 287190.535    2             6             2018          7 
   3.81844067225701E-02    3.66037140965492E-02    3.50353105136717E-02    3.43676013023462E-02    3.42260596806402E-02    3.47094468464116E-02    3.60729491670486E-02    3.80524372249507E-02    4.01135790717302E-02    4.18529105272394E-02    4.29794458200459E-02    .043829474241726    4.36707980078452E-02    4.37109805266128E-02    4.29761032275141E-02    4.27330936900915E-02    4.19382197453861E-02    4.23126751189328E-02    4.33900780419609E-02    4.54908447420194E-02    4.76639311348214E-02    4.98274420031374E-02    5.05187261829503E-02    4.97397661070637E-02 
 343041.95     3             6             2018          1 
   4.01561390214083E-02    3.81887115500743E-02    3.60451257765268E-02    3.56209196180307E-02    .035721083319766    3.73892751127085E-02    3.98423563338974E-02    4.22822342227386E-02    4.43812765419433E-02    4.54147661003997E-02    .045944584683812    4.53233192170447E-02    .044853960394822    4.37876760134584E-02    4.29646284423086E-02    4.21585163226757E-02    4.20045713887908E-02    4.24333523112115E-02    4.31120741938413E-02    4.35812878306502E-02    4.38440250346933E-02    4.29759671384578E-02    4.19536454697815E-02    4.00204988367676E-02 
 325801.72     4             6             2018          2 
   4.05451202709274E-02    3.83935977849119E-02    3.70207374039493E-02    .036255947328946    3.71259855869929E-02    3.88164609031607E-02    4.14826243138388E-02    .04371198663312    .044770328407106    4.45511155623273E-02    .043397099344273    4.17750399930746E-02    4.08113565399532E-02    4.03635069820994E-02    4.07950895764531E-02    4.13324089322641E-02    .042223042419021    .042868835174888    .043531752154539    4.40588533274548E-02    4.46375789544635E-02    .044645159413408    4.40682442242018E-02    4.28181279293507E-02 
 332466.72     5             6             2018          3 
   3.96309139180532E-02    3.71980400070194E-02    3.50919022765271E-02    3.43567018104474E-02    3.58103805566614E-02    .038328469176366    4.22505752041889E-02    4.51856052267051E-02    4.74006236859211E-02    4.71905286443031E-02    4.70886534334925E-02    4.50868582660319E-02    4.38898076493942E-02    4.25028414075174E-02    4.19309649718474E-02    4.11319364536697E-02    4.14322073443171E-02    4.19358967389653E-02    4.24041238200849E-02    4.29722111077012E-02    4.31422439862928E-02    4.25358363688251E-02    .041459186665924    4.00434963319411E-02 
 333132.23     6             6             2018          4 
   3.76307322939753E-02    3.55707101651497E-02    3.35436170824345E-02    3.29535501516545E-02    3.40159215596987E-02    3.65750563316104E-02    .039845799134701    4.33298200246566E-02    .044798397438346    4.53781368493676E-02    4.50684695552424E-02    4.37400186734784E-02    4.29224766140535E-02    .042862349518463    .042234821510478    4.28081058552185E-02    4.32239182424273E-02    4.42375981650365E-02    4.47864488233771E-02    4.60319307038004E-02    4.57198332325876E-02    4.56606383400294E-02    4.42020865061225E-02    4.28595587722779E-02 
 346785.63     7             6             2018          5 
   3.91459697036033E-02    3.73601689509525E-02    3.56191235355182E-02    3.51067026623912E-02    3.56115962583282E-02    3.79186405400867E-02    4.09718821421104E-02    .044518367379078    4.65764680176843E-02    4.76957794863069E-02    4.69552621204345E-02    4.52162329902482E-02    4.33597552443638E-02    4.18054809222127E-02    4.09336459394598E-02    4.08671479508465E-02    4.15320546199175E-02    4.20848462546588E-02    4.33314371375841E-02    4.39085678133852E-02    4.40491135961285E-02    4.34287031885159E-02    4.22626510738781E-02    .039740402134382 
 350623.44     8             6             2018          6 
   3.73098000227466E-02    3.49584443070891E-02    3.31795566019132E-02    3.20886705094859E-02    3.24801161013722E-02    3.32765267303221E-02    3.54534192143215E-02    3.79670277686298E-02    4.05090149028542E-02    4.27389852745227E-02    .044233922852712    .045325577665137    4.61961697738677E-02    4.73403621417895E-02    4.89321528692577E-02    5.10741075864038E-02    .052499542850016    5.23149275009965E-02    5.13154243909078E-02    4.75263700995005E-02    4.37685798732181E-02    .039437694962543    3.65718288249282E-02    .033501781186178 
 296038.7      9             6             2018          7 
   3.84563912695367E-02    3.63189325257559E-02    3.50356893266826E-02    3.38205788476726E-02    3.37975732511915E-02    3.39107704182764E-02    3.58560892176006E-02    3.77927289626745E-02    3.99196118615573E-02    4.18504754667633E-02    4.33958122493782E-02    4.36516579694648E-02    4.36734463211651E-02    4.36459840913536E-02    4.32014456376396E-02    4.33649720828307E-02    4.33310574660509E-02    4.37716769853485E-02    4.44661134834314E-02    4.53364369041953E-02    4.74870676219866E-02    .048614388032291    4.99802224443122E-02    4.93208815213602E-02 
 361047.1      10            6             2018          1 
   3.93775504376714E-02    3.67579752103327E-02    3.49347761258157E-02    3.34726145970637E-02    .033890204244647    3.62077689058782E-02    3.92303656936311E-02    4.29994024887958E-02    4.54098907732537E-02    4.70059429226824E-02    .046847100463139    4.60028330185314E-02    4.46287480999709E-02    4.37010860650176E-02    4.30489815897635E-02    4.31004973321002E-02    4.35059586278702E-02    4.40571062049453E-02    4.43989991411439E-02    4.43640449282794E-02    4.39071246911068E-02    4.25763274938713E-02    4.11406703628488E-02    3.94340240901049E-02 
 342502.23     11            6             2018          2 
   3.96676249377997E-02    3.76625570164171E-02    3.64157043909977E-02    3.55991266784964E-02    3.63963757075392E-02    3.82619115766414E-02    .040617225278723    .043260185374377    4.47404106819611E-02    4.51586561339688E-02    4.46048190693532E-02    4.35402702295909E-02    4.21686008985985E-02    4.15702984528743E-02    4.13101838143506E-02    4.13397314093765E-02    4.20874911392913E-02    4.28709913983626E-02    4.37287669493787E-02    .044465403918684    4.48289935906038E-02    4.43937831486893E-02    .043406549042761    4.19043405297682E-02 
 355617.52     12            6             2018          3 
   3.81204222982672E-02    3.67881200003869E-02    .035185697236247    3.52879401600489E-02    3.66250508850773E-02    3.91429531421146E-02    4.18927885507792E-02    4.47045183851951E-02    4.61904432025031E-02    4.61900752246402E-02    4.55284372967268E-02    4.40650387660526E-02    4.26112570896746E-02    4.17894471855956E-02    4.13979599310799E-02    4.16844471739258E-02    4.21803742350068E-02    4.29136909552783E-02    4.35712783805969E-02    .043988186314787    4.39950488273187E-02    4.33210946254138E-02    .042336383118336    4.04893429507143E-02 
 331996.78     13            6             2018          4 
   4.11973563371232E-02    3.90492950997145E-02    3.74369306524223E-02    3.70414425357906E-02    3.78773852019739E-02    3.92986651058408E-02    4.12113342588368E-02    4.22008311016224E-02    4.31466234071984E-02    4.23935746408068E-02    4.23214642134481E-02    4.13913647134996E-02    .04172224318147    4.12903101048149E-02    4.22743269669287E-02    4.22539042584991E-02    .042690443695719    4.32051177151101E-02    4.38875944491465E-02    .043920906731008    4.44945280465145E-02    4.41771450972356E-02    4.34733132050257E-02    4.20439030453473E-02 
 353416.96     14            6             2018          5 
   3.81605344523506E-02    3.64445997397451E-02    3.53990648406135E-02    3.51150104238772E-02    3.61154139424647E-02    3.77850843616489E-02    4.02181031878747E-02    4.26359851927805E-02    4.41796287255852E-02    4.49957460038845E-02    4.52874710697599E-02    4.48286358280952E-02    .04408050990164    4.33247188524498E-02    4.27930787608141E-02    4.24031439644973E-02    4.27092128126788E-02    4.38736731686915E-02    4.46922248280756E-02    4.50344557026564E-02    4.50112530942912E-02    4.35596241927312E-02    4.17143246455617E-02    3.96385049599063E-02 
 345969.96     15            6             2018          6 
   3.84434823158129E-02    3.62936134686376E-02    3.48744151081788E-02    3.34991235357182E-02    3.37858513740254E-02    3.43964252931454E-02    3.67253282671204E-02    3.89098229303275E-02    4.12869937329602E-02    4.26421708874666E-02    4.42914176710602E-02    4.49930681843013E-02    4.61101014693227E-02    4.72257770452455E-02    4.84686002435009E-02    4.97116859509999E-02    5.05637514381306E-02    5.01840106471961E-02    4.91579664532146E-02    4.64723303532986E-02    4.32041834192049E-02    3.94737153669715E-02    3.61881412063203E-02    3.30980178795725E-02 
 293657.033    16            6             2018          7 
   .036440163025995    3.44392904213195E-02    3.28579322349314E-02    3.24619325725037E-02    3.23187822145996E-02    3.35220553178016E-02    3.50039305567219E-02    3.71394468377163E-02    3.92488145505696E-02    4.16907442957019E-02    4.29423039573941E-02    4.41510275887893E-02    .04421984923672    4.44027861225701E-02    4.40114787696486E-02    4.42874105123595E-02    4.43111813333022E-02    4.50786748971716E-02    4.59998174873442E-02    4.70523380926484E-02    .0489572128954    4.97877051207045E-02    5.01745529505588E-02    4.95005696992365E-02 
 351379.23     17            6             2018          1 
   3.99374777937572E-02    3.77289236937824E-02    3.62997842370336E-02    3.57525406248756E-02    .036633327558056    3.88061074533347E-02    4.20140075136911E-02    4.44142643263234E-02    4.62567470372395E-02    4.64099991499924E-02    4.57984942605671E-02    4.46743832600037E-02    4.34250764391367E-02    4.27829778233833E-02    4.22521566611592E-02    4.22430491356162E-02    4.18828391354407E-02    4.25601144221729E-02    4.22153291295846E-02    4.27021245633599E-02    4.24966785752035E-02    4.21648722708013E-02    4.09813636395071E-02    3.95673654092332E-02 
 343355.87     18            6             2018          2 
   3.82923704093074E-02    3.62913260919349E-02    3.42922641611239E-02    3.37422500141763E-02    .034534840585003    3.65370197262464E-02    3.97314891953427E-02    4.25678463626528E-02    4.46861444366744E-02    4.58989383867968E-02    4.59605061370074E-02    4.52068863849262E-02    4.45605032223928E-02    4.37532936172389E-02    4.31315466561341E-02    4.32172301246444E-02    4.32476940306132E-02    4.38533060147261E-02    .044426064989984    4.51154377836179E-02    .044664562873936    4.40954159947083E-02    4.19834376666547E-02    4.02096226312878E-02 
 349773.24     19            6             2018          3 
   3.68343499401927E-02    3.53352927849769E-02    3.37683344947286E-02    3.40289330202905E-02    3.45703412686388E-02    3.71829770383878E-02    3.98373530206671E-02    4.26277602159831E-02    4.44946840549823E-02    4.54036155726564E-02    4.50628535031368E-02    4.44858222867836E-02    4.40190047754225E-02    4.39072750212395E-02    .044041533322239    4.44884802588457E-02    4.47008472010323E-02    4.50056149682148E-02    4.49916634068761E-02    4.50191951952213E-02    4.44644356628383E-02    4.35901555015329E-02    4.20412669541272E-02    4.00982084090753E-02 
 337551.79     20            6             2018          4 
   3.90993039588458E-02    3.62414004955358E-02    3.43388799408381E-02    3.30871594039318E-02    3.39076845344977E-02    3.62740199113223E-02    3.95234749801282E-02    .042400634747782    4.48113759261949E-02    4.55183768105999E-02    4.51547289093401E-02    4.46043561891273E-02    4.35182120960609E-02    4.29329980787911E-02    .042817607799532    4.29024819282176E-02    4.31785882860375E-02    4.36000947856402E-02    4.43361594971841E-02    4.46704195469531E-02    4.51524202358326E-02    4.50816440595308E-02    4.42181046962453E-02    4.26298732975538E-02 
 354458.86     21            6             2018          5 
   3.86050454222671E-02    3.61266471269755E-02    3.43218961865208E-02    3.39396233326274E-02    3.48556681320506E-02    3.73481999875105E-02    4.07184066438627E-02    4.37137323258403E-02    4.59221989074769E-02    4.67869220775015E-02    4.65703121812924E-02    4.56773466866507E-02    4.47475347526932E-02    4.39340119885493E-02    4.33915808267213E-02    4.32335356651122E-02    4.32934311033303E-02    4.39796306024414E-02    4.43777864922745E-02    4.44930342418652E-02    4.36867628481624E-02    4.22256061941152E-02    4.01765678242251E-02    3.78745221968425E-02 
 351992.38     22            6             2018          6 
   3.61738232976805E-02    3.40350551853566E-02    3.25924108738874E-02    3.13061614386013E-02    .031831058499228    3.30611987653326E-02    3.60571437476857E-02    3.91266432342584E-02    4.21810278694812E-02    4.39806384711368E-02    4.50704364546542E-02    4.55928337940867E-02    4.58680112043548E-02    4.65829675329193E-02    4.79661262482444E-02    4.95719238385928E-02    5.08498501178491E-02    5.12784704582951E-02    5.04996450047441E-02    4.80684289333905E-02    4.49389278149999E-02    4.12158635987376E-02    3.77678352990908E-02    3.43835290820074E-02 
 294499.745    23            6             2018          7 
   .038181222708911    3.54544622037788E-02    3.39565334078218E-02    3.26091114272442E-02    .033093151930191    3.36086016284157E-02    3.54113375643585E-02    3.71102527132494E-02    3.96813234878607E-02    4.13933799628587E-02    4.32760316089153E-02    4.44794958831374E-02    4.45933144239649E-02    4.47570852576205E-02    4.40828553126167E-02    4.36834326142625E-02    4.31204115144904E-02    4.34269993489298E-02    4.42959981383006E-02    4.60538585844107E-02    4.81423843741359E-02    4.97769192943189E-02    5.04509768070852E-02    4.93608568850374E-02 
 361917.27     24            6             2018          1 
   3.87147324399234E-02    .0363574516586    3.48206924774203E-02    3.41247596273867E-02    3.52319462530415E-02    3.72345027091758E-02    4.01448924579159E-02    4.26876276129003E-02    4.46216606612196E-02    4.53144176084772E-02    .04543173443167    4.48430105613294E-02    4.44020268818962E-02    4.40475238175633E-02    4.39655439720727E-02    4.40310857549365E-02    4.40784436730527E-02    .044185264097096    4.40818138536536E-02    4.39964908105933E-02    4.34336544604172E-02    4.29181220622948E-02    4.13945710749034E-02    3.99380216523655E-02 
 346940.13     25            6             2018          2 
   3.90574581538751E-02    3.68016514162328E-02    3.47417285071274E-02    3.41194607733905E-02    3.49643612546709E-02    3.69327416673087E-02    3.98482021370301E-02    4.22455025777791E-02    .043920373911127    .044544429034485    4.45478011490772E-02    .04377337448503    4.32238830641327E-02    4.27595107962143E-02    4.24395708688268E-02    .042866472694799    4.33143897190561E-02    4.42230760841215E-02    4.47693952402897E-02    4.53592957405576E-02    4.51952893725857E-02    4.48058579885599E-02    .043687940075929    4.18582301352326E-02 
 352987.28     26            6             2018          3 
   3.88966714988639E-02    3.64734117065776E-02    3.45380994058058E-02    3.37934561161807E-02    3.53966007066529E-02    3.81380598190394E-02    4.14476414968126E-02    4.45299055376018E-02    4.60744929985508E-02    4.62013815342015E-02    4.53254010712865E-02    4.46464803163375E-02    4.32678757308904E-02    .04299746883319    .042567538990888    4.23907056447261E-02    4.23461445710593E-02    4.33080490313631E-02    4.38233633907431E-02    4.45028789573168E-02    4.44373224165825E-02    4.35332696115495E-02    4.17300027248857E-02    3.96337786635329E-02 
 351339.8      27            6             2018          4 
   3.73159825438222E-02    3.48503345488114E-02    .033318002770217    3.24891749650196E-02    .033734577763998    3.59248791163142E-02    3.94892925772998E-02    4.24755759283819E-02    4.49417047835528E-02    .045536173020748    4.56131634576057E-02    4.47407608273742E-02    .043908803261828    4.34250551611645E-02    4.34528616642991E-02    4.39214390438402E-02    4.47717860360896E-02    4.56688932044918E-02    4.60210885275807E-02    4.59179398539178E-02    4.50432024113479E-02    4.39793896419862E-02    4.24698250632294E-02    4.09900904916337E-02 
 360085.88     28            6             2018          5 
   3.83710140246613E-02    3.66688647432871E-02    3.51973814639024E-02    3.50552197393508E-02    3.60482337184049E-02    3.83176657485848E-02    4.11001399947285E-02    4.43020969617373E-02    4.46392398417219E-02    4.54590176949593E-02    4.42651618708987E-02    4.32287147851715E-02    .04185068251982    4.25530160593217E-02    4.21660803701884E-02    4.34249461848865E-02    4.45970000267714E-02    4.51108504266746E-02    4.54121674347172E-02    4.50914648602369E-02    4.40960073451783E-02    4.27519133812259E-02    4.11988659005804E-02    3.90942572895735E-02 
 342701.92     29            6             2018          6 
   3.87577646240281E-02    3.60062760134959E-02    3.37162113114584E-02    .032092057627296    3.20649209112616E-02    3.32308023416531E-02    .036116430050567    3.87258120883886E-02    4.20639900594954E-02    4.38989655080573E-02    4.55400714471486E-02    4.60710568777598E-02    .046755325002082    4.70505090974906E-02    4.83915609792177E-02    4.98724682517098E-02    5.09519755353282E-02    5.10432196440569E-02    4.98867618322652E-02    4.70608103920894E-02    4.31949439745625E-02    3.94018220794474E-02    3.56450012056031E-02    3.24612429175696E-02 
 285547.451    30            6             2018          7 
   3.62958946368339E-02    3.44369209585415E-02    3.27103683537609E-02    3.23133240110328E-02    3.23570995725243E-02    3.30207370847359E-02    .034523381112453    3.64520160729346E-02    3.85622785740171E-02    4.06706122144214E-02    4.25608785792488E-02    4.36861191274914E-02    4.47993145563922E-02    4.54423262552167E-02    .045593649479382    4.57148530652617E-02    4.53730206494647E-02    4.51715812473231E-02    4.57489296039102E-02    4.68069302057086E-02    4.83680727474345E-02    4.96384395419187E-02    5.03182227123961E-02    4.94350404994072E-02 
