 325356.57     1             5             2016          1 
   4.02318906943772E-02    3.72685253299557E-02    3.49780545195384E-02    3.54713594495725E-02    3.60017931153964E-02    3.85795178790304E-02    4.11060998351363E-02    4.35781892934035E-02    .044099126166985    4.55408046624047E-02    4.51396132143958E-02    4.49612572129326E-02    4.48099748732982E-02    4.39433265478549E-02    4.30697927478843E-02    4.20187613796304E-02    4.12903898309937E-02    4.11039507506718E-02    4.15139906637662E-02    4.24806554592166E-02    4.34042575244831E-02    4.40676222695841E-02    4.33589826780277E-02    4.19820618604305E-02 
 308413.05     2             5             2016          2 
   4.14037285235255E-02    3.83737010976432E-02    3.57076019633005E-02    3.43720857618946E-02    3.43576247624736E-02    3.56087402764329E-02    3.80873973738303E-02    4.00922390494258E-02    4.20585645005943E-02    4.27844737408566E-02    4.33989094789034E-02    4.31493076259662E-02    4.36122590913387E-02    4.37306385361287E-02    4.37794392637568E-02    4.35561344548731E-02    4.35692972257497E-02    4.35623596190644E-02    4.48110401629001E-02    4.57803260919082E-02    4.67090154644072E-02    4.63823115015723E-02    4.44437744740779E-02    4.06690324925048E-02 
 306862.56     3             5             2016          3 
   3.73670856761167E-02    3.38969666450593E-02    3.18214115292771E-02    3.18522077114914E-02    3.37146368251148E-02    3.64449155287142E-02    4.05204848925281E-02    4.35755667323426E-02    4.65609092379582E-02    4.69497170054323E-02    4.72551297171118E-02    4.56613532964888E-02    .044852881113535    4.36672042302098E-02    4.38513893952231E-02    4.35621083201711E-02    4.36671055754977E-02    4.36846724790652E-02    4.41062272461245E-02    4.40544462519312E-02    4.45544728864121E-02    4.42780964841801E-02    .043253891905223    4.08471147321214E-02 
 302077.81     4             5             2016          4 
   3.88567427896309E-02    .035450170805123    3.32905936035984E-02    3.21302965264976E-02    3.35532762082475E-02    3.58556954611711E-02    3.96947053093291E-02    4.34548958284126E-02    4.64370085434279E-02    4.73542235897764E-02    4.81079356466137E-02    4.71459331434341E-02    4.57993578759145E-02    4.46856392366672E-02    4.32918260364772E-02    4.20828006977325E-02    4.13946663485478E-02    4.13032972210455E-02    4.14848070053126E-02    .042345777488795    4.29604880816966E-02    4.34316583345695E-02    4.49113416393031E-02    4.49768546906011E-02 
 623275.6      5             5             2016          5 
   2.18562867443792E-02    2.13055030476285E-02    2.03512217097461E-02    2.07758651931024E-02    2.36998685728873E-02    2.84876078244921E-02    3.58444337264286E-02    4.34388589243266E-02    4.90453336623879E-02    5.29656405709609E-02    5.44136983202134E-02    .054172376252977    5.38619510273625E-02    5.34459720747932E-02    5.30578763030351E-02    5.27068452944412E-02    5.25803024075545E-02    5.23602891321271E-02    5.27819149145258E-02    5.01365380890492E-02    4.77260781586829E-02    4.17314919806343E-02    3.53216287866876E-02    .027932426055785 
 312094.248    6             5             2016          6 
   4.60657652093687E-02    3.60510651837614E-02    3.23377969775576E-02    3.01221920970008E-02    2.98212795151787E-02    3.06531596336486E-02    3.37270883423571E-02    3.65032992423574E-02    3.97805794839977E-02    .042296036194089    4.43923924915223E-02    4.53483837566993E-02    4.67199896585806E-02    4.79805075731082E-02    4.89414333703132E-02    5.10890531035195E-02    5.15754471406503E-02    5.19113708060874E-02    5.03364603072162E-02    4.80155593345395E-02    4.39407967617365E-02    4.08298449820357E-02    3.70778389784278E-02    3.44826600064414E-02 
 468218.483    7             5             2016          7 
   2.13978318142612E-02    1.99799094445936E-02    1.86750423519697E-02    1.81503411417283E-02    1.78911660122888E-02    1.86261869546914E-02    1.96668336136572E-02    2.12244935988836E-02    2.25680107669415E-02    2.39049517282192E-02    2.73919994518617E-02    3.21077675084273E-02    3.91202418903655E-02    4.76176187575876E-02    .055989503328727    6.11938462150585E-02    6.52592559951334E-02    6.64960500662252E-02    .066733460933771    6.75116016030918E-02    6.87724437757298E-02    6.99545216372844E-02    6.70309732838975E-02    .06273594897657 
 354619.91     8             5             2016          1 
   7.48573321521203E-02    6.11331419515475E-02    5.09394152724674E-02    4.29334044979666E-02    3.67716245692818E-02    .033589484583649    3.64330358180185E-02    3.56311924884237E-02    3.78107653214184E-02    3.92980201014729E-02    3.90333688980548E-02    3.87501651504141E-02    3.81025417379272E-02    3.78354396269304E-02    3.75716916793392E-02    3.81122985531537E-02    3.83614677313944E-02    3.93638366083633E-02    4.00882725659002E-02    4.07767297509466E-02    4.17839205820395E-02    4.14979519903437E-02    4.06734060966148E-02    3.86514954666533E-02 
 301861.63     9             5             2016          2 
   4.13105835217447E-02    3.68886226633872E-02    .034667538914063    3.38699557113718E-02    3.59236116260868E-02    4.00861148233298E-02    4.30222276531966E-02    .045005390021332    4.50544508122397E-02    4.40322620355061E-02    4.22216293066131E-02    4.15047464949007E-02    4.05397678089295E-02    4.05698804262569E-02    4.05347630582844E-02    4.10590454660468E-02    4.15789183876235E-02    4.29274835501617E-02    4.38724205876216E-02    4.52114097566822E-02    4.59608930029464E-02    4.60762093162934E-02    .044817189398169    4.32648885041302E-02 
 360688.243    10            5             2016          3 
   3.34264847081875E-02    .031957320779132    .034631432083094    3.48082885243573E-02    4.50126677377241E-02    5.21683479592236E-02    6.15625302191372E-02    6.41880067463136E-02    6.77027608126112E-02    6.34896240227603E-02    5.92716029075004E-02    5.57857919889975E-02    4.99776197134044E-02    4.58137214722716E-02    3.86088541445056E-02    3.57979519466206E-02    2.91668222820684E-02    .027686408701087    2.69885106195782E-02    2.81499620478689E-02    2.85982424015066E-02    2.91311401731079E-02    2.86936437818338E-02    2.73822700969629E-02 
 251343.556    11            5             2016          4 
   3.50053227729757E-02    3.16654749880976E-02    2.73113224448203E-02    .025782538472336    2.69631467440277E-02    3.00061872937226E-02    3.41102347390697E-02    3.81576859546083E-02    4.10927171271401E-02    4.29387570326748E-02    4.48486529802857E-02    4.61987565960314E-02    4.80475434575593E-02    4.95568306476196E-02    5.01662352582355E-02    5.08653180743373E-02    5.07011612275033E-02    5.14731335689684E-02    5.13693709002927E-02    5.10871260287055E-02    .049078005523593    4.57105016810636E-02    4.12786009582935E-02    3.65853819622095E-02 
 245778.668    12            5             2016          5 
   3.26574850816335E-02    2.88022832657155E-02    2.61226421147085E-02    2.44517766597069E-02    2.42606490161302E-02    2.62343228016131E-02    2.91813896799925E-02    3.48283895627284E-02    4.04231598757993E-02    4.67428702584758E-02    5.13208069396507E-02    .05451465803803    .054982069973115    5.36491212911631E-02    5.08613695002916E-02    4.77365671247453E-02    4.53309871808627E-02    4.45109014836267E-02    4.55395915655707E-02    4.83067137690933E-02    4.96414504545712E-02    5.04595455078815E-02    4.71397712811777E-02    4.23014734732288E-02 
 277438.04     13            5             2016          6 
   3.09890806779326E-02    2.62712708839197E-02    2.13726528419192E-02    2.02377622681311E-02    2.06745257512047E-02    2.42957858097343E-02    2.88757269827031E-02    .035519100442661    4.07730677451441E-02    4.60964199091985E-02    .049191307864857    5.18895665801182E-02    5.36082569158955E-02    5.58132185512034E-02    5.80979805211643E-02    6.02756204592564E-02    6.12943375009966E-02    6.04084766998787E-02    5.70604881724222E-02    5.16056842198442E-02    4.48991790540872E-02    3.88630199309547E-02    3.28976642012123E-02    2.89898061563584E-02 
 209370.333    14            5             2016          7 
   3.35828381187128E-02    3.03707632561594E-02    2.71024557968893E-02    2.57696485697606E-02    2.50998458599075E-02    2.62257781399419E-02    2.80697604739266E-02    3.11650556812053E-02    3.39041582474044E-02    3.70383745647778E-02    3.99717585137766E-02    4.28017889463236E-02    4.42030142096946E-02    4.56091976059712E-02    4.66109503456371E-02    4.76927655042345E-02    4.92546846480036E-02    .05173091988097    5.48900108199665E-02    5.69502386457374E-02    5.83611796107474E-02    5.77606205152403E-02    5.49511968853056E-02    5.08829951970201E-02 
 469392.274    15            5             2016          1 
   2.07088791807106E-02    1.83354104375395E-02    1.71227532516598E-02    1.62526922707589E-02    1.71861049897548E-02    1.83374347471951E-02    .020838274801499    2.21292517581734E-02    2.35107838043314E-02    2.50160275925739E-02    2.51689056214632E-02    3.01241431150239E-02    3.44786245885249E-02    4.31641945881815E-02    .050522241872264    6.03787949090743E-02    6.48299543326101E-02    7.08582361407806E-02    7.24235829934005E-02    7.30726353385825E-02    .072202061518699    7.03877807514787E-02    6.77840733111427E-02    6.51671589667026E-02 
 474681.75     16            5             2016          2 
   6.22039299225218E-02    6.04911623024268E-02    5.90761928913425E-02    5.86761551291997E-02    .058887201135287    6.01745891786971E-02    5.88997383180942E-02    .057587806692326    5.20804325411183E-02    4.60709950337779E-02    3.89123665158288E-02    3.43854601332893E-02    3.06500297633625E-02    2.99910829235851E-02    2.98107318251913E-02    2.98994220041902E-02    2.98571403860323E-02    2.92961539165451E-02    2.93745431972316E-02    2.90736261222651E-02    2.90827070420076E-02    2.90120490926289E-02    .028697331652997    2.78091584519523E-02 
 330022.78     17            5             2016          3 
   3.83785622455744E-02    3.63182493322885E-02    3.49883725024603E-02    3.49457706847539E-02    .037007293860139    3.95649357239067E-02    4.27735328887751E-02    .044656614901894    4.58735911446022E-02    .045525009028354    4.53650502550157E-02    4.48905979213768E-02    4.46724311633124E-02    4.43769674210065E-02    4.37712208836008E-02    4.33104957036981E-02    4.25921799956885E-02    4.23987096862298E-02    4.24085574912814E-02    4.25507292585606E-02    4.23982243977598E-02    4.17291802648441E-02    .040750673000891    3.87530510725275E-02 
 312363.81     18            5             2016          4 
   .038601432187959    3.58498330190284E-02    3.41407975827129E-02    3.29914654445725E-02    3.40556729847321E-02    3.65485687836645E-02    3.93848110907518E-02    4.19667707044071E-02    4.37306738024885E-02    4.41723068947232E-02    4.38305892214274E-02    4.38000477862256E-02    .043512819484834    4.41443572140287E-02    4.43047802526724E-02    4.50251254348655E-02    4.46288589887782E-02    .045281462148456    4.50881935454527E-02    4.56002260683224E-02    4.51025685601991E-02    4.47799310772029E-02    4.28044451446296E-02    .040654261202266 
 320295.92     19            5             2016          5 
   3.68179515007169E-02    3.43151115829855E-02    3.26788439597513E-02    3.26674165389775E-02    3.46615715896022E-02    3.71779640381073E-02    4.09940914463569E-02    4.37402061515879E-02    4.58792924846264E-02    4.62865727125872E-02    4.66607567152276E-02    4.55408237453118E-02    4.50765954476567E-02    4.42757125289795E-02    4.37447978526779E-02    4.32132886334066E-02    4.31434466036127E-02    4.30077597021451E-02    .04326939214719    4.36982161732266E-02    4.43047780578582E-02    4.41486419271669E-02    4.33741384227202E-02    4.13226297936062E-02 
 325876.815    20            5             2016          6 
   3.75805498246707E-02    3.38612002149493E-02    3.10240228830793E-02    2.90860302247185E-02    2.92518119298776E-02    3.06829898285338E-02    3.39615454798081E-02    3.67164807495971E-02    4.01818401168705E-02    4.26269981515101E-02    4.54898873654912E-02    4.67084777446886E-02    .048682044500082    4.94535957503988E-02    5.04089240266295E-02    .051063342370644    5.19289457678203E-02    5.13839557556434E-02    5.09417952915736E-02    4.86438093131526E-02    4.57349503705488E-02    4.20319568741796E-02    .038327548924622    3.42272888693002E-02 
 269762.628    21            5             2016          7 
   3.76931750566187E-02    .034122685780719    3.18988774086231E-02    3.11144855492177E-02    3.14043236953675E-02    3.34168786345008E-02    3.59965554258502E-02    3.90234171736809E-02    4.18643624338042E-02    4.43849486468711E-02    4.54983334459509E-02    4.61160604071425E-02    4.58102359843466E-02    4.53219196702443E-02    .044188885072787    4.37688145212149E-02    4.27896188758307E-02    4.29994713375383E-02    4.39574605498171E-02    4.58778518528241E-02    4.76290224805991E-02    4.92271686744726E-02    4.89135936587647E-02    4.69818606427296E-02 
 321874.45     22            5             2016          1 
   3.68911856101812E-02    3.41296123234152E-02    3.18861285141613E-02    3.16729394362849E-02    3.21738504863853E-02    3.54158887931692E-02    3.81673346354456E-02    4.21038067744659E-02    4.40347172340799E-02    4.61297572217211E-02    4.51679837336421E-02    .045471579519398    4.42395780210265E-02    4.40341256068554E-02    4.40473598527702E-02    4.51188665380632E-02    .045141794368503    4.62930190298189E-02    4.65535564895723E-02    4.64125368311309E-02    4.61774757498615E-02    4.51099496538946E-02    4.30709564853237E-02    4.05560007316129E-02 
 312671.8      23            5             2016          2 
   3.89297979542767E-02    3.55718346531811E-02    3.40443556500378E-02    3.35912297605269E-02    3.54372867472378E-02    .03778668264335    4.13334046724473E-02    4.35788889450136E-02    4.48526855375989E-02    4.50365219716809E-02    4.47390511342484E-02    4.40882745301943E-02    4.37314457004117E-02    4.35565012528712E-02    4.31509960584069E-02    4.26068795668893E-02    4.23255623488431E-02    4.24572680673073E-02    4.31446963967089E-02    4.41877385988279E-02    4.51260071513085E-02    4.50293883934368E-02    4.39549384580333E-02    4.17385569359389E-02 
 292258.22     24            5             2016          3 
   4.14936134537978E-02    3.79844928687977E-02    3.56550098969415E-02    3.41986945974522E-02    3.53982171036113E-02    3.72047718302842E-02    4.07442092753627E-02    4.30885048385038E-02    4.48277897506612E-02    4.45648386884978E-02    4.40242542889384E-02    4.21223750406832E-02    4.14627853538217E-02    4.04601436712798E-02    4.01174358436351E-02    3.96148302197454E-02    4.02543345273574E-02    4.12051705669305E-02    4.30857682014042E-02    4.52542273126655E-02    4.70510283840348E-02    4.78699277741872E-02    4.70353236290069E-02    4.52822519467973E-02 
 301763.08     25            5             2016          4 
   4.07217810678662E-02    3.76593782146494E-02    3.49918228378866E-02    3.32095626869762E-02    3.34080284782105E-02    3.50036187484814E-02    .037999181344517    4.03067527139172E-02    4.31055711715131E-02    4.36504678086365E-02    4.41097704706371E-02    4.38083744373235E-02    .043571333267683    4.31398359455537E-02    4.34319861855698E-02    4.33089753878689E-02    4.34086888576214E-02    4.41682257609181E-02    .044536860102717    4.56862380973676E-02    4.63701193633843E-02    4.61961094559265E-02    4.51822339503063E-02    4.30250774309849E-02 
 323469        26            5             2016          5 
   3.73131595009877E-02    3.44088922305924E-02    3.23282917228931E-02    3.16140647848016E-02    3.26060001837502E-02    3.44058007442367E-02    3.74492452812325E-02    4.00318107907945E-02    4.29102955480278E-02    4.45975044169611E-02    4.65710169241488E-02    4.69725388097468E-02    4.72266595919934E-02    4.66104937557772E-02    4.59132398023458E-02    4.51824142392702E-02    4.49643074616501E-02    .045517529548813    4.59097769753439E-02    4.64115276261017E-02    4.58738867509329E-02    4.46500596850085E-02    4.19024075964389E-02    3.86290790471807E-02 
 590907.858    27            5             2016          6 
   1.91252322117537E-02    1.73955893300838E-02    1.62104674162668E-02    1.58300279205713E-02    1.61968016726095E-02    1.72685982297853E-02    1.88388928222503E-02    2.06060722906523E-02    2.26702689052114E-02    2.47038849271192E-02    3.21060029855365E-02    4.01064208199276E-02    5.32886989252054E-02    6.69906289560631E-02    8.05867432613326E-02    .088300482913446    .093789547250783    8.75224428285569E-02    .078751735826891    6.36536622580335E-02    .048414062552541    3.39666000166391E-02    2.54337966063019E-02    .018243334788776 
 347729.25     28            5             2016          7 
   2.82648065988121E-02    2.60975313408349E-02    2.43501229764249E-02    2.36329701916074E-02    2.39144391793328E-02    2.58167813032697E-02    2.91303074473531E-02    3.97307388983311E-02    5.10283189075984E-02    6.53898707201796E-02    7.44583597996861E-02    7.88122938859759E-02    7.07545588629659E-02    6.17638287367255E-02    4.78878603557941E-02    .039325998042119    .033395406254471    3.41113093017053E-02    3.43562999939968E-02    3.69020154509579E-02    3.77459197107016E-02    3.89586145102476E-02    3.80305088297864E-02    .036141135892724 
 308726.845    29            5             2016          1 
   3.70857930505282E-02    3.35319713663465E-02    3.08090318330189E-02    2.93759030991053E-02    3.14943470193692E-02    .034116016938655    3.92607916929365E-02    4.37695970668667E-02    4.74710576067656E-02    4.85697957516053E-02    4.90449420890982E-02    4.74641586835039E-02    4.60351927111732E-02    4.49055849688501E-02    4.39693874805008E-02    4.33624751882202E-02    4.33157991168536E-02    4.34787256828524E-02    4.38530389268951E-02    4.44914028441145E-02    4.48351343412087E-02    4.46952073492751E-02    4.34578327951202E-02    4.16068115114431E-02 
 306238.287    30            5             2016          2 
   .039268931747339    3.52513067861025E-02    3.36142161118394E-02    3.21450240785046E-02    3.36818430605805E-02    3.65261004404962E-02    4.15047060334588E-02    4.40018455454837E-02    4.71480245493846E-02    4.73954766156085E-02    4.66336203088806E-02    4.54701797653978E-02    .044230132337886    4.36928063023354E-02    4.25064758527809E-02    4.24868481888256E-02    4.17427221520557E-02    4.23106137698991E-02    4.21038456576545E-02    4.40220599665743E-02    4.41592718471058E-02    4.47318320108517E-02    .043688233423357    4.16838806158568E-02 
 317753.41     31            5             2016          3 
   3.67959238374106E-02    .034672956602771    3.24539077133743E-02    .032276788375969    3.42280514884954E-02    3.67589762107116E-02    4.02228269704092E-02    4.30391907025482E-02    4.46374752073865E-02    4.50492098229961E-02    4.48089303894095E-02    4.41623592155156E-02    4.33496835348675E-02    4.28959364373934E-02    4.28314824674108E-02    4.31420398397534E-02    4.35116974334752E-02    4.49927495959052E-02    4.58859589323526E-02    4.64043812798893E-02    .04692563416845    4.58922531212962E-02    4.38652415347014E-02    4.11963486825759E-02 
