 349589.38     1             6             2020          2 
   3.98086175325892E-02    .03737195862114    3.52623686948814E-02    3.44760751215111E-02    3.48231396637035E-02    3.68356150972035E-02    3.92522505170924E-02    4.20515055852812E-02    4.41044861286619E-02    4.52219969691657E-02    4.52639323284434E-02    4.46395418694498E-02    4.35303275928319E-02    4.24836979011634E-02    4.19049916192034E-02    4.18715511591771E-02    4.25223453629012E-02    4.34689693350024E-02    4.49124625063696E-02    4.54106753579013E-02    4.58021921630957E-02    4.48451541875714E-02    4.33070941551843E-02    4.08290446083488E-02 
 342414.74     2             6             2020          3 
   3.93600176070472E-02    3.64956840241457E-02    3.44157211085963E-02    3.32648073256499E-02    .033492162051603    3.50917732971644E-02    3.80344595279762E-02    4.11858142637566E-02    4.39606667441872E-02    4.56839572722906E-02    4.68581461238351E-02    4.63143605516588E-02    4.63371393744615E-02    4.53984248567979E-02    4.49022446571298E-02    4.42586366764249E-02    4.43595399881515E-02    4.40141386546327E-02    4.45062319564572E-02    4.44918066045434E-02    4.40692190859322E-02    4.30772921886701E-02    4.13521906486123E-02    3.90755660947525E-02 
 335344.8      3             6             2020          4 
   3.73749645141359E-02    3.48344153213722E-02    3.30622101024826E-02    3.21099369682339E-02    3.29300466918676E-02    3.50283941893538E-02    .038028678919615    .041368763746113    4.39619173776513E-02    4.53499797307503E-02    4.58379860771287E-02    4.56340448649793E-02    .044880672072446    4.46587805856838E-02    4.44524252305016E-02    .044693551234431    4.51260905333481E-02    4.57720528896676E-02    4.61096456030107E-02    4.60955422318312E-02    4.53342339269164E-02    4.41810627403124E-02    4.24347724295635E-02    4.07398285240669E-02 
 353140.69     4             6             2020          5 
   .036904922745698    3.53819041330595E-02    3.41562727494317E-02    3.42244334377398E-02    3.52048074663953E-02    3.73444358500574E-02    4.01225369713838E-02    4.23897620086983E-02    4.40186027999917E-02    4.44254680186741E-02    4.44718210476184E-02    4.37936210928072E-02    .043639858566355    4.34073467733922E-02    4.39279597035391E-02    4.41478144261357E-02    4.51934316842319E-02    4.57891159469615E-02    4.62226254463908E-02    4.59235375186091E-02    4.51894689178271E-02    4.35142723322254E-02    4.15058383405917E-02    3.91001377082177E-02 
 349962.02     5             6             2020          6 
   3.69881571586325E-02    3.88420999673765E-02    .033121222474013    3.63861777727695E-02    3.21657756024139E-02    3.29201152715443E-02    3.03990995178205E-02    3.66892380028839E-02    3.53985845556898E-02    4.24092588184641E-02    4.50274000670487E-02    .046914091965251    4.79402021967984E-02    4.86705939547383E-02    4.93656414755378E-02    5.08143422070486E-02    5.16241454840585E-02    5.19532381149532E-02    5.06402384928799E-02    4.78463359841877E-02    4.38482430938149E-02    4.01787600810582E-02    .036406551077314    3.34504881147531E-02 
 291185.905    6             6             2020          7 
   3.74289752763359E-02    3.48799164542751E-02    .032881055832699    3.15208416584845E-02    3.07685301755506E-02    3.11740311625403E-02    .032559438649254    3.47808401979055E-02    3.78970269118109E-02    4.08692508817949E-02    4.32977359590517E-02    4.46549082889589E-02    4.50963446251803E-02    4.46584800245568E-02    4.43363497185329E-02    4.41208181129595E-02    .044341913577084    4.53491396619541E-02    4.69114067512557E-02    4.88466301118267E-02    5.04597567037972E-02    5.16372858249698E-02    5.14261140844455E-02    5.01032136475665E-02 
 364681.1      7             6             2020          1 
   3.81602722985233E-02    3.59838496780132E-02    3.40824077829575E-02    3.33116519688366E-02    3.41324247275565E-02    3.64668755069498E-02    3.99797531365418E-02    4.35292905782957E-02    4.63380186397787E-02    4.75784752846391E-02    .047483845303472    4.64885621985894E-02    4.54325453800595E-02    4.42860358637656E-02    .043803751800203    4.37541177886309E-02    4.38712899391756E-02    4.45237221258176E-02    .045017221039149    4.50593972291819E-02    4.42118325478411E-02    4.22593052447056E-02    3.90098078799189E-02    3.52355530198165E-02 
 334141.32     8             6             2020          2 
   3.43936799237371E-02    3.10738569247063E-02    2.94319325867495E-02    2.92583533359104E-02    3.11942272612004E-02    3.42247417668219E-02    3.78359073911078E-02    4.16936764304546E-02    .043931262377248    4.55092167757792E-02    4.55165495872749E-02    .045364878170223    4.42072233417211E-02    4.43715262499187E-02    4.40602806966899E-02    4.48009852584604E-02    4.57691969458087E-02    4.73545455305034E-02    4.82795728325743E-02    4.90775574949845E-02    4.88197926582007E-02    4.73063021190405E-02    4.47556439920016E-02    4.17690942067192E-02 
 352626.51     9             6             2020          3 
   3.62160802941333E-02    3.36564603615593E-02    3.19458126664598E-02    3.20997135494365E-02    3.38488447734687E-02    3.69511638842397E-02    4.03953178702801E-02    4.33585662144701E-02    4.51164598079282E-02    4.56995700147799E-02    4.57813004340272E-02    4.48634450060561E-02    4.43588305637458E-02    4.37484971927167E-02    4.37053084597213E-02    4.38271923537811E-02    4.47238923645446E-02    4.53826901682392E-02    4.57897221677264E-02    .045751352184036    4.51785939800017E-02    4.39459302138118E-02    4.25934789864494E-02    4.10617730543359E-02 
 341039.98     10            6             2020          4 
   4.00762099615124E-02    3.77922550953557E-02    3.54470474445914E-02    .033661272920993    3.29594788270865E-02    .034362863707541    3.63923894366432E-02    3.94758691030154E-02    4.21900395208063E-02    4.40533113733102E-02    4.46433580071023E-02    4.48046294216737E-02    4.42377455093388E-02    4.37256371809766E-02    4.37486824995929E-02    4.38145998995118E-02    4.43679366694046E-02    4.51880155572229E-02    4.57600594675879E-02    .046128930603129    4.60837476903001E-02    4.51642056883991E-02    4.37408823693853E-02    4.21808305565084E-02 
 358259.36     11            6             2020          5 
   3.81642239010517E-02    3.63391205693133E-02    3.48019927474819E-02    3.41366664458885E-02    3.46655556064886E-02    3.67483502166908E-02    4.94076414360814E-02    4.39244346435219E-02    5.48772244132714E-02    4.73692318970396E-02    4.62577161016114E-02    3.56845940989511E-02    4.34982638171687E-02    3.42862776364377E-02    4.28312611157249E-02    4.40509087902825E-02    4.45209304205269E-02    4.46391697641201E-02    4.46501658567972E-02    4.42107637379663E-02    4.33243380141554E-02    4.20844263453089E-02    4.06169985953054E-02    3.89097448101216E-02 
 358159.35     12            6             2020          6 
   3.67127362879819E-02    3.47165299598838E-02    3.27331114540916E-02    3.10042169646346E-02    3.06448791578385E-02    3.13258620516957E-02    3.32502847981632E-02    3.60894676446043E-02    3.94115911892639E-02    4.20553030376004E-02    4.45738469177546E-02    4.61017135686253E-02    4.71144218435872E-02    4.83247496889304E-02    4.95182652288709E-02    .05133413599631    5.26787877815419E-02    5.29909088039304E-02    5.19339530278213E-02    4.91818228045701E-02    4.52842281698426E-02    4.11978345628489E-02    3.75185245102843E-02    3.43028316385221E-02 
 298656.203    13            6             2020          7 
   3.81262812432695E-02    3.58047462697853E-02    3.35075586371631E-02    3.26691285585821E-02    3.24003824401146E-02    3.35884548516309E-02    3.48271675086387E-02    3.70864902195335E-02    3.87781333914735E-02    4.06259448416261E-02    4.23120292599448E-02    4.34563215819094E-02    4.43145310138176E-02    4.44870714563729E-02    4.43970032984297E-02    4.39603795507388E-02    4.40243673446321E-02    4.43614763230784E-02    4.56656514786167E-02    4.73655314154818E-02    4.88690990634221E-02    5.01931974459107E-02    5.01861345589564E-02    4.89929219352678E-02 
 366470.31     14            6             2020          1 
   3.82039949779629E-02    3.62719420401342E-02    3.45393611575928E-02    3.39932865869475E-02    3.51867239898302E-02    3.74938685986254E-02    4.09584601009356E-02    4.39936863720624E-02    4.77670645065353E-02    4.84848547911699E-02    4.79822241176236E-02    4.69498086693571E-02    4.40770779758052E-02    .041915265101046    4.11121432533307E-02    4.12346085161033E-02    4.11091960074133E-02    4.32752112391451E-02    4.34161780646705E-02    4.40360083970718E-02    4.37136367199842E-02    4.30606245556086E-02    4.14094660048996E-02    3.98153124132007E-02 
 343340.78     15            6             2020          2 
   3.95194525055762E-02    3.74684597481036E-02    3.51278096656986E-02    3.42576260211866E-02    3.43856335224001E-02    3.64942090342793E-02    3.88147897704214E-02    4.18587031947894E-02    4.38333010300291E-02    .04487742469741    4.51626221676173E-02    4.47191282976202E-02    4.43262230603658E-02    4.41189934075847E-02    4.38589309732229E-02    4.33146039974482E-02    4.35957824786718E-02    4.33393038561426E-02    4.37632830174222E-02    4.41961193136597E-02    4.44169788285854E-02    .043862309995808    4.31618994818355E-02    4.15264098862288E-02 
 349030.13     16            6             2020          3 
   3.88394846904048E-02    3.68196017651112E-02    3.47208703237526E-02    3.35230645283045E-02    3.42666121063101E-02    3.55857250328933E-02    .038870253546413    4.18480196152765E-02    4.41889652146578E-02    4.49827916271154E-02    4.56167218330478E-02    4.47604343910797E-02    4.42946011297793E-02    4.43122476856439E-02    4.41210622077956E-02    4.44676783930158E-02    4.44325531571945E-02    4.47957303007408E-02    4.42975221705788E-02    4.46124797574782E-02    4.38838619435591E-02    4.35995025388281E-02    .042325313205231    4.08348997021045E-02 
 342928.68     17            6             2020          4 
   3.90391965940265E-02    .036650361121553    3.42864004231507E-02    3.27434268730454E-02    3.30735821886128E-02    3.43418624838042E-02    3.71914949587696E-02    4.00913098342708E-02    4.29868104244008E-02    .044475019603566    4.56073842471414E-02    4.57421067069616E-02    4.53320502567764E-02    4.48499381216088E-02    4.44075145641435E-02    4.41018809062208E-02    4.40819070464229E-02    4.48399369531443E-02    .04538873683407    4.58676993985309E-02    4.58859560873197E-02    .044886417326629    4.31257019362233E-02    4.10033070460526E-02 
 355363.6      18            6             2020          5 
   3.72407578199484E-02    3.48621531140922E-02    3.32207912147938E-02    3.26965674646334E-02    3.37282710009903E-02    3.64371877010265E-02    3.98740340131558E-02    4.30323473839541E-02    4.53086361097831E-02    4.60394924117861E-02    .045953357042266    4.53785936168617E-02    4.48778658279506E-02    4.44576755988444E-02    4.47358430474449E-02    4.45558859688007E-02    4.49189494093163E-02    4.50849490625587E-02    4.53091417538614E-02    4.50400099450957E-02    4.45393123849066E-02    4.29823985428235E-02    4.11313647310811E-02    3.85944137347987E-02 
 343094.33     19            6             2020          6 
   3.71515618878779E-02    3.43913282582155E-02    3.21261212304572E-02    3.03429956584389E-02    3.03099439791821E-02    3.11765287242578E-02    3.34688129673769E-02    3.65399521193632E-02    3.97388975495092E-02    4.24900058188808E-02    4.47091050140278E-02    4.65163333779809E-02    4.75950727876354E-02    4.92865605010873E-02    5.04231887371907E-02    5.24623338918921E-02    5.30196753761568E-02    5.30466358916511E-02    5.12255316289401E-02    4.83681553226193E-02    4.43724913650205E-02    4.04792471951154E-02    3.69904676843902E-02    3.37690504141019E-02 
 289094.514    20            6             2020          7 
   3.81345873619726E-02    3.48054324210127E-02    3.36504995203316E-02    3.12633922735473E-02    .030702069305568    2.99547804470357E-02    3.19878525792866E-02    3.34186130398604E-02    3.72060314168137E-02    4.06065466977782E-02    4.38446238878646E-02    4.58232155674009E-02    4.72069846107059E-02    4.72700080361954E-02    4.66867381745352E-02    4.56977193311164E-02    4.48708615822264E-02    4.40908398624091E-02    4.47335017949787E-02    .046059365089249    .0482430793215    5.04130281863892E-02    5.19486148751771E-02    5.13816033480231E-02 
 362837.34     21            6             2020          1 
   3.97439520523163E-02    3.75759022753488E-02    3.53871793874977E-02    3.44424577845957E-02    .034735124547304    3.66509682927066E-02    3.92149831002785E-02    4.20955836832422E-02    .044103811822744    .045197637665958    4.53875579102471E-02    4.49201292108263E-02    4.46151705463597E-02    4.39488671123609E-02    4.38568137679476E-02    4.33629845289283E-02    4.35557442644271E-02    4.37440926955726E-02    4.42678805854505E-02    .044723429176625    4.45317729400797E-02    .04352622701315    4.15052924869171E-02    3.89064421014042E-02 
 343574        22            6             2020          2 
   3.77562914484944E-02    3.51082453079613E-02    3.32550777361646E-02    3.24564444040803E-02    3.37189373913989E-02    3.58604543026029E-02    .038992967240136    .041410730703211    4.37776130014931E-02    .044338570666363    4.48322922017891E-02    4.48817720809418E-02    4.48320591279099E-02    4.44055424559192E-02    4.42374848195003E-02    4.37837269272777E-02    4.36341219204233E-02    4.39754159811642E-02    4.51233218908081E-02    4.54601335429194E-02    .046422342102793    4.55245727858118E-02    4.43623498867784E-02    4.18495292316939E-02 
 353921.25     23            6             2020          3 
   3.84453600421351E-02    3.56821189918661E-02    .033778615233085    3.29975942520759E-02    3.32038548255791E-02    3.53458004649693E-02    3.79993000296676E-02    4.12478764696949E-02    4.34443534622815E-02    4.53230210772524E-02    4.55661537082755E-02    4.55550780187683E-02    4.48754903765668E-02    4.43058456462772E-02    4.34834577651455E-02    .04325465123774    4.30992494357855E-02    4.38403742048902E-02    4.47692807501316E-02    4.60925993865161E-02    4.64520267573648E-02    4.60510365785821E-02    4.39585369670866E-02    4.12283243182629E-02 
 341479.73     24            6             2020          4 
   3.90509258320399E-02    3.60296052793895E-02    3.37863094941243E-02    3.31853089832375E-02    .03416808945274    .036333224142799    3.92662542014207E-02    .042000385420937    4.41224143999704E-02    4.49980154202711E-02    4.52276913881536E-02    4.46914366675952E-02    4.39183307500053E-02    4.36556212739919E-02    4.34969597701304E-02    4.36888292297027E-02    4.41297640766994E-02    4.47189050119461E-02    4.48036550780408E-02    4.50351756145965E-02    4.48917711244896E-02    4.40487346057114E-02    4.30331837293461E-02    4.17194018459749E-02 
 358369.08     25            6             2020          5 
   3.80515801352756E-02    3.61288695067178E-02    3.46681967250774E-02    .034029441405422    3.43684228508916E-02    3.64705023955331E-02    .039368769774132    4.23142808046177E-02    .044742419755319    4.58640293409242E-02    4.58848157847491E-02    4.49528729614801E-02    4.42507773035623E-02    .043207858087429    4.37067272891888E-02    .043603007621535    4.45102563239412E-02    4.52121884807277E-02    4.54608137510078E-02    4.50355827337629E-02    4.45120984366871E-02    .043097552049203    .041226965581301    3.93319656694782E-02 
 358707.57     26            6             2020          6 
   3.67720701346643E-02    3.45613012589196E-02    3.26056393190629E-02    3.16193782906854E-02    3.15520793903583E-02    3.27232000437362E-02    3.46337265277465E-02    3.71285991268946E-02    3.95625324628987E-02    4.20599151585719E-02    4.41953049100344E-02    4.58349669324654E-02    4.75224160745339E-02    4.85582474256119E-02    5.00782007123518E-02    .051382552497777    5.26081166547447E-02    5.22383429557954E-02    5.13006449445714E-02    4.81054227455389E-02    .044301156388336    4.01530694234791E-02    3.67253474919696E-02    3.37777645555403E-02 
 292423.18     27            6             2020          7 
   3.88931539750884E-02    3.62405943460091E-02    3.39210916062212E-02    3.21250603481143E-02    3.08328406273658E-02    3.11131292509455E-02    3.23790600160784E-02    .034694855852826    3.72918787273464E-02    4.05303360890371E-02    4.26003842915257E-02    4.46550438370686E-02    4.50738904851011E-02    4.55922825077513E-02    4.48237045858505E-02    4.43143393730364E-02    4.38658107842631E-02    4.40834059927294E-02    4.47571907229191E-02    4.67098069087324E-02    4.92934582158894E-02    5.10101149952015E-02    .05275371862193    5.24448501098648E-02 
 363380.63     28            6             2020          1 
   4.06897317327082E-02    3.83338547061177E-02    3.61680251520974E-02    .034122044532375    3.43687834855493E-02    3.58288222462491E-02    3.88315975747662E-02    4.19257618812125E-02    4.46958051774802E-02    4.56755479096395E-02    4.57743434635605E-02    4.45268917083927E-02    4.37343343285455E-02    .042892435607912    4.28447443533589E-02    4.31122867552819E-02    4.37476532656336E-02    4.39954107573786E-02    4.46499306302458E-02    .044678027782638    4.43854142822293E-02    4.33926536059104E-02    .041866044346702    3.97598517040864E-02 
 348015.54     29            6             2020          2 
   3.90106417958017E-02    3.70065668664178E-02    3.53646289176843E-02    3.44382885037619E-02    3.44684034484854E-02    3.56251630360026E-02    3.72782215145479E-02    3.94888694751246E-02    4.17979887029614E-02    4.34563057918692E-02    4.45646771845662E-02    4.49206940856003E-02    .045028995081836    .044701681662872    4.47362218095922E-02    4.48197506541303E-02    4.49820716653558E-02    4.52064858089742E-02    4.54011329628772E-02    4.52237264184022E-02    4.49835083828081E-02    4.40321152083108E-02    4.26363442033724E-02    4.08275169308891E-02 
 350235.33     30            6             2020          3 
   3.85504218736656E-02    3.58679119006569E-02    3.40662103668625E-02    3.29642364588832E-02    3.35791355183242E-02    3.57007670296283E-02    3.90455744382998E-02    4.19409992891422E-02    4.43596297675409E-02    4.52404382067552E-02    4.52798118446531E-02    4.48875337485584E-02    4.49043500087498E-02    4.47973934634536E-02    4.49968017977013E-02    4.49860389450502E-02    4.45834524898231E-02    4.44429470732579E-02    4.43452114486137E-02    4.42643813098824E-02    4.40257694242682E-02    4.37067567987073E-02    4.24886611908556E-02    .040975563041427 
