 275764.249    1             12            2020          3 
   4.03011990245788E-02    3.57510070472369E-02    3.19931372850384E-02    2.88693629158352E-02    2.86322944769891E-02    3.05818286111482E-02    .03463411099883    3.91415843370436E-02    4.36172922609341E-02    4.60322888711818E-02    4.70814470327243E-02    4.70148317363104E-02    4.62044666241798E-02    4.51552730496893E-02    4.44466599609419E-02    .044003346513157    .043974881585584    4.49572048904352E-02    4.60073794035843E-02    4.73199851089109E-02    .047948600348209    4.75416595392773E-02    4.57372565191092E-02    4.30528984027676E-02 
 272581.781    2             12            2020          4 
   4.00458909373606E-02    3.65392670046517E-02    3.37220828072328E-02    3.12018278458878E-02    .031265480617815    .032444574146676    .035503428934691    3.92831109705109E-02    4.30938544985697E-02    4.55290898206619E-02    4.67642409238092E-02    4.75147324340984E-02    4.60151072342304E-02    4.58686918865003E-02    4.46373921217794E-02    4.45597276432609E-02    4.36929436256967E-02    4.44824680031073E-02    4.39403177798042E-02    4.46421247897434E-02    .044745469634625    4.51784783008847E-02    4.48213750367087E-02    4.45083310841307E-02 
 295979.767    3             12            2020          5 
   3.90371284916665E-02    3.67729191403225E-02    3.39179942629744E-02    3.17907274701483E-02    3.08325980786129E-02    3.22505152860668E-02    3.48334621129694E-02    3.85924355367338E-02    4.22890399643855E-02    4.51513291542408E-02    4.69231391910904E-02    4.77418778521185E-02    4.76507906767661E-02    4.68513107487597E-02    4.64605402666342E-02    4.56760958099967E-02    .045644876667997    4.55333495661293E-02    4.57632302763959E-02    4.56676492866909E-02    4.51029134186983E-02    4.38292106984208E-02    4.19330355041634E-02    3.97538324912763E-02 
 308979.199    4             12            2020          6 
   3.56614286142851E-02    3.38199470710972E-02    3.19976219802907E-02    3.02572546467359E-02    3.01743202612403E-02    3.09533788237716E-02    3.31510673453943E-02    3.70702638454555E-02    4.16619305232745E-02    4.56880283084202E-02    .049464981591285    5.27972750865504E-02    5.52809386895006E-02    5.66441347237747E-02    5.68076772863923E-02    5.48515888928821E-02    5.10444391496885E-02    4.68767808389344E-02    4.33054725938849E-02    .040228986165101    3.83258474575743E-02    3.67101092661257E-02    3.46189964868396E-02    3.26075342200868E-02 
 264706.12     5             12            2020          7 
   .035568406218517    3.36178940807545E-02    3.22882134168734E-02    3.11431235160902E-02    3.09304337113787E-02    .031863261758455    3.35637324540324E-02    3.56606776200528E-02    3.81673452914972E-02    3.99628100424161E-02    .04145348144718    4.27159000186698E-02    4.42415527288338E-02    4.56209310477502E-02    4.62102638519937E-02    4.77862008052081E-02    4.81722900853218E-02    4.89511166430531E-02    4.95057300774251E-02    5.03543310950839E-02    4.97076528562128E-02    4.94665172220045E-02    4.78450588252833E-02    4.52030737840043E-02 
 288825.296    6             12            2020          1 
   3.87869771498477E-02    3.56771042495963E-02    3.31529991912048E-02    .031426481063184    3.19440510501546E-02    3.38962273256876E-02    3.75510406459949E-02    4.17242185242147E-02    4.56902838788227E-02    .047440754094302    4.86489245701751E-02    4.80557283352962E-02    .046484293549378    4.47307092920369E-02    4.36606487704855E-02    .042282098616589    .041775564712829    4.21458584398456E-02    4.25734187542822E-02    .043769920871344    4.50457786480118E-02    4.55285599523371E-02    4.47500630114909E-02    4.32582949512497E-02 
 283196.24     7             12            2020          2 
   4.10946128513218E-02    3.82274845273811E-02    .035515901364236    3.40791078134106E-02    3.37111643855159E-02    3.54036124274637E-02    3.71903593136512E-02    4.02925554213308E-02    4.22572687030555E-02    .044441763189988    4.52073438711174E-02    4.60039666862279E-02    4.49631689694221E-02    4.45344895822063E-02    4.29239469797516E-02    4.21873532102245E-02    4.17007655186382E-02    4.23855200968593E-02    .043233061391237    .044857269843166    4.56046293916632E-02    4.59511757476459E-02    4.50052217159116E-02    4.32282578261809E-02 
 282596.133    8             12            2020          3 
   4.06463107348146E-02    3.77636080723546E-02    .034551782756746    3.27565522632258E-02    3.18577430781758E-02    3.33570151031136E-02    3.57310274847692E-02    3.93672762644013E-02    4.22591779535692E-02    4.51646673861687E-02    4.63627732290572E-02    .047273787884555    4.70411236959053E-02    4.64627737680774E-02    4.52513635477188E-02    4.39199582096281E-02    4.29756756990903E-02    4.21769741792167E-02    4.26262025319363E-02    .043336473137665    4.48452690234618E-02    4.51730163149915E-02    4.54016477222107E-02    4.36978027513384E-02 
 280493.317    9             12            2020          4 
   4.15879066481021E-02    3.81857220639235E-02    3.50918356840031E-02    3.26947615275091E-02    3.23248774920901E-02    3.36196526586942E-02    3.64847916657316E-02    3.96047238143734E-02    4.21039965399158E-02    4.30073714499141E-02    4.37809004911158E-02    4.32490877425254E-02    4.30264435954904E-02    4.28725364638099E-02    4.28286858479769E-02    4.28117165822707E-02    .042987547281073    4.40738135527486E-02    4.48826737610383E-02    4.72007680667843E-02    4.77073741096477E-02    4.85616551304946E-02    4.65564025028981E-02    4.47547566926523E-02 
 283884.125    10            12            2020          5 
   4.03631585983806E-02    3.77443077016899E-02    3.42259370625691E-02    3.20215171969373E-02    3.14975358013591E-02    3.28164711405138E-02    3.53892294248137E-02    3.93403456758105E-02    4.35979284351494E-02    4.63294669799253E-02    4.83827674737888E-02    4.93638393889144E-02    4.82717723076273E-02    4.73877497828119E-02    4.56263611407471E-02    4.44737431106354E-02    4.28240204354946E-02    4.30240669828755E-02    4.23371670021175E-02    4.33027382596244E-02    4.33704065765389E-02    4.36931443033755E-02    4.28375121308298E-02    4.17788062074623E-02 
 305928.44     11            12            2020          6 
   3.62178147618852E-02    3.38625930738492E-02    3.13751470922007E-02    2.92097707861845E-02    2.90799214352219E-02    3.02927861322324E-02    3.29895782010738E-02    3.67090735643113E-02    4.15886134954877E-02    4.54414440126096E-02    4.97392794087728E-02    .053346756643686    .056642458813244    5.81961245884005E-02    5.82022087828775E-02    .055800503338297    5.11918728598345E-02    4.63786876771329E-02    4.20141719355186E-02    3.95978210112633E-02    3.76193852514987E-02    3.69571401546551E-02    3.47462313460053E-02    3.28006106540389E-02 
 264797.08     12            12            2020          7 
   3.43852443716052E-02    3.17697502909586E-02    .029738953639283    2.88528480085345E-02    2.83027105044219E-02    .02988037789694    3.20253263012757E-02    3.52782889094736E-02    3.91040552578506E-02    4.28324224369279E-02    .045284978513075    4.75794130676875E-02    4.81967563674135E-02    4.80326308380175E-02    4.69815975453732E-02    4.64876351320132E-02    4.55922339841795E-02    4.62027361078717E-02    4.74175925167396E-02    4.90952554062813E-02    4.98674305623008E-02    5.06065615472893E-02    .049293594191777    4.71916087417297E-02 
 291449.71     13            12            2020          1 
   3.97960253213582E-02    .036403260536998    3.26854001351554E-02    2.99871631369954E-02    2.89118476370246E-02    3.08921220062288E-02    3.43639031563113E-02    3.94855421358542E-02    4.50077983114994E-02    4.86675742124602E-02    5.02064666876834E-02    5.03469350145348E-02    4.82037191285505E-02    4.57173540173106E-02    4.37129947682484E-02    4.26046413000805E-02    4.18725420394997E-02    4.28873638804616E-02    4.35849810182518E-02    .045005533233761    4.55171827982347E-02    4.60316804634151E-02    4.47938690906572E-02    4.33140931339836E-02 
 285702.257    14            12            2020          2 
   4.08830849678499E-02    3.82809031490693E-02    3.48589724629827E-02    3.28468696860435E-02    3.19148255637074E-02    3.28428875848013E-02    .035041516769283    3.87287100879028E-02    4.26314085731479E-02    .045664986971909    4.82273751231689E-02    4.89704215425134E-02    .048316348595559    4.62482537152305E-02    4.46107077229442E-02    4.22534302577281E-02    .041426554625538    4.14553248797489E-02    4.26856266760696E-02    4.38432320524598E-02    4.51645376800874E-02    .045567263131124    .044466046359191    4.30707146658103E-02 
 288809.291    15            12            2020          3 
   3.98608018530643E-02    3.74622311914733E-02    3.42550907635534E-02    3.24503916647716E-02    3.18827187267497E-02    3.34730002732582E-02    3.62859169961312E-02    4.05380302174039E-02    4.42555028142256E-02    .046782462967708    4.79322539295922E-02    4.81742463121624E-02    4.72013907451215E-02    4.62097315445697E-02    4.54051179464133E-02    4.43914732711109E-02    4.36382425204337E-02    4.28514621111168E-02    .04269689428248    4.27187073088743E-02    4.32575779900637E-02    4.33910902125375E-02    4.33397073650584E-02    4.15459638089084E-02 
 274070.579    16            12            2020          4 
   4.11815468548523E-02    3.78891802549609E-02    3.46824475332046E-02    3.10062018561741E-02    3.04454430160214E-02    3.05500686376118E-02    3.24034703871845E-02    3.60080605368444E-02    4.03204904246581E-02    4.38715830065437E-02    4.69498025554669E-02    4.91136640812602E-02    4.85399067645364E-02    4.79723493790718E-02    4.64851426498336E-02    4.52109463174995E-02    4.38290386506609E-02    4.35503161087659E-02    4.32840326243573E-02    4.45757063491207E-02    4.49749106586428E-02    4.64681035284072E-02    4.58990888027788E-02    4.47884993921128E-02 
 282274.737    17            12            2020          5 
   4.01821653499583E-02    .037104064467032    .032963719297744    3.09092049399819E-02    .030116139619767    .031298097035779    3.39851954564924E-02    3.73896731546685E-02    4.09914112992336E-02    4.40489655163508E-02    4.63518284858503E-02    4.72519793333914E-02    7.54860699662081E-02    4.63230617698707E-02    7.33921851661312E-02    4.41913080012895E-02    .043902654850627    1.60067037311153E-02    4.47142740972158E-02    1.80819827105622E-02    4.67212913721535E-02    4.73763248903054E-02    4.64652278143386E-02    .044746476212951 
 298062.611    18            12            2020          6 
   3.91423796620117E-02    3.59750927570214E-02    3.19593513032485E-02    2.95724393173302E-02    2.85019388248179E-02    2.90644484444411E-02    3.10880604765369E-02    3.48971975042099E-02    3.87085100395651E-02    4.35893663682712E-02    4.82184928683071E-02    5.27639147444511E-02    .056660881342058    5.87453060218781E-02    5.88608569329247E-02    5.63916753718567E-02    .051968275231567    4.71929703418504E-02    4.29702673379755E-02    3.98138841823321E-02    3.79120678167682E-02    3.70065881005032E-02    .035152682049452    3.38433606142151E-02 
 263750.847    19            12            2020          7 
   3.54861900986142E-02    3.32727382317184E-02    3.08258729408223E-02    .029328341834671    2.82833714789691E-02    2.84619939059381E-02    2.97614213828714E-02    3.21828350374928E-02    3.50904567723056E-02    3.84945113026973E-02    4.18537422211103E-02    4.44899045196242E-02    4.64786385062775E-02    4.70259338458636E-02    4.63672459433846E-02    4.60806465971747E-02    4.64682860513714E-02    4.78906526329089E-02    5.08497700554304E-02    5.32791091141027E-02    5.42198458738504E-02    5.40805468543671E-02    5.16511337437999E-02    4.80768116914806E-02 
 295508.068    20            12            2020          1 
   .039494116546845    3.61056131976742E-02    .032692889776913    3.06662524016096E-02    2.96358666434532E-02    3.10132382218918E-02    3.41530438349995E-02    3.85407399752449E-02    4.30034294412649E-02    4.65618764637248E-02    4.87957244992631E-02    4.90617057630132E-02    4.84973572754112E-02    4.65565625225163E-02    4.50063523625182E-02    4.34204052869548E-02    4.28939219351534E-02    4.26380563269003E-02    4.32512712626682E-02    4.48019572979984E-02    4.55605488430353E-02    4.68671802314802E-02    4.62785687113203E-02    4.45033190895823E-02 
 283471.714    21            12            2020          2 
   4.25064973094194E-02    3.83840759670558E-02    3.35138362671875E-02    3.01290636168641E-02    2.88989578317327E-02    2.96334233358024E-02    3.27208607366113E-02    3.66585434913975E-02    4.11802654485925E-02    4.45625060175757E-02    4.65049913564745E-02    4.73728407045315E-02    4.69203767165813E-02    4.58919141763559E-02    4.45219031459079E-02    4.44638030754278E-02    4.42254015884809E-02    4.43503520513514E-02    4.61354659511989E-02    4.73431378401568E-02    4.79170211571356E-02    4.76591105863388E-02    4.63216583324165E-02    4.21839962718908E-02 
 284138.013    22            12            2020          3 
   3.90163574257046E-02    3.49626736123301E-02    3.22144080405919E-02    3.04611646759404E-02    3.12618800377213E-02    3.30516751543818E-02    3.63986848883891E-02    4.02670528656966E-02    4.33822622835316E-02    4.58597561882718E-02    4.65625843428155E-02    4.65417118660923E-02    4.53620749566866E-02    4.46245097492464E-02    4.41559015096917E-02    4.49741658367531E-02    4.56690374980292E-02    4.69217744745227E-02    4.72639689867016E-02    4.71771074513444E-02    4.59647406562423E-02    4.48180432852714E-02    4.25413348391456E-02    .040547128302576 
 275875.738    23            12            2020          4 
   3.87824984835201E-02    3.62079414831506E-02    3.38318080004556E-02    .030602726669235    3.09868231156757E-02    3.09480828477657E-02    3.36769814436346E-02    3.70560326387328E-02    4.13965709819415E-02    4.37069231782173E-02    .046172636450727    4.73509933460513E-02    4.63038910554269E-02    4.71037444888956E-02    .045767343300682    4.56919477445585E-02    4.50549952969224E-02    4.47699406958632E-02    4.49796351394355E-02    4.55810650552297E-02    4.65705312857197E-02    4.64474325268955E-02    4.69471515401075E-02    4.40623007107733E-02 
 279297.228    24            12            2020          5 
   4.17435591289238E-02    3.78947178395824E-02    3.46516135468949E-02    3.12191598431743E-02    3.06089228522078E-02    3.05501187307255E-02    3.30408323659589E-02    3.61156816265466E-02    3.96778379635404E-02    4.20998803568953E-02    4.42014406378212E-02    4.52454183393292E-02    4.54260509781626E-02    4.56708793400556E-02    4.55600647947981E-02    4.59303895015743E-02    4.61089801849466E-02    4.70559999670405E-02    4.73007199374621E-02    4.84228933443353E-02    4.76781670128588E-02    4.69895455055769E-02    4.46838666015153E-02    4.21232614462253E-02 
 301000.693    25            12            2020          6 
   3.56665629213352E-02    3.28282083940667E-02    2.97385145108702E-02    .028170116569715    2.78245213053795E-02    2.93411291093356E-02    3.22622998392067E-02    .036502508229898    4.11719326953094E-02    4.59178338326533E-02    5.01286221291191E-02    5.38868866802742E-02    .057254585529725    5.84743190171825E-02    5.87436160508275E-02    5.68069770295346E-02    5.29229341134773E-02    4.81545396464835E-02    4.43841832678937E-02    4.05333953105716E-02    3.78208775471573E-02    3.59011125785847E-02    3.40422479837115E-02    3.15220769016219E-02 
 258214.411    26            12            2020          7 
   3.45364669695469E-02    3.20081546373297E-02    .030582401903708    2.84217796269221E-02    2.87378607430096E-02    2.94522678674197E-02    3.13058630953018E-02    3.42983684509092E-02    3.77738897590518E-02    4.00984591057546E-02    4.23149885455076E-02    4.37692063738069E-02    4.45933685344347E-02    4.48782085803588E-02    4.52910800951094E-02    4.61277908751673E-02    4.74567229542622E-02    4.91254548555193E-02    5.14537494554283E-02    5.31495111888333E-02    5.34381861654693E-02    5.32220496218257E-02    5.08343816715753E-02    4.71297856561151E-02 
 287535.837    27            12            2020          1 
   3.89577525948531E-02    .035156208795897    .03223259224771    3.04949216208483E-02    3.10081796538808E-02    3.26642639831187E-02    3.60434725187403E-02    3.95964569474691E-02    4.26373618647404E-02    4.48605290394637E-02    4.61649248698694E-02    4.65213648144753E-02    4.62591386695565E-02    4.59228660480415E-02    4.54494298175083E-02    4.52556801913095E-02    4.57861541490218E-02    .045961261397914    4.67704132541746E-02    4.72256961768734E-02    4.66543917108757E-02    .045319463001624    4.31300687909991E-02    3.99274041458439E-02 
 278728.345    28            12            2020          2 
   3.75470978012211E-02    3.42770567689752E-02    3.12821597293056E-02    2.96123446099014E-02    3.00944448426567E-02    3.17268586540328E-02    .034735300748207    3.82955303834904E-02    4.11385868716546E-02    4.33721579507369E-02    4.52927037311634E-02    4.65903802152325E-02    4.72888404456138E-02    4.82830320302551E-02    4.77218056953447E-02    4.73844161160305E-02    4.62929250723496E-02    4.57620121910278E-02    .045441555681662    4.58090099564506E-02    4.63179655546425E-02    4.63613405610488E-02    4.57745692203461E-02    4.35978971803621E-02 
 279329.337    29            12            2020          3 
   4.09263131637154E-02    3.64984921343045E-02    3.33896926233889E-02    2.99348004708507E-02    2.93963036184774E-02    3.06049044044736E-02    3.40465498448969E-02    .038263185629648    4.23908212691601E-02    4.50485787979997E-02    .046697135441998    4.73264294335471E-02    4.72687543188043E-02    4.72091843194043E-02    4.70865692000336E-02    4.61933233694855E-02    4.58265513131995E-02    4.51191789839193E-02    4.49600471297793E-02    .045428240964491    .045565567660684    4.53646224845871E-02    4.39041244025775E-02    4.15506287129178E-02 
 273840.805    30            12            2020          4 
   3.85208481917989E-02    3.53178010783492E-02    3.11916619025696E-02    2.93483645914503E-02    2.90929983851612E-02    3.10371933065271E-02    .034554683776492    3.93470581498072E-02    4.29260721617072E-02    4.58448849334653E-02    .047344112941824    .06282149894991    4.75891087296139E-02    .062284947476144    4.63141356720468E-02    4.61653979090607E-02    3.04675656183252E-02    4.54828474898491E-02    3.07215909451935E-02    4.62023897766989E-02    4.62601260475041E-02    4.57595429509674E-02    4.41584295036399E-02    4.12467383707205E-02 
 280743.778    31            12            2020          5 
   3.70469133947734E-02    3.33945791400585E-02    3.05667497453408E-02    2.85717213929226E-02    2.91290978789965E-02    3.11029614007154E-02    3.51088939026282E-02    3.94211764151724E-02    4.37596519058029E-02    4.68091580744222E-02    4.88723194762129E-02    4.94495389693908E-02    4.88384112225098E-02    4.78362150079868E-02    4.60246348997003E-02    4.50608376606213E-02    4.39865846677375E-02    4.39253181440944E-02    4.47812580562783E-02    4.58218880310769E-02    4.64890437059838E-02    4.64522135264383E-02    4.53965530259677E-02    4.21542727999033E-02 
