 313102.19     1             12            2019          1 
   3.79810508361903E-02    3.54414010117192E-02    3.37908846948659E-02    3.34656239748754E-02    3.47705000931565E-02    3.73526305570954E-02    4.00664073375293E-02    4.32433883946165E-02    4.42978689022424E-02    4.55131925887759E-02    4.52779022451504E-02    4.52158125175522E-02    4.40942300659092E-02    4.36652660579841E-02    4.27709893363809E-02    .042136499503365    4.23311961962802E-02    4.29805355391717E-02    4.39960193188045E-02    4.51684787301392E-02    4.58157127549954E-02    4.52970310088697E-02    4.39065916466442E-02    4.14207911790317E-02 
 300535.55     2             12            2019          2 
   3.96638256220853E-02    3.63438213933842E-02    3.32399937534428E-02    3.19279187083691E-02    3.31211239246488E-02    3.51743401019863E-02    3.91275498907284E-02    .04257057019232    4.49556808618398E-02    4.57123639106505E-02    4.55087917739682E-02    4.42558949400911E-02    4.30586994512796E-02    4.28270134400489E-02    4.26418426986009E-02    4.36214286099016E-02    4.43863294105306E-02    4.55247626123182E-02    4.58937718380987E-02    .046079540470545    4.57496638604817E-02    4.48291066876281E-02    4.31357624019022E-02    4.06501995458607E-02 
 298691.887    3             12            2019          3 
   3.79823850837887E-02    3.46809224056695E-02    3.27930747935748E-02    3.20896299047286E-02    3.37967317147536E-02    3.65818446060187E-02    .040418204742702    4.33142996040348E-02    4.55184777081006E-02    4.59966630366663E-02    4.58432597656226E-02    4.47858822743987E-02    .043134282892533    4.22259864403766E-02    4.17094339467279E-02    4.18035781749824E-02    4.27906491031091E-02    4.44467701542811E-02    4.56029802857518E-02    4.64699932105538E-02    4.68859410142349E-02    4.56978928381473E-02    4.39646680073286E-02    4.14664440808448E-02 
 294151.103    4             12            2019          4 
   3.90704309259806E-02    3.58514718879025E-02    3.35826981254342E-02    .032296920554765    3.29434413488329E-02    3.46855738449755E-02    3.79337350300536E-02    4.07100305540075E-02    4.33690360994074E-02    4.43813041568384E-02    4.48206045769527E-02    4.42493334263479E-02    4.36183300078004E-02    4.29782498873547E-02    4.29758362947138E-02    4.33238219065934E-02    4.40106799091707E-02    4.53597819172974E-02    4.64035661163236E-02    4.68169245654673E-02    4.74236194209936E-02    4.63754495880218E-02    .044738535787294    4.20806158605922E-02 
 294768.387    5             12            2019          5 
   3.87955780378087E-02    .035110345540124    3.27419771940724E-02    3.14632620356266E-02    3.22563834139208E-02    3.47387647388304E-02    .037994575074209    4.11554982785518E-02    4.35211201621326E-02    4.48999967197127E-02    4.56648682964517E-02    4.54467315914206E-02    4.48783530052105E-02    4.41022537308673E-02    .043812162359485    4.32264469359888E-02    4.41280022306547E-02    .044436855021787    4.58862285334299E-02    4.62807086695834E-02    4.69799036817591E-02    4.58419571486307E-02    4.49559728715922E-02    4.16820471480461E-02 
 302040.637    6             12            2019          6 
   3.77166789201365E-02    .034002874917788    3.06210898256134E-02    2.89443668469021E-02    2.92191222755483E-02    3.12556439528864E-02    3.49397347038521E-02    3.90518967340974E-02    4.30759924377742E-02    .046186203585455    4.86480903406137E-02    5.05417426869286E-02    5.33596743774001E-02    5.45730840267696E-02    5.57791187113508E-02    5.49481047044507E-02    .052438673513864    4.82712525957641E-02    4.44922249350755E-02    .040722069217999    3.83486820402994E-02    3.62102267746757E-02    3.44693341659106E-02    3.21841200108944E-02 
 274441.348    7             12            2019          7 
   3.21202973223718E-02    2.94009093531799E-02    2.77599817663272E-02    2.63198794067786E-02    2.73624518984426E-02    2.93559992279298E-02    3.20126674548144E-02    .035075024880635    3.83379175270084E-02    4.05027520955498E-02    4.29228673308823E-02    4.41939971678393E-02    .045397713778993    4.63859037776534E-02    .046310039434865    4.78471997594182E-02    4.89895559237123E-02    5.06276848564561E-02    5.25368366629561E-02    .054148035889029    5.36606110449782E-02    5.26624718576481E-02    .050126884118196    4.59423108742437E-02 
 293503.69     8             12            2019          1 
   3.94751412133013E-02    3.55039157205741E-02    .032710449723179    3.14924902967148E-02    3.23590480242344E-02    3.46808585641206E-02    3.81623815519577E-02    .041165172004524    4.29998353736626E-02    4.39574035892019E-02    4.41030909079031E-02    4.40422054137974E-02    4.40482011327098E-02    4.43702763796598E-02    4.46847887691804E-02    4.50066244535546E-02    4.53026672339281E-02    4.59744472782438E-02    4.61034750161489E-02    4.69428157732446E-02    4.64413580658475E-02    4.58053859721065E-02    4.33847359061312E-02    4.12832297728097E-02 
 275676.519    9             12            2019          2 
   3.93123443145878E-02    3.65896247791238E-02    .033172211539306    3.21790192076533E-02    3.26684047739844E-02    3.57131871263036E-02    3.88471605737303E-02    4.25445384901915E-02    4.50980011138979E-02    4.54345914023965E-02    4.44785449053334E-02    .042998946184051    4.10309891987482E-02    4.01166192937074E-02    4.00545525220267E-02    4.08685160246637E-02    4.17550991734084E-02    4.40554380501573E-02    4.51349662849777E-02    4.75092709281036E-02    .048180563394302    4.88815661518129E-02    4.78721211891191E-02    4.55037288479129E-02 
 280902.036    10            12            2019          3 
   .040959296587966    3.74634506754251E-02    3.38386222683875E-02    3.15992266762175E-02    3.25054172644907E-02    3.41696116313037E-02    3.80425143182746E-02    4.18857761667754E-02    4.50870701581084E-02    4.63752785196972E-02    4.68654857010809E-02    4.62756344061351E-02    4.50159787311937E-02    4.40445372753101E-02    4.35129977072772E-02    4.30014690079089E-02    4.26101932527912E-02    .042748889153655    .043359742126433    4.38414770203018E-02    4.48597333402293E-02    4.51822643217242E-02    4.44131356683189E-02    4.23421984938016E-02 
 285417.66     11            12            2019          4 
   3.88337904857569E-02    3.55152881208805E-02    3.24830541483926E-02    .03159186085402    3.24333462921933E-02    3.49711636459794E-02    3.89014134255918E-02    4.25625366327192E-02    4.51981136827693E-02    4.65504116679833E-02    4.67653960931324E-02    4.56713510868599E-02    4.46458699386804E-02    4.37203485247286E-02    4.32127795795379E-02    4.31632017411344E-02    4.34537230840499E-02    4.42726641207573E-02    .044518654368654    4.53120161148228E-02    4.54285496964781E-02    4.50851932272253E-02    4.39333347816495E-02    4.17759358119256E-02 
 282141.362    12            12            2019          5 
   3.89796809495713E-02    .035714757595742    3.29969336601115E-02    3.16515551896464E-02    3.26623932203709E-02    3.42418319699435E-02    3.71511981587354E-02    3.95943370944403E-02    4.16571328358176E-02    4.28543696984599E-02    .044261323851242    4.48055885036275E-02    4.49230841816451E-02    4.48193781336641E-02    4.42963759555042E-02    4.38280650284005E-02    4.41754086412098E-02    4.53916443189301E-02    4.64809558667704E-02    4.75330520275241E-02    4.79505379226354E-02    4.69325385604486E-02    4.50874348350154E-02    4.20104298029599E-02 
 297694.174    13            12            2019          6 
   3.69578273399885E-02    3.34872623023687E-02    3.10732096374936E-02    2.93402611388945E-02    2.96750839651131E-02    .030631061246642    3.37167835842918E-02    3.69024013308789E-02    4.07287773342938E-02    4.41436244052512E-02    4.78105423785519E-02    5.08429512988219E-02    5.40934000242225E-02    5.60192012482918E-02    5.67246559866334E-02    5.58405625910905E-02    5.30693638286905E-02    4.92273992602136E-02    .045729009683693    4.23332448271645E-02    .039454080817853    3.68250752248934E-02    .034352703218757    3.10215167485525E-02 
 264605.412    14            12            2019          7 
   3.23562455907459E-02    3.00274961431297E-02    2.89290684875996E-02    2.83969063250159E-02    2.91379142490385E-02    3.02978500593036E-02    3.19419974321047E-02    3.44074130098008E-02    3.68485478872688E-02    3.94806732248073E-02    4.15488101923724E-02    4.38238590276358E-02    4.48452280298126E-02    4.57077188036691E-02    4.61101679961104E-02    4.69476399423569E-02    4.83276576581321E-02    5.03877084402284E-02    5.28499389982715E-02    5.43846017818317E-02    .054460337341853    5.30837592996775E-02    4.99438392297509E-02    4.57546194175159E-02 
 280044.025    15            12            2019          1 
   3.90182930835607E-02    3.51502314848085E-02    3.21078527016868E-02    .031058736127516    3.20769667934354E-02    3.49738745876653E-02    3.87584043984245E-02    4.21838667821961E-02    4.48352007443294E-02    4.62545471924013E-02    4.67588973008351E-02    4.72571762377362E-02    4.65128666488242E-02    4.55542318022586E-02    4.42379732191215E-02    4.27800237447041E-02    4.16742684755102E-02    4.20495303428184E-02    .042285029726576    4.42191529360875E-02    4.50551298920768E-02    4.60114074083977E-02    4.52072125646137E-02    4.39791202249361E-02 
 284879.124    16            12            2019          2 
   3.97831182702334E-02    3.67202752411932E-02    3.30600742790827E-02    3.12230218363596E-02    3.09637458892477E-02    3.29841203270742E-02    3.64070187514863E-02    3.98409690123959E-02    4.29968339506162E-02    4.48401767531323E-02    4.51519214996954E-02    4.49238265404189E-02    4.43724345116896E-02    4.32281580755194E-02    4.33907201693112E-02    4.27041111149478E-02    4.33086849648379E-02    4.39308786781267E-02    4.52974224922936E-02    4.66254254262678E-02    4.80434644910134E-02    4.82154672664783E-02    4.72855292697755E-02    4.47026081270525E-02 
 285571.976    17            12            2019          3 
   4.05771957152319E-02    3.63155046757372E-02    3.22585494009136E-02    2.98605967182683E-02    3.01828905484497E-02    3.25791778508144E-02    3.63825610246504E-02    4.13217711661945E-02    4.45321353339394E-02    4.70587497571891E-02    4.78756717897014E-02    4.79989680648846E-02    4.70327670890753E-02    4.62215866859079E-02    4.49972722846499E-02    4.35136886087958E-02    4.29443063758031E-02    4.24977621819411E-02    4.32820468645617E-02    4.43920655674298E-02    4.55444198100779E-02    .04572647630982    4.47113535058934E-02    4.21924812201285E-02 
 279320.863    18            12            2019          4 
   3.91466273200026E-02    3.54743902702588E-02    3.17127657928473E-02    3.01373836153442E-02    3.03512044117342E-02    3.25420092568417E-02    3.54132591569968E-02    3.91784567540968E-02    4.16678163767792E-02    4.41141062720224E-02    4.53517517224895E-02    4.64111782139328E-02    4.61406979481962E-02    4.58880867771055E-02    .044686242447588    4.37450330755458E-02    4.29655335909334E-02    4.41654794821037E-02    .04497974171531    4.74107077518499E-02    4.83975670493059E-02    .048837525766022    4.69178689614657E-02    4.43645707743374E-02 
 292844.349    19            12            2019          5 
   .03804034610422    3.48443123310448E-02    3.17984189774736E-02    3.12435166870422E-02    3.24002311868924E-02    3.52441487770949E-02    3.84781553410221E-02    4.17848927880883E-02    4.35024621059446E-02    4.44769025415358E-02    4.47665788778376E-02    4.45583137772107E-02    4.45574233991365E-02    4.47095880115908E-02    4.49634424704658E-02    .045056358591369    4.58147472866209E-02    .045934094630805    .045943145140518    4.63327372365908E-02    4.55658782780114E-02    4.48063290899887E-02    4.35777574113271E-02    4.16002210390527E-02 
 313071.472    20            12            2019          6 
   3.61935562173324E-02    3.39575483531681E-02    .031377700522726    2.98443826420808E-02    2.99674014263507E-02    3.14133946235526E-02    .034175006934399    3.76931513920406E-02    4.16126712253584E-02    4.49009922135687E-02    4.81902739448582E-02    5.11026449367367E-02    5.41507988709364E-02    5.62221484723782E-02    5.71145914526188E-02    5.62705349874549E-02    5.32201133252729E-02    .048988111805465    4.50194630646912E-02    .041213622844283    3.79777808871228E-02    3.59473190138672E-02    3.30777198047847E-02    .030369066896528 
 275488.147    21            12            2019          7 
   3.18225110765836E-02    2.96093072330758E-02    .028173764172647    2.85836261235316E-02    2.91478057674837E-02    .031350490286475    3.39186588545405E-02    3.68104043261251E-02    3.99066518470303E-02    4.20360006337224E-02    4.40004042850889E-02    4.47713263197581E-02    4.47438856824936E-02    4.46825386125415E-02    .043902215651632    4.49687599501785E-02    4.63529931663902E-02    4.90689710939723E-02    5.13421377458574E-02    5.36774809611863E-02    5.31022130452585E-02    5.23501637599494E-02    4.96265998662458E-02    4.60510929838208E-02 
 300586.91     22            12            2019          1 
   4.22340413958811E-02    3.63588687211961E-02    3.41232749144831E-02    3.20233499345913E-02    .032774049260204    3.47849816755161E-02    3.88874537827096E-02    4.21960493160697E-02    4.54956942611041E-02    4.65389202556259E-02    4.72824980968067E-02    4.63665913784719E-02    4.58234872226721E-02    4.47482567832877E-02    4.39861799766164E-02    4.28717943682661E-02    4.20331356131327E-02    4.16484195088951E-02    4.15878056699142E-02    4.31772969536082E-02    4.37208007182515E-02    4.49764431795283E-02    4.40711472130889E-02    4.22894668176003E-02 
 292324.423    23            12            2019          2 
   3.96680854658268E-02    .03663039800454    .033118427451108    3.20367952810857E-02    3.27408503781174E-02    3.49317388052281E-02    3.84571355535952E-02    4.18324956592833E-02    4.46512482832302E-02    4.62853889200185E-02    4.72911575765344E-02    4.64752130674692E-02    4.60862977248569E-02    .04468049594102    4.38542554546494E-02    4.27540390789979E-02    4.30386216288709E-02    4.26508320955875E-02    4.41940494311691E-02    4.42046193442756E-02    4.52253342053548E-02    4.43789460748803E-02    4.35996755563595E-02    4.12139018508385E-02 
 292589.447    24            12            2019          3 
   3.89690060211741E-02    3.57214514526305E-02    3.35700327041785E-02    3.24868169448623E-02    3.26770165272314E-02    3.52477181159664E-02    3.79940904768004E-02    .041675323189715    4.40758544610548E-02    .045733330374523    4.58363070304532E-02    4.59409258124234E-02    .04470820983036    4.46013681704573E-02    4.37905050226829E-02    4.39543871988999E-02    4.35842780231493E-02    .044474637427072    4.42252779177473E-02    4.53445269956199E-02    .044883880602459    4.51048400091904E-02    .043486531471904    4.19136784519778E-02 
 282799.18     25            12            2019          4 
   3.98285091440594E-02    3.69925399392512E-02    3.37823645740416E-02    3.24189405524001E-02    3.21413135263511E-02    3.42482877613454E-02    3.61408389139424E-02    3.92535096868474E-02    4.13227162590694E-02    4.30455978182999E-02    4.37700345623792E-02    4.49585470310593E-02    4.52422102530053E-02    4.55749192932154E-02    4.58793397082605E-02    4.55907971128576E-02    .045443873756547    4.50477259549957E-02    .045091574705282    4.54356344182115E-02    4.54969149287314E-02    4.57970913593614E-02    4.46279927884692E-02    4.28687248469921E-02 
 279204.282    26            12            2019          5 
   3.95790863645315E-02    3.66013369379485E-02    3.29112534550061E-02    3.07978360278604E-02    3.07308138085343E-02    3.21970831255464E-02    3.48634076296599E-02    3.84561091780193E-02    4.15312055625547E-02    4.40737512690618E-02    4.58393051201038E-02    4.69066239945328E-02    .046216195801843    4.62964251968385E-02    4.42226747663204E-02    4.36804915242579E-02    4.30189680189969E-02    4.42076662941813E-02    4.47439419833558E-02    4.75738766718664E-02    4.77521700457391E-02    4.78857982624887E-02    4.59538430919373E-02    4.39601436755991E-02 
 302427.452    27            12            2019          6 
   3.68871943388013E-02    3.47430108109862E-02    3.12316670133586E-02    2.98347992056207E-02    2.89147438397474E-02    .030479623919855    3.26372501085814E-02    3.68680814130425E-02    4.05764766013619E-02    4.49180782733226E-02    4.83710725915682E-02    5.21285691735501E-02    5.46862751711277E-02    5.67440581997827E-02    5.66100384547763E-02    5.52616520573007E-02    5.13577392913888E-02    .047921775142167    4.37020518736259E-02    4.14772188385035E-02    3.87188739421215E-02    3.76070370444579E-02    3.51029983599587E-02    3.32197342002951E-02 
 265558.144    28            12            2019          7 
   3.42979965422845E-02    3.29270154462858E-02    3.06475262732387E-02    3.09500950748003E-02    3.10971909213505E-02    3.30385729363096E-02    3.40634926663179E-02    3.66822216354717E-02    3.80863471030943E-02    4.01542940618214E-02    4.12792830962379E-02    4.19680961716712E-02    4.23692890609486E-02    4.25883000668773E-02    4.32987656509228E-02    4.49484235056071E-02    4.76740801230144E-02    5.00513733244329E-02    5.25281584790618E-02    5.34656922440307E-02    5.28502321898759E-02    5.11789990518988E-02    4.85403680147068E-02    4.53141810054505E-02 
 289662.929    29            12            2019          1 
   3.80407670323599E-02    3.46523795788345E-02    3.10009911231168E-02    2.89131353655631E-02    2.78669183228267E-02    .029490099081897    3.28743734573211E-02    3.75746035715965E-02    4.22993031291985E-02    4.64476424466798E-02    4.90491137750578E-02    4.98634391829615E-02    5.00950897644465E-02    4.86125375056192E-02    4.76876680666824E-02    4.65395427712377E-02    4.56712551271965E-02    4.53208849291084E-02    4.55052013986747E-02    4.53573396123119E-02    4.57932247497746E-02    .045504820433244    4.38741670203939E-02    .041965499870282 
 288011.116    30            12            2019          2 
   3.90157500954321E-02    3.48182395816365E-02    3.22506642579986E-02    2.97380625341037E-02    3.00950026960071E-02    3.18911573277609E-02    3.59792021230528E-02    3.94179562510792E-02    .043821364308253    4.59883305011915E-02    4.75079929835937E-02    4.74574035733572E-02    4.66128893213882E-02    4.51793678555449E-02    4.39199729696804E-02    4.32770805743397E-02    4.31295168254461E-02    4.41437463421985E-02    4.53744998910476E-02    4.70892232040186E-02    4.74201837371531E-02    4.74886523672406E-02    4.55723377140416E-02    4.28114036968281E-02 
 286863.952    31            12            2019          3 
   3.88957211097667E-02    3.54020782580761E-02    3.10619839629153E-02    2.98364874207426E-02    2.93833960335839E-02    3.17088021735387E-02    3.46550587484586E-02    3.91828951594796E-02    4.15100953500076E-02    .044232606243865    4.50259068114369E-02    4.52368081797622E-02    4.52796509244738E-02    4.54978408360194E-02    4.52404337278844E-02    .04565840325591    4.59590343870568E-02    4.63468488866632E-02    4.68295846616605E-02    4.80644565648928E-02    4.75543538590464E-02    4.77989643142318E-02    4.59371755659369E-02    4.37014140820402E-02 
